2.033827865310570803e-07,4.003650994742379352e-05,2.661540278865138446e-04,1.130059662807977655e-03,0.000000000000000000e+00,0.000000000000000000e+00,0.000000000000000000e+00,0.000000000000000000e+00,0.000000000000000000e+00,0.000000000000000000e+00,0.000000000000000000e+00,0.000000000000000000e+00,0.000000000000000000e+00,0.000000000000000000e+00,0.000000000000000000e+00,0.000000000000000000e+00,0.000000000000000000e+00,0.000000000000000000e+00,0.000000000000000000e+00,0.000000000000000000e+00,0.000000000000000000e+00,0.000000000000000000e+00,0.000000000000000000e+00,0.000000000000000000e+00,0.000000000000000000e+00,0.000000000000000000e+00,0.000000000000000000e+00,0.000000000000000000e+00,0.000000000000000000e+00,0.000000000000000000e+00,0.000000000000000000e+00,0.000000000000000000e+00,0.000000000000000000e+00,0.000000000000000000e+00,0.000000000000000000e+00,0.000000000000000000e+00,0.000000000000000000e+00,0.000000000000000000e+00,0.000000000000000000e+00,0.000000000000000000e+00,0.000000000000000000e+00,0.000000000000000000e+00,0.000000000000000000e+00,0.000000000000000000e+00,0.000000000000000000e+00,0.000000000000000000e+00,0.000000000000000000e+00,0.000000000000000000e+00,0.000000000000000000e+00,0.000000000000000000e+00,0.000000000000000000e+00,0.000000000000000000e+00,0.000000000000000000e+00,0.000000000000000000e+00,5.463170189303132029e-04,9.942561762420361587e-04,1.318595569023187824e-03,1.488796767924755382e-03,1.466725575044515581e-03,1.212818801727150652e-03,6.970290128862755398e-04,0.000000000000000000e+00,0.000000000000000000e+00,0.000000000000000000e+00,0.000000000000000000e+00,0.000000000000000000e+00,0.000000000000000000e+00,0.000000000000000000e+00,0.000000000000000000e+00,0.000000000000000000e+00,0.000000000000000000e+00,0.000000000000000000e+00,0.000000000000000000e+00,0.000000000000000000e+00,0.000000000000000000e+00,0.000000000000000000e+00,0.000000000000000000e+00,0.000000000000000000e+00,0.000000000000000000e+00,0.000000000000000000e+00,0.000000000000000000e+00,0.000000000000000000e+00,0.000000000000000000e+00,3.405731051742479933e-04,1.043374900438039576e-03,1.668422319072865485e-03,2.166844441766698978e-03,2.506994579211411708e-03,2.680241686723836957e-03,2.702675159407273708e-03,2.611936787786573854e-03,2.459225787430604441e-03,2.297901146315223155e-03,2.171729579537996866e-03,2.106661429799841674e-03,2.109237335791433205e-03,2.172157538546351258e-03,2.284265399081394400e-03,2.439839380689810908e-03,2.642153094722035720e-03,2.898865611067320477e-03,3.210937039384874781e-03,3.560291606681849005e-03,3.902749400368464572e-03,4.171046685585180075e-03,4.288826293001942944e-03,4.191912133515176241e-03,3.849898756226213196e-03,3.280294581260931319e-03,2.549501401406204307e-03,1.759024139099998321e-03,1.020221570539249934e-03,4.248845886913877310e-04,2.067687495665611127e-05,0.000000000000000000e+00,0.000000000000000000e+00,0.000000000000000000e+00,0.000000000000000000e+00,0.000000000000000000e+00,0.000000000000000000e+00,0.000000000000000000e+00,0.000000000000000000e+00,0.000000000000000000e+00,0.000000000000000000e+00,0.000000000000000000e+00,0.000000000000000000e+00,0.000000000000000000e+00,0.000000000000000000e+00,0.000000000000000000e+00,0.000000000000000000e+00,0.000000000000000000e+00,0.000000000000000000e+00,0.000000000000000000e+00,0.000000000000000000e+00,0.000000000000000000e+00,0.000000000000000000e+00,0.000000000000000000e+00,0.000000000000000000e+00,1.590423030808607011e-04,2.208418184327182936e-04,9.381880195617506670e-05,0.000000000000000000e+00,0.000000000000000000e+00,0.000000000000000000e+00,0.000000000000000000e+00,0.000000000000000000e+00,0.000000000000000000e+00,0.000000000000000000e+00,0.000000000000000000e+00,0.000000000000000000e+00,0.000000000000000000e+00,0.000000000000000000e+00,0.000000000000000000e+00,0.000000000000000000e+00,0.000000000000000000e+00,0.000000000000000000e+00,0.000000000000000000e+00,0.000000000000000000e+00,0.000000000000000000e+00,5.893576271934607299e-05,2.803628294564712098e-04,5.028984020750848103e-04,7.255141246908983601e-04,9.472145846754077402e-04,1.167021581962225663e-03,1.383961955300865715e-03,1.597051969102230044e-03,0.000000000000000000e+00,0.000000000000000000e+00,0.000000000000000000e+00,2.038872714855528509e-04,3.581343571909425378e-04,2.879870963144370768e-04,0.000000000000000000e+00,0.000000000000000000e+00,0.000000000000000000e+00,0.000000000000000000e+00,0.000000000000000000e+00,0.000000000000000000e+00,0.000000000000000000e+00,0.000000000000000000e+00,0.000000000000000000e+00,0.000000000000000000e+00,1.221472384362100230e-03,3.342223659556547901e-05,0.000000000000000000e+00,0.000000000000000000e+00,0.000000000000000000e+00,0.000000000000000000e+00,0.000000000000000000e+00,0.000000000000000000e+00,0.000000000000000000e+00,0.000000000000000000e+00,0.000000000000000000e+00,0.000000000000000000e+00,0.000000000000000000e+00,0.000000000000000000e+00,0.000000000000000000e+00,0.000000000000000000e+00,0.000000000000000000e+00,0.000000000000000000e+00,0.000000000000000000e+00,0.000000000000000000e+00,0.000000000000000000e+00,0.000000000000000000e+00,0.000000000000000000e+00,0.000000000000000000e+00,0.000000000000000000e+00,0.000000000000000000e+00,0.000000000000000000e+00,0.000000000000000000e+00,0.000000000000000000e+00,0.000000000000000000e+00,0.000000000000000000e+00,0.000000000000000000e+00,0.000000000000000000e+00,0.000000000000000000e+00,0.000000000000000000e+00,0.000000000000000000e+00,0.000000000000000000e+00,0.000000000000000000e+00,0.000000000000000000e+00,0.000000000000000000e+00,4.048316689078235164e-03,0.000000000000000000e+00,8.218442353722082289e-05,7.127699094470586012e-04,1.586730460120680227e-03,1.794315615425136519e-03,2.396914154333091868e-03,2.907006398213017855e-03,3.275999967772409011e-03,3.498345535627033539e-03,3.596818358233458413e-03,3.600464410790187725e-03,3.524923476503168205e-03,3.362838766585390590e-03,3.087247035164274265e-03,2.665296111786945310e-03,2.075639390756874557e-03,1.321827979343772122e-03,4.362551926223337496e-04,0.000000000000000000e+00,0.000000000000000000e+00,0.000000000000000000e+00,0.000000000000000000e+00,0.000000000000000000e+00,0.000000000000000000e+00,0.000000000000000000e+00,0.000000000000000000e+00,0.000000000000000000e+00,0.000000000000000000e+00,0.000000000000000000e+00,0.000000000000000000e+00,0.000000000000000000e+00,0.000000000000000000e+00,0.000000000000000000e+00,0.000000000000000000e+00,0.000000000000000000e+00,0.000000000000000000e+00,0.000000000000000000e+00,0.000000000000000000e+00,0.000000000000000000e+00,0.000000000000000000e+00,0.000000000000000000e+00,0.000000000000000000e+00,0.000000000000000000e+00,0.000000000000000000e+00,0.000000000000000000e+00,0.000000000000000000e+00,0.000000000000000000e+00,0.000000000000000000e+00,0.000000000000000000e+00,0.000000000000000000e+00,0.000000000000000000e+00,0.000000000000000000e+00,0.000000000000000000e+00,0.000000000000000000e+00,0.000000000000000000e+00,0.000000000000000000e+00,0.000000000000000000e+00,0.000000000000000000e+00,0.000000000000000000e+00,0.000000000000000000e+00,0.000000000000000000e+00,0.000000000000000000e+00,0.000000000000000000e+00,0.000000000000000000e+00,0.000000000000000000e+00,0.000000000000000000e+00,0.000000000000000000e+00,0.000000000000000000e+00,7.746625250386944507e-04,1.819145708255071655e-03,2.679119132045549179e-03,3.349281152501511812e-03,3.838044679200716593e-03,4.165736106187836046e-03,4.365777378397095281e-03,4.486082101624602574e-03,4.586618225039348906e-03,4.730669144091082662e-03,8.776732436394015305e-03,0.000000000000000000e+00,0.000000000000000000e+00,0.000000000000000000e+00,0.000000000000000000e+00,0.000000000000000000e+00,0.000000000000000000e+00,0.000000000000000000e+00,0.000000000000000000e+00,0.000000000000000000e+00,0.000000000000000000e+00,0.000000000000000000e+00,0.000000000000000000e+00,0.000000000000000000e+00,0.000000000000000000e+00,0.000000000000000000e+00,0.000000000000000000e+00,0.000000000000000000e+00,0.000000000000000000e+00,0.000000000000000000e+00,0.000000000000000000e+00,0.000000000000000000e+00,4.021620005519439237e-04,8.816682711619400724e-04,1.263105662242412211e-03,2.457118277560967155e-03,9.623791806960232172e-04,7.420903950147577114e-04,7.396332408798601777e-04,9.615066260305641863e-04,1.398333542962072523e-03,2.022997788090017627e-03,2.789397069312724280e-03,5.528042975930707280e-03,0.000000000000000000e+00,0.000000000000000000e+00,0.000000000000000000e+00,0.000000000000000000e+00,0.000000000000000000e+00,0.000000000000000000e+00,0.000000000000000000e+00,0.000000000000000000e+00,0.000000000000000000e+00,0.000000000000000000e+00,0.000000000000000000e+00,0.000000000000000000e+00,0.000000000000000000e+00,0.000000000000000000e+00,0.000000000000000000e+00,0.000000000000000000e+00,0.000000000000000000e+00,0.000000000000000000e+00,0.000000000000000000e+00,0.000000000000000000e+00,0.000000000000000000e+00,0.000000000000000000e+00,0.000000000000000000e+00,0.000000000000000000e+00,4.896398125492719454e-04,2.344932178088443824e-03,3.906373943206517541e-03,5.045165198944379092e-03,5.698204130865051550e-03,5.876052061254855019e-03,5.653817156633459892e-03,5.148088387791138927e-03,4.487354190228919244e-03,3.784864749063448185e-03,3.121068457794711273e-03,2.538502031805740973e-03,2.047346235074626666e-03,1.636873586714866421e-03,1.287537321759405200e-03,9.801478391729997585e-04,7.009929959629371222e-04,4.435698193468105540e-04,4.124705173762143124e-04,4.089161154542983023e-04,3.995601229432694732e-04,3.852408909952080248e-04,3.666138889214709453e-04,3.441485047221203930e-04,3.181323626228716134e-04,2.886930714041660768e-04,2.558235733370816073e-04,2.194204061099557597e-04,2.789449438778642595e-04,2.806186542188846889e-04,1.507449940290906667e-04,3.545785765844895640e-05,0.000000000000000000e+00,0.000000000000000000e+00,0.000000000000000000e+00,0.000000000000000000e+00,0.000000000000000000e+00,0.000000000000000000e+00,0.000000000000000000e+00,0.000000000000000000e+00
4.325711719547440136e-08,1.647737653756374369e-04,6.013611957612851298e-04,1.276730513833054456e-03,2.128752100250660452e-03,0.000000000000000000e+00,0.000000000000000000e+00,0.000000000000000000e+00,0.000000000000000000e+00,0.000000000000000000e+00,0.000000000000000000e+00,0.000000000000000000e+00,0.000000000000000000e+00,0.000000000000000000e+00,0.000000000000000000e+00,0.000000000000000000e+00,0.000000000000000000e+00,0.000000000000000000e+00,0.000000000000000000e+00,0.000000000000000000e+00,0.000000000000000000e+00,0.000000000000000000e+00,0.000000000000000000e+00,0.000000000000000000e+00,0.000000000000000000e+00,0.000000000000000000e+00,0.000000000000000000e+00,0.000000000000000000e+00,0.000000000000000000e+00,0.000000000000000000e+00,0.000000000000000000e+00,3.595134720932456656e-05,1.656644617025403133e-04,3.144078441750000315e-04,3.248551650828400091e-04,0.000000000000000000e+00,0.000000000000000000e+00,0.000000000000000000e+00,0.000000000000000000e+00,0.000000000000000000e+00,0.000000000000000000e+00,0.000000000000000000e+00,0.000000000000000000e+00,3.179892815262093755e-04,1.440850018959561815e-03,2.622907021733833759e-03,3.902034566271000982e-03,3.526751892324414290e-03,3.820247367210252362e-03,3.952310413175432781e-03,3.878638318546791166e-03,3.590396950835017097e-03,0.000000000000000000e+00,0.000000000000000000e+00,0.000000000000000000e+00,0.000000000000000000e+00,0.000000000000000000e+00,0.000000000000000000e+00,1.024403703596848709e-04,3.249679093733759145e-03,5.821171796348440246e-05,4.095372649439021911e-05,3.176220790774792813e-05,9.374599986545703589e-04,3.511118569174612961e-03,2.277807995006564737e-03,2.552511760417990223e-03,2.465122133229522179e-03,2.368511857682310817e-03,0.000000000000000000e+00,0.000000000000000000e+00,0.000000000000000000e+00,0.000000000000000000e+00,0.000000000000000000e+00,0.000000000000000000e+00,0.000000000000000000e+00,0.000000000000000000e+00,4.491098406768398812e-04,1.127821164304991693e-03,1.833111645769548194e-03,2.437454753230225511e-03,2.840944122525300864e-03,0.000000000000000000e+00,0.000000000000000000e+00,0.000000000000000000e+00,0.000000000000000000e+00,0.000000000000000000e+00,0.000000000000000000e+00,0.000000000000000000e+00,0.000000000000000000e+00,0.000000000000000000e+00,0.000000000000000000e+00,0.000000000000000000e+00,0.000000000000000000e+00,0.000000000000000000e+00,0.000000000000000000e+00,0.000000000000000000e+00,0.000000000000000000e+00,0.000000000000000000e+00,0.000000000000000000e+00,0.000000000000000000e+00,0.000000000000000000e+00,0.000000000000000000e+00,0.000000000000000000e+00,0.000000000000000000e+00,0.000000000000000000e+00,4.335917159134609493e-05,8.562712964182522769e-04,0.000000000000000000e+00,1.426195842175806145e-04,7.533083372259953428e-04,1.435911013232628970e-03,1.393566800479041938e-03,1.379954753274288941e-03,1.358686873341643370e-03,1.331310341271009327e-03,1.299549094233042480e-03,1.265255305623732554e-03,1.230355304346196716e-03,1.196792299804573002e-03,1.166466739576050475e-03,1.294097985578106669e-03,1.903889531399274599e-03,2.271711049239881312e-03,2.405536200193306596e-03,2.331913560067277839e-03,2.089585453563026687e-03,1.725455669736406612e-03,1.291502550865060960e-03,1.262819120924749908e-03,1.323829556807181633e-03,1.393137463827184364e-03,1.469330034744994670e-03,1.550763007035002063e-03,1.635612735300151542e-03,1.721930872715239039e-03,2.402067630776590600e-03,4.289296018800459187e-03,0.000000000000000000e+00,0.000000000000000000e+00,0.000000000000000000e+00,0.000000000000000000e+00,0.000000000000000000e+00,0.000000000000000000e+00,0.000000000000000000e+00,0.000000000000000000e+00,0.000000000000000000e+00,0.000000000000000000e+00,0.000000000000000000e+00,0.000000000000000000e+00,0.000000000000000000e+00,0.000000000000000000e+00,0.000000000000000000e+00,0.000000000000000000e+00,0.000000000000000000e+00,0.000000000000000000e+00,0.000000000000000000e+00,0.000000000000000000e+00,0.000000000000000000e+00,0.000000000000000000e+00,0.000000000000000000e+00,2.232270870949910890e-03,1.182084764219240205e-05,0.000000000000000000e+00,0.000000000000000000e+00,0.000000000000000000e+00,0.000000000000000000e+00,0.000000000000000000e+00,0.000000000000000000e+00,0.000000000000000000e+00,7.291314478034028072e-04,1.645950034234644173e-03,2.316513284125069905e-03,2.698775067886895369e-03,2.806438076837621410e-03,2.700711340277894574e-03,2.469314358185986311e-03,2.198485943717954066e-03,1.946832531224306417e-03,1.729681797679887044e-03,1.519007223461531133e-03,1.258343328461046648e-03,8.866626608053951872e-04,3.621216719034902817e-04,0.000000000000000000e+00,0.000000000000000000e+00,0.000000000000000000e+00,0.000000000000000000e+00,0.000000000000000000e+00,0.000000000000000000e+00,0.000000000000000000e+00,0.000000000000000000e+00,0.000000000000000000e+00,0.000000000000000000e+00,0.000000000000000000e+00,0.000000000000000000e+00,0.000000000000000000e+00,0.000000000000000000e+00,0.000000000000000000e+00,0.000000000000000000e+00,0.000000000000000000e+00,0.000000000000000000e+00,0.000000000000000000e+00,0.000000000000000000e+00,0.000000000000000000e+00,0.000000000000000000e+00,0.000000000000000000e+00,0.000000000000000000e+00,0.000000000000000000e+00,0.000000000000000000e+00,0.000000000000000000e+00,2.201442370047504318e-04,6.216344839681896663e-04,4.632091967049796651e-03,1.667264479031562580e-03,0.000000000000000000e+00,0.000000000000000000e+00,0.000000000000000000e+00,0.000000000000000000e+00,0.000000000000000000e+00,0.000000000000000000e+00,0.000000000000000000e+00,0.000000000000000000e+00,0.000000000000000000e+00,2.876576992578424663e-04,6.113919202497314267e-04,9.021751663496251159e-04,1.130747033054503668e-03,1.271453200009895227e-03,1.304756767441255525e-03,1.218874199431398912e-03,1.010633311984784942e-03,6.855649810360040040e-04,2.572572577682500435e-04,0.000000000000000000e+00,0.000000000000000000e+00,0.000000000000000000e+00,0.000000000000000000e+00,0.000000000000000000e+00,0.000000000000000000e+00,0.000000000000000000e+00,0.000000000000000000e+00,0.000000000000000000e+00,0.000000000000000000e+00,0.000000000000000000e+00,0.000000000000000000e+00,0.000000000000000000e+00,7.506484225364694904e-04,1.761319351787182189e-03,2.611735485909648467e-03,3.210753284556703505e-03,3.504438983905258827e-03,3.487998268634094970e-03,3.206587045212982556e-03,2.743418342875291599e-03,2.197863745077416418e-03,1.660123118696254976e-03,1.190771281027410517e-03,8.120411822307443831e-04,5.133588238393358349e-04,2.681431280312621709e-04,5.449831808811862190e-05,0.000000000000000000e+00,2.574138885706719676e-04,9.850886640668341399e-04,0.000000000000000000e+00,7.381546666995433175e-04,5.561818648039861196e-04,1.146033322857346187e-03,1.812434094710745677e-03,2.478902941734139297e-03,3.067747889331966151e-03,3.512487880683865579e-03,3.765596829309347717e-03,3.800828056611257801e-03,3.611175433463839363e-03,3.204620792554777053e-03,2.599878118799847041e-03,1.823553510871342952e-03,9.088337291675785889e-04,0.000000000000000000e+00,0.000000000000000000e+00,0.000000000000000000e+00,0.000000000000000000e+00,0.000000000000000000e+00,0.000000000000000000e+00,0.000000000000000000e+00,0.000000000000000000e+00,0.000000000000000000e+00,0.000000000000000000e+00,0.000000000000000000e+00,0.000000000000000000e+00,0.000000000000000000e+00,0.000000000000000000e+00,0.000000000000000000e+00,0.000000000000000000e+00,0.000000000000000000e+00,0.000000000000000000e+00,0.000000000000000000e+00,0.000000000000000000e+00,0.000000000000000000e+00,0.000000000000000000e+00,0.000000000000000000e+00,0.000000000000000000e+00,0.000000000000000000e+00,0.000000000000000000e+00,0.000000000000000000e+00,0.000000000000000000e+00,1.845670248999294050e-04,8.404542711516575781e-04,1.454935285373724517e-03,2.031706776120091248e-03,2.585742308241826409e-03,3.134192851529277700e-03,3.684684970078559284e-03,4.225788798874838097e-03,4.723801846761835690e-03,5.127555032715356252e-03,5.379840979268722852e-03,5.431635494877741846e-03,5.254642920953647017e-03,4.848794578546752193e-03,4.243376722344652935e-03,3.492369030730863109e-03,2.665577667131803063e-03,1.837358435692565883e-03,1.220336954331656485e-03,1.124914513880767011e-03,1.589807460294981323e-03,2.192197172689275535e-03,2.754204195329454548e-03,3.284412407791551837e-03,3.809493172497124824e-03,4.357852684012310934e-03,4.943054631972439335e-03,5.552614573408402344e-03,6.145269894740511794e-03,6.656628539671497098e-03,7.010654788917920419e-03,7.133717915196691357e-03,6.968657142786717842e-03,6.487351561527160415e-03,5.700526772096408540e-03,4.662817990133787983e-03,3.470406757794384633e-03,2.249236196318100608e-03,1.134315973002084392e-03,2.441211677067744415e-04,0.000000000000000000e+00,0.000000000000000000e+00,0.000000000000000000e+00,0.000000000000000000e+00,0.000000000000000000e+00,2.305177644750334228e-04,3.573634107823595442e-04,2.624068570263508415e-04,0.000000000000000000e+00,0.000000000000000000e+00,0.000000000000000000e+00,0.000000000000000000e+00,0.000000000000000000e+00,0.000000000000000000e+00,0.000000000000000000e+00,0.000000000000000000e+00,0.000000000000000000e+00,0.000000000000000000e+00,0.000000000000000000e+00,4.516000735194720446e-06,1.323816554531607060e-04,2.488664501986241335e-04,3.517836394160003344e-04,4.391568296031638972e-04,5.829251272061807898e-04,1.040016173391247701e-03,1.570418636610743145e-03,2.143593567346809784e-03,2.711925163762342675e-03,3.221971610790684646e-03,3.625909657511718325e-03,3.889299904567903796e-03,7.688990112885440292e-03,0.000000000000000000e+00,0.000000000000000000e+00,0.000000000000000000e+00,0.000000000000000000e+00,0.000000000000000000e+00,0.000000000000000000e+00,0.000000000000000000e+00,0.000000000000000000e+00,1.347438635703858759e-04,1.008922396814418334e-03,0.000000000000000000e+00,0.000000000000000000e+00,0.000000000000000000e+00,0.000000000000000000e+00,0.000000000000000000e+00,0.000000000000000000e+00,0.000000000000000000e+00,0.000000000000000000e+00,0.000000000000000000e+00
1.769740694888132038e-07,2.559459771063213535e-04,4.032834932870252081e-04,4.481440916579580627e-04,4.240596838937387997e-04,3.831692388762947656e-04,3.826461944858859958e-04,4.700528974790480472e-04,6.717481907424489689e-04,9.875621024395420805e-04,1.393046526708756469e-03,1.848243507735549849e-03,2.309932944111347478e-03,2.743301155164998978e-03,3.129337970711349240e-03,3.465772670619267359e-03,3.761565167331966560e-03,4.027162747502739323e-03,4.264206926293756528e-03,4.458730476392822918e-03,4.580856453075473310e-03,4.591831269208119549e-03,4.456520929659160690e-03,4.157282231429508361e-03,3.704266673668355370e-03,0.000000000000000000e+00,0.000000000000000000e+00,0.000000000000000000e+00,9.518180708363578298e-04,1.872617274939246748e-03,2.715900236984934539e-03,3.442176501086250534e-03,4.022803633011994527e-03,4.444923230886929297e-03,4.710891823386136219e-03,4.831596684221604356e-03,4.816521141857894178e-03,4.665399606253600902e-03,4.365434737746466849e-03,3.894934539618488418e-03,3.230786494171730694e-03,2.355703710340715292e-03,1.262412032200826723e-03,0.000000000000000000e+00,0.000000000000000000e+00,0.000000000000000000e+00,0.000000000000000000e+00,0.000000000000000000e+00,0.000000000000000000e+00,0.000000000000000000e+00,0.000000000000000000e+00,0.000000000000000000e+00,0.000000000000000000e+00,0.000000000000000000e+00,0.000000000000000000e+00,0.000000000000000000e+00,0.000000000000000000e+00,0.000000000000000000e+00,0.000000000000000000e+00,0.000000000000000000e+00,0.000000000000000000e+00,0.000000000000000000e+00,0.000000000000000000e+00,0.000000000000000000e+00,0.000000000000000000e+00,0.000000000000000000e+00,0.000000000000000000e+00,0.000000000000000000e+00,0.000000000000000000e+00,0.000000000000000000e+00,0.000000000000000000e+00,0.000000000000000000e+00,0.000000000000000000e+00,0.000000000000000000e+00,0.000000000000000000e+00,0.000000000000000000e+00,0.000000000000000000e+00,0.000000000000000000e+00,0.000000000000000000e+00,0.000000000000000000e+00,0.000000000000000000e+00,0.000000000000000000e+00,0.000000000000000000e+00,0.000000000000000000e+00,0.000000000000000000e+00,0.000000000000000000e+00,0.000000000000000000e+00,7.357371045984908726e-04,1.294992647276541195e-03,0.000000000000000000e+00,0.000000000000000000e+00,0.000000000000000000e+00,0.000000000000000000e+00,0.000000000000000000e+00,0.000000000000000000e+00,0.000000000000000000e+00,2.800860187307318378e-04,1.153751521993652681e-03,2.208636595635775010e-03,3.355528730771174025e-03,4.449797926526535309e-03,0.000000000000000000e+00,0.000000000000000000e+00,0.000000000000000000e+00,0.000000000000000000e+00,0.000000000000000000e+00,0.000000000000000000e+00,0.000000000000000000e+00,0.000000000000000000e+00,1.303202043121466517e-03,2.474307040437051519e-03,3.421150385736095381e-03,4.144746486342747692e-03,4.663074818422048573e-03,4.998786832613978486e-03,5.131453457806135245e-03,1.672739173159194142e-03,1.131807640535975471e-03,6.299036537495333659e-04,2.197312546906508672e-04,0.000000000000000000e+00,0.000000000000000000e+00,0.000000000000000000e+00,2.011530139181674897e-06,2.061370583395714365e-04,3.730745359008147042e-04,4.029151047140026604e-04,2.081058640997007151e-04,0.000000000000000000e+00,0.000000000000000000e+00,0.000000000000000000e+00,0.000000000000000000e+00,0.000000000000000000e+00,0.000000000000000000e+00,0.000000000000000000e+00,0.000000000000000000e+00,0.000000000000000000e+00,0.000000000000000000e+00,4.847309590689890505e-04,1.081337087256501643e-03,1.532246992005359063e-03,1.785730937047048808e-03,1.799684730282619712e-03,1.550559119961564302e-03,1.464679168544005339e-03,1.524007045352268564e-03,1.242877322017072817e-03,6.634572359556228796e-04,5.487682691685346714e-05,1.039228274396321506e-04,1.516978127146057995e-04,3.478552665024309699e-03,2.274453874896550237e-03,0.000000000000000000e+00,0.000000000000000000e+00,8.288937181391017135e-04,1.843266475452947284e-03,2.645339483117081520e-03,3.177529631816791711e-03,3.433007861446665809e-03,3.446493754395939073e-03,3.278702188065065349e-03,2.999546170625174649e-03,2.674055068779165358e-03,6.375652666396792664e-03,0.000000000000000000e+00,0.000000000000000000e+00,0.000000000000000000e+00,0.000000000000000000e+00,0.000000000000000000e+00,0.000000000000000000e+00,0.000000000000000000e+00,0.000000000000000000e+00,0.000000000000000000e+00,0.000000000000000000e+00,0.000000000000000000e+00,0.000000000000000000e+00,0.000000000000000000e+00,0.000000000000000000e+00,0.000000000000000000e+00,0.000000000000000000e+00,0.000000000000000000e+00,0.000000000000000000e+00,0.000000000000000000e+00,0.000000000000000000e+00,0.000000000000000000e+00,0.000000000000000000e+00,0.000000000000000000e+00,0.000000000000000000e+00,0.000000000000000000e+00,0.000000000000000000e+00,0.000000000000000000e+00,0.000000000000000000e+00,0.000000000000000000e+00,0.000000000000000000e+00,0.000000000000000000e+00,0.000000000000000000e+00,0.000000000000000000e+00,9.474339551198876063e-04,2.671093267985723708e-03,3.016838337231074431e-04,5.872346811458068134e-04,9.051774792531658634e-04,1.253790846607438086e-03,1.619948222963187587e-03,1.973515663086944198e-03,0.000000000000000000e+00,0.000000000000000000e+00,0.000000000000000000e+00,0.000000000000000000e+00,0.000000000000000000e+00,0.000000000000000000e+00,0.000000000000000000e+00,0.000000000000000000e+00,0.000000000000000000e+00,2.024956704781360832e-04,3.659010970205758915e-04,3.239118758612626633e-04,6.862178177233120297e-05,0.000000000000000000e+00,0.000000000000000000e+00,0.000000000000000000e+00,0.000000000000000000e+00,0.000000000000000000e+00,0.000000000000000000e+00,0.000000000000000000e+00,0.000000000000000000e+00,0.000000000000000000e+00,0.000000000000000000e+00,0.000000000000000000e+00,0.000000000000000000e+00,0.000000000000000000e+00,0.000000000000000000e+00,0.000000000000000000e+00,0.000000000000000000e+00,0.000000000000000000e+00,0.000000000000000000e+00,0.000000000000000000e+00,0.000000000000000000e+00,0.000000000000000000e+00,0.000000000000000000e+00,0.000000000000000000e+00,2.922925662691121533e-04,5.901115117526021430e-04,6.775090825046407817e-04,5.558562637301897851e-04,2.530087960996616576e-04,0.000000000000000000e+00,0.000000000000000000e+00,0.000000000000000000e+00,0.000000000000000000e+00,0.000000000000000000e+00,0.000000000000000000e+00,0.000000000000000000e+00,7.138847988279957467e-04,1.487002168888716235e-03,2.227118319298356137e-03,2.887889711736217960e-03,3.415119633158423575e-03,3.756071688064570747e-03,3.868199378604515043e-03,3.725128227945536871e-03,3.319928963103655623e-03,2.667152093207480687e-03,2.350998026380259932e-03,2.145527380477742999e-03,1.878839457046589147e-03,1.553754514541853858e-03,1.174791219683048995e-03,7.549034696371333467e-04,3.199803392165089227e-04,0.000000000000000000e+00,0.000000000000000000e+00,0.000000000000000000e+00,0.000000000000000000e+00,6.186924987634940523e-04,1.591693584434752257e-03,2.320779078010170183e-03,2.701922984452189737e-03,2.687518821234597972e-03,3.125661151676712053e-03,3.692652447093831402e-03,3.947459422038836555e-03,3.823990196455955004e-03,4.307131951265650086e-03,0.000000000000000000e+00,0.000000000000000000e+00,0.000000000000000000e+00,4.790914315729867773e-04,0.000000000000000000e+00,0.000000000000000000e+00,0.000000000000000000e+00,0.000000000000000000e+00,0.000000000000000000e+00,0.000000000000000000e+00,0.000000000000000000e+00,0.000000000000000000e+00,0.000000000000000000e+00,0.000000000000000000e+00,0.000000000000000000e+00,0.000000000000000000e+00,0.000000000000000000e+00,0.000000000000000000e+00,0.000000000000000000e+00,0.000000000000000000e+00,0.000000000000000000e+00,0.000000000000000000e+00,0.000000000000000000e+00,0.000000000000000000e+00,0.000000000000000000e+00,0.000000000000000000e+00,0.000000000000000000e+00,0.000000000000000000e+00,0.000000000000000000e+00,0.000000000000000000e+00,0.000000000000000000e+00,0.000000000000000000e+00,0.000000000000000000e+00,0.000000000000000000e+00,0.000000000000000000e+00,0.000000000000000000e+00,2.645803106063989633e-05,5.367897158868556006e-05,7.964146708572811934e-05,1.042983907357400517e-04,1.277444662328911635e-04,1.502257796823176295e-04,1.721477824927215416e-04,1.940692602387655429e-04,2.166949456899204931e-04,5.725823167584005160e-04,9.546281161919735860e-04,1.336159328889417828e-03,1.711565116949422980e-03,2.063104129629397127e-03,2.362095713192999703e-03,2.571480715809735390e-03,2.650619557693900934e-03,2.562969714063932994e-03,2.286137665047495958e-03,1.822153174619764145e-03,1.204546220054472823e-03,9.715969758955847468e-04,1.083170726401048957e-03,1.201006525650074805e-03,1.323874234358155553e-03,1.450362144824717285e-03,1.578921660360191066e-03,1.707917896852977069e-03,1.835683452584999922e-03,1.960573273220682367e-03,2.081015378738022576e-03,2.195562346996455735e-03,2.302929873808831282e-03,2.402032238137680707e-03,2.492004163702488551e-03,2.572213046591889478e-03,2.642262409708577651e-03,2.701980400630107308e-03,2.751404614422980205e-03,2.790752263327700433e-03,2.820390476586408669e-03,2.840799590702949417e-03,2.852535413321389927e-03,2.856193709317768944e-03,4.118726549849103385e-03,7.648586231574008447e-06,0.000000000000000000e+00,0.000000000000000000e+00,0.000000000000000000e+00,0.000000000000000000e+00,0.000000000000000000e+00,0.000000000000000000e+00,0.000000000000000000e+00,0.000000000000000000e+00,0.000000000000000000e+00,0.000000000000000000e+00,0.000000000000000000e+00,0.000000000000000000e+00,0.000000000000000000e+00,0.000000000000000000e+00,0.000000000000000000e+00,0.000000000000000000e+00,0.000000000000000000e+00,0.000000000000000000e+00,0.000000000000000000e+00,0.000000000000000000e+00,0.000000000000000000e+00,0.000000000000000000e+00,0.000000000000000000e+00,0.000000000000000000e+00,0.000000000000000000e+00,0.000000000000000000e+00,0.000000000000000000e+00,0.000000000000000000e+00,0.000000000000000000e+00,0.000000000000000000e+00,0.000000000000000000e+00,0.000000000000000000e+00,0.000000000000000000e+00
3.583011539720089123e-08,2.442163343937402988e-04,6.677782814763134510e-04,1.194287676348588286e-03,1.732189893040193742e-03,2.199264368903551189e-03,2.540125615930803171e-03,2.731756849825088020e-03,2.777423144983396600e-03,2.694117428442511283e-03,2.500748108214802257e-03,2.212709949996783700e-03,1.844278875340510989e-03,1.415882414473382299e-03,9.609048762789185140e-04,5.272594254294888120e-04,1.717997551307867709e-04,0.000000000000000000e+00,0.000000000000000000e+00,3.161262136790275718e-05,3.315165194894425810e-04,7.506151962416106847e-04,1.221656948228935042e-03,1.670162914356835030e-03,2.028033428026895010e-03,2.244306053040281534e-03,2.290471704723536991e-03,2.159620112978875069e-03,1.860817096996548667e-03,1.411621699889717202e-03,1.455260581724354988e-04,9.833963894095188330e-04,0.000000000000000000e+00,0.000000000000000000e+00,0.000000000000000000e+00,3.485658388410841128e-04,1.089340013122205202e-03,1.840342492872574587e-03,2.531505649499242883e-03,3.116790562886947048e-03,3.579451170707748271e-03,3.927342563090542409e-03,4.180776563823799911e-03,4.358044958470418638e-03,4.464220674124348004e-03,4.487158416411421609e-03,4.401610233436633983e-03,4.179343105236306075e-03,3.801192029225442491e-03,3.266701366042816610e-03,2.598210195276097478e-03,1.838329427104592236e-03,1.041965449349866292e-03,7.009954250092903950e-04,5.412525457721323362e-04,3.398464004475002854e-04,8.563760443889915344e-05,0.000000000000000000e+00,0.000000000000000000e+00,0.000000000000000000e+00,0.000000000000000000e+00,0.000000000000000000e+00,0.000000000000000000e+00,0.000000000000000000e+00,0.000000000000000000e+00,0.000000000000000000e+00,0.000000000000000000e+00,3.468247327901634270e-04,7.941470606562566403e-04,1.086695439976148765e-03,1.190433772115773734e-03,1.105690856659319972e-03,8.669219844424000919e-04,5.326705768311236185e-04,1.685182126438045168e-04,0.000000000000000000e+00,0.000000000000000000e+00,0.000000000000000000e+00,0.000000000000000000e+00,0.000000000000000000e+00,0.000000000000000000e+00,0.000000000000000000e+00,0.000000000000000000e+00,0.000000000000000000e+00,0.000000000000000000e+00,0.000000000000000000e+00,0.000000000000000000e+00,0.000000000000000000e+00,0.000000000000000000e+00,5.058730375002559520e-05,9.223645726789411140e-05,1.172487550315708338e-04,1.624065135346700322e-04,1.620777344198366969e-03,2.955999451863540028e-03,0.000000000000000000e+00,0.000000000000000000e+00,0.000000000000000000e+00,0.000000000000000000e+00,0.000000000000000000e+00,0.000000000000000000e+00,0.000000000000000000e+00,0.000000000000000000e+00,0.000000000000000000e+00,0.000000000000000000e+00,0.000000000000000000e+00,0.000000000000000000e+00,0.000000000000000000e+00,0.000000000000000000e+00,0.000000000000000000e+00,4.979390839335368774e-03,1.454054527642563248e-04,0.000000000000000000e+00,9.229557970569217005e-04,0.000000000000000000e+00,0.000000000000000000e+00,0.000000000000000000e+00,0.000000000000000000e+00,0.000000000000000000e+00,0.000000000000000000e+00,2.836958964898984774e-05,1.097376272381532427e-03,0.000000000000000000e+00,0.000000000000000000e+00,0.000000000000000000e+00,0.000000000000000000e+00,7.382616014213976398e-04,1.843851826738962746e-03,0.000000000000000000e+00,0.000000000000000000e+00,0.000000000000000000e+00,0.000000000000000000e+00,0.000000000000000000e+00,0.000000000000000000e+00,0.000000000000000000e+00,0.000000000000000000e+00,0.000000000000000000e+00,0.000000000000000000e+00,0.000000000000000000e+00,3.334411766296857798e-04,1.549561428619398084e-03,0.000000000000000000e+00,0.000000000000000000e+00,0.000000000000000000e+00,0.000000000000000000e+00,0.000000000000000000e+00,0.000000000000000000e+00,0.000000000000000000e+00,0.000000000000000000e+00,0.000000000000000000e+00,0.000000000000000000e+00,0.000000000000000000e+00,0.000000000000000000e+00,0.000000000000000000e+00,0.000000000000000000e+00,0.000000000000000000e+00,1.372639904056335586e-03,3.296713912309422612e-03,0.000000000000000000e+00,0.000000000000000000e+00,0.000000000000000000e+00,0.000000000000000000e+00,0.000000000000000000e+00,0.000000000000000000e+00,0.000000000000000000e+00,0.000000000000000000e+00,0.000000000000000000e+00,9.080753772726528382e-04,0.000000000000000000e+00,0.000000000000000000e+00,0.000000000000000000e+00,0.000000000000000000e+00,0.000000000000000000e+00,0.000000000000000000e+00,0.000000000000000000e+00,0.000000000000000000e+00,0.000000000000000000e+00,0.000000000000000000e+00,0.000000000000000000e+00,0.000000000000000000e+00,0.000000000000000000e+00,0.000000000000000000e+00,0.000000000000000000e+00,3.765710376444043818e-04,1.050687095855493700e-03,1.630913496416572890e-03,2.104864469359125478e-03,2.475894260652822428e-03,2.756481286080032355e-03,2.959973250867667209e-03,3.130009222631091517e-03,3.439621965400868533e-03,3.632285693636113678e-03,3.717375740107553127e-03,3.700677396472769418e-03,3.581716019685189656e-03,3.357144090264009215e-03,3.028511707929181212e-03,2.610640368322906905e-03,2.136284277950532828e-03,1.654082006031927640e-03,1.219452643083680484e-03,8.810180396955541492e-04,6.670580460741531688e-04,5.766612341716960454e-04,5.786550430494779044e-04,6.188081356416488344e-04,6.332789975864509769e-04,5.646108342802796292e-04,3.761343654675133224e-04,6.128189070959627421e-05,0.000000000000000000e+00,0.000000000000000000e+00,0.000000000000000000e+00,0.000000000000000000e+00,0.000000000000000000e+00,0.000000000000000000e+00,0.000000000000000000e+00,0.000000000000000000e+00,0.000000000000000000e+00,0.000000000000000000e+00,3.478589247482781585e-04,1.199867932361966790e-03,2.071539226202169688e-03,2.926202033743859846e-03,3.729954757576472209e-03,4.453296594827339978e-03,5.070375945371743791e-03,5.557345804648381772e-03,1.525112732459261338e-03,1.280434800240922138e-03,9.687115384449622576e-04,6.311718152305451036e-04,3.064979938143863386e-04,2.008704345631943751e-05,0.000000000000000000e+00,0.000000000000000000e+00,0.000000000000000000e+00,0.000000000000000000e+00,1.404795598461337910e-03,0.000000000000000000e+00,0.000000000000000000e+00,0.000000000000000000e+00,0.000000000000000000e+00,0.000000000000000000e+00,0.000000000000000000e+00,0.000000000000000000e+00,0.000000000000000000e+00,7.111360217817192832e-03,0.000000000000000000e+00,0.000000000000000000e+00,0.000000000000000000e+00,2.873006019200242305e-04,0.000000000000000000e+00,0.000000000000000000e+00,2.622781104765289787e-04,0.000000000000000000e+00,1.014589840984231838e-04,3.379724112755186556e-04,5.417891469077111338e-04,8.026920368111914970e-04,0.000000000000000000e+00,0.000000000000000000e+00,0.000000000000000000e+00,3.693383461238264657e-04,7.030122137573111517e-04,1.654206798938437839e-03,0.000000000000000000e+00,0.000000000000000000e+00,0.000000000000000000e+00,0.000000000000000000e+00,0.000000000000000000e+00,0.000000000000000000e+00,0.000000000000000000e+00,0.000000000000000000e+00,7.507488983566529316e-04,0.000000000000000000e+00,0.000000000000000000e+00,0.000000000000000000e+00,0.000000000000000000e+00,0.000000000000000000e+00,0.000000000000000000e+00,0.000000000000000000e+00,0.000000000000000000e+00,0.000000000000000000e+00,2.514840987499200858e-04,1.311491970029599313e-03,2.168265054883300111e-03,2.759530778978196239e-03,3.058730640339207395e-03,3.067912651754945048e-03,2.807281286119727316e-03,2.306129416478064353e-03,1.599133804109087670e-03,7.296280782795104385e-04,0.000000000000000000e+00,0.000000000000000000e+00,0.000000000000000000e+00,0.000000000000000000e+00,0.000000000000000000e+00,0.000000000000000000e+00,0.000000000000000000e+00,0.000000000000000000e+00,0.000000000000000000e+00,4.697915985473418462e-04,1.656808892989942690e-03,9.831665566955151512e-04,1.829090491552956554e-03,1.321362607177596366e-03,1.197817171236255753e-03,1.058920026255504151e-03,9.062918940207832265e-04,7.418289491148420981e-04,5.676723500654927293e-04,3.861684692564792618e-04,1.998205550684840361e-04,1.123467423922334440e-05,5.368059249003336291e-04,1.197265824420652063e-03,1.583971015324288269e-03,1.694694054294304574e-03,1.574710302354540275e-03,1.299693782239146490e-03,9.551285258099743037e-04,6.172927759935905364e-04,3.394615787287384289e-04,1.450743624605683145e-04,2.797609468385303417e-05,0.000000000000000000e+00,0.000000000000000000e+00,0.000000000000000000e+00,0.000000000000000000e+00,0.000000000000000000e+00,0.000000000000000000e+00,0.000000000000000000e+00,6.690818717214800206e-04,1.133287351313414524e-03,1.292635190347080640e-03,0.000000000000000000e+00,0.000000000000000000e+00,0.000000000000000000e+00,0.000000000000000000e+00,1.758130451737084697e-03,1.584862743220844276e-03,0.000000000000000000e+00,2.287266413407393101e-04,5.909369031912664822e-04,9.924190943664246405e-04,1.377732073228046892e-03,1.703574072970776357e-03,1.939504603463182084e-03,2.396837575301210502e-03,3.052018170042920808e-03,3.586385199054774493e-03,3.964129737729400402e-03,4.167029282022215522e-03,4.192606492243875632e-03,4.051618411221771798e-03,3.767117166674278060e-03,3.375170411526450323e-03,2.925230439549227329e-03,2.477446755431629479e-03,2.095526082601620755e-03,1.836198275439144406e-03,1.738440861943484420e-03,1.816030865332235065e-03,2.055559830272099108e-03,2.419692278280364227e-03,2.853635361947131754e-03,3.292417191924494699e-03,3.667601862391214797e-03,3.913558699920316290e-03,3.974226456732295187e-03,3.810919225874742806e-03,3.410304756869669222e-03,2.790218302138810190e-03,2.000414285091163188e-03,1.116293369317126983e-03,2.258191401655478838e-04,0.000000000000000000e+00,0.000000000000000000e+00,0.000000000000000000e+00,4.227549410641643236e-04,1.741099408729171894e-03,2.924355812335744254e-03,3.928855265837498910e-03,4.742014573252662478e-03,5.376496418160759197e-03,0.000000000000000000e+00,0.000000000000000000e+00,0.000000000000000000e+00,0.000000000000000000e+00,0.000000000000000000e+00,0.000000000000000000e+00,0.000000000000000000e+00,0.000000000000000000e+00,0.000000000000000000e+00,0.000000000000000000e+00,0.000000000000000000e+00,0.000000000000000000e+00
3.685516403006505807e-08,4.114153976788732748e-04,6.713506852541723359e-04,0.000000000000000000e+00,0.000000000000000000e+00,0.000000000000000000e+00,0.000000000000000000e+00,0.000000000000000000e+00,0.000000000000000000e+00,0.000000000000000000e+00,1.173381706781657539e-04,2.390769583164343041e-04,2.090118828543758363e-04,4.158327296806517222e-06,0.000000000000000000e+00,0.000000000000000000e+00,0.000000000000000000e+00,0.000000000000000000e+00,0.000000000000000000e+00,0.000000000000000000e+00,0.000000000000000000e+00,3.916010975105469393e-04,1.647212099347345566e-03,2.454790165689329541e-03,0.000000000000000000e+00,0.000000000000000000e+00,0.000000000000000000e+00,0.000000000000000000e+00,0.000000000000000000e+00,0.000000000000000000e+00,0.000000000000000000e+00,0.000000000000000000e+00,0.000000000000000000e+00,0.000000000000000000e+00,0.000000000000000000e+00,0.000000000000000000e+00,0.000000000000000000e+00,0.000000000000000000e+00,0.000000000000000000e+00,0.000000000000000000e+00,0.000000000000000000e+00,0.000000000000000000e+00,0.000000000000000000e+00,0.000000000000000000e+00,0.000000000000000000e+00,2.768073414193878866e-04,6.641277565046178801e-04,9.676032649743881737e-04,1.179797643483933463e-03,1.307803604959091896e-03,1.374461065875135857e-03,1.415510158983610814e-03,1.473344903197308957e-03,1.588359138227196958e-03,1.789072501358108082e-03,2.082674984941292225e-03,2.448387282219138469e-03,2.836565228024628786e-03,3.175966260919638011e-03,3.389612560547389068e-03,3.416458374804014035e-03,3.232816045913070122e-03,2.865844209194077195e-03,2.392691068241145115e-03,1.923271536893107498e-03,0.000000000000000000e+00,0.000000000000000000e+00,0.000000000000000000e+00,0.000000000000000000e+00,0.000000000000000000e+00,0.000000000000000000e+00,0.000000000000000000e+00,0.000000000000000000e+00,0.000000000000000000e+00,0.000000000000000000e+00,0.000000000000000000e+00,0.000000000000000000e+00,0.000000000000000000e+00,0.000000000000000000e+00,0.000000000000000000e+00,0.000000000000000000e+00,0.000000000000000000e+00,0.000000000000000000e+00,0.000000000000000000e+00,2.946593963642818491e-04,1.271107452101195943e-03,1.940294012386371836e-03,2.213225517071027576e-03,2.057559592579541029e-03,1.493850739602067650e-03,5.871449649509509049e-04,0.000000000000000000e+00,0.000000000000000000e+00,0.000000000000000000e+00,0.000000000000000000e+00,0.000000000000000000e+00,0.000000000000000000e+00,0.000000000000000000e+00,0.000000000000000000e+00,0.000000000000000000e+00,0.000000000000000000e+00,1.572076403185346325e-04,1.305751244805234204e-03,0.000000000000000000e+00,0.000000000000000000e+00,0.000000000000000000e+00,0.000000000000000000e+00,0.000000000000000000e+00,0.000000000000000000e+00,0.000000000000000000e+00,0.000000000000000000e+00,0.000000000000000000e+00,0.000000000000000000e+00,0.000000000000000000e+00,0.000000000000000000e+00,0.000000000000000000e+00,0.000000000000000000e+00,1.091654910278682354e-03,3.179719692868795879e-03,0.000000000000000000e+00,0.000000000000000000e+00,0.000000000000000000e+00,0.000000000000000000e+00,0.000000000000000000e+00,0.000000000000000000e+00,0.000000000000000000e+00,0.000000000000000000e+00,0.000000000000000000e+00,0.000000000000000000e+00,3.437956941782093108e-04,9.577240144088823657e-04,1.447440415683550006e-03,0.000000000000000000e+00,0.000000000000000000e+00,0.000000000000000000e+00,3.567936140881388979e-04,1.474544628916316753e-03,2.285675029039797943e-03,2.746540709316980158e-03,2.855389035252737639e-03,2.658432488927813669e-03,2.246656589574040283e-03,1.742086326732884133e-03,1.899623088144844311e-03,2.126983933508627862e-03,8.929999983482525983e-04,4.415227811717455813e-04,7.044082471426662856e-05,0.000000000000000000e+00,0.000000000000000000e+00,0.000000000000000000e+00,1.446335593018628217e-04,5.573716718738050456e-04,8.007733458280721917e-04,8.188419432898516679e-04,6.494042950425796875e-04,5.149513063988250773e-04,2.519972097476458534e-04,0.000000000000000000e+00,0.000000000000000000e+00,0.000000000000000000e+00,0.000000000000000000e+00,0.000000000000000000e+00,0.000000000000000000e+00,0.000000000000000000e+00,0.000000000000000000e+00,0.000000000000000000e+00,0.000000000000000000e+00,0.000000000000000000e+00,0.000000000000000000e+00,0.000000000000000000e+00,0.000000000000000000e+00,0.000000000000000000e+00,0.000000000000000000e+00,9.795068110304213933e-05,2.325929424772769385e-04,3.370527401836819360e-04,4.376740627062650235e-04,5.566170504892244825e-04,7.058506451754197617e-04,8.821501715248549228e-04,0.000000000000000000e+00,1.141641776209963616e-04,0.000000000000000000e+00,0.000000000000000000e+00,0.000000000000000000e+00,0.000000000000000000e+00,0.000000000000000000e+00,9.109524496947823632e-05,7.204487377505363862e-04,1.325663419509077361e-03,1.658610254774981960e-03,1.858045341763531330e-03,1.934695008340527652e-03,1.865751822918254067e-03,1.629587018813869782e-03,1.208275528558306906e-03,5.936366475707618041e-04,0.000000000000000000e+00,0.000000000000000000e+00,0.000000000000000000e+00,0.000000000000000000e+00,0.000000000000000000e+00,0.000000000000000000e+00,0.000000000000000000e+00,0.000000000000000000e+00,0.000000000000000000e+00,0.000000000000000000e+00,0.000000000000000000e+00,0.000000000000000000e+00,0.000000000000000000e+00,0.000000000000000000e+00,0.000000000000000000e+00,0.000000000000000000e+00,0.000000000000000000e+00,0.000000000000000000e+00,0.000000000000000000e+00,0.000000000000000000e+00,0.000000000000000000e+00,1.806592894437037929e-04,3.875246666328505227e-04,5.906098297743408955e-04,7.876845902890516633e-04,9.766603245978588629e-04,1.155622321683202457e-03,1.923139719402277474e-03,3.187451098528039893e-03,4.394220875456558706e-03,5.432690714189284537e-03,6.207476671353395585e-03,6.651227382896878274e-03,6.730894437367234730e-03,6.446640979071048203e-03,5.825519420610561494e-03,4.914100620107797815e-03,3.773865407297433573e-03,2.480416216119410173e-03,2.113720440063358071e-03,2.078176055757992129e-03,2.029893500070851977e-03,1.969825034841601093e-03,1.898933901546106433e-03,1.818178453179276595e-03,1.728491013669873145e-03,1.630767087827559225e-03,1.525853939263863059e-03,1.414541997038284028e-03,1.297563474202909203e-03,1.175589929464403768e-03,1.049236855633620428e-03,1.181994715235657606e-03,1.642739241101609429e-03,2.012107115360143705e-03,2.307989132942759539e-03,2.539460671669851143e-03,2.695762846058663651e-03,2.743084383682569891e-03,2.631816318961765350e-03,2.313018495407233050e-03,1.758723270404976636e-03,9.783169068587941296e-04,2.401202715543586554e-05,0.000000000000000000e+00,0.000000000000000000e+00,0.000000000000000000e+00,0.000000000000000000e+00,0.000000000000000000e+00,0.000000000000000000e+00,0.000000000000000000e+00,0.000000000000000000e+00,0.000000000000000000e+00,0.000000000000000000e+00,7.777927373766816560e-04,1.406997882238336531e-03,1.886366906054457587e-03,2.254291807869070099e-03,2.569943077423817671e-03,2.895105085989657049e-03,3.273630237871680282e-03,3.715423940355969991e-03,4.190982626796234053e-03,4.638740378054215241e-03,4.982457320347455192e-03,5.151969526429775806e-03,5.099771891083889307e-03,4.808480354848812185e-03,4.288773861995390062e-03,3.571477170115683244e-03,2.698929148626570337e-03,1.719223944858812043e-03,6.836373651018272032e-04,1.488315509242181772e-04,2.593135192242303991e-04,3.596353262201915069e-04,4.487431617308385023e-04,5.258206186406785918e-04,5.902988621997808149e-04,6.418511325050697738e-04,6.803881635526024289e-04,7.060449047131763011e-04,7.191638887407876546e-04,7.202732461852995836e-04,7.100639301666467583e-04,6.893606096382892592e-04,6.590956293582709603e-04,6.202776879845237588e-04,5.739642827145945148e-04,5.212340254686965730e-04,4.631603450135141271e-04,4.007880793940428931e-04,3.351146124483901970e-04,2.670726063151050364e-04,5.276292335561244724e-04,1.412647636117227200e-03,2.242944983894611805e-03,3.000722464402424440e-03,3.669129458579735957e-03,4.232172571263102118e-03,4.676779571587237443e-03,4.996751159043943610e-03,5.197058143370366853e-03,5.296333232457399107e-03,5.325786194927819434e-03,5.323826118451072120e-03,5.327007449140157280e-03,5.359091204897246594e-03,5.421010526175054460e-03,5.485113337289630048e-03,5.496869819453495225e-03,5.385757726326739769e-03,5.084218202540648039e-03,4.550154484876467800e-03,3.785916716786318515e-03,2.846614143305256465e-03,1.833446716752780902e-03,8.727552264426917611e-04,8.661011798379416107e-05,0.000000000000000000e+00,0.000000000000000000e+00,0.000000000000000000e+00,0.000000000000000000e+00,1.894785471887689568e-05,3.902080099663912259e-04,6.834295152136958627e-04,1.353639775989620231e-03,2.107055434871593635e-03,2.726724605857788232e-03,0.000000000000000000e+00,0.000000000000000000e+00,0.000000000000000000e+00,0.000000000000000000e+00,0.000000000000000000e+00,0.000000000000000000e+00,0.000000000000000000e+00,0.000000000000000000e+00,0.000000000000000000e+00,0.000000000000000000e+00,0.000000000000000000e+00,0.000000000000000000e+00,0.000000000000000000e+00,3.496058746139795045e-04,8.549134676487131620e-04,1.222734789356795916e-03,0.000000000000000000e+00,0.000000000000000000e+00,0.000000000000000000e+00,1.253036048709878052e-03,0.000000000000000000e+00,0.000000000000000000e+00,0.000000000000000000e+00,1.556393251490855367e-03,0.000000000000000000e+00,0.000000000000000000e+00,0.000000000000000000e+00,0.000000000000000000e+00,0.000000000000000000e+00,0.000000000000000000e+00,1.702004720959518665e-04,8.241842468649514903e-04,1.492765179296947362e-03,2.069965264609421613e-03,2.465898533650780905e-03,2.631889979776172624e-03,2.574324111725315428e-03,0.000000000000000000e+00,0.000000000000000000e+00,0.000000000000000000e+00,0.000000000000000000e+00,0.000000000000000000e+00,0.000000000000000000e+00,0.000000000000000000e+00,0.000000000000000000e+00,0.000000000000000000e+00,0.000000000000000000e+00,0.000000000000000000e+00,0.000000000000000000e+00,0.000000000000000000e+00,0.000000000000000000e+00,0.000000000000000000e+00,0.000000000000000000e+00
0.000000000000000000e+00,7.939834219295405454e-05,0.000000000000000000e+00,0.000000000000000000e+00,0.000000000000000000e+00,0.000000000000000000e+00,0.000000000000000000e+00,0.000000000000000000e+00,0.000000000000000000e+00,0.000000000000000000e+00,0.000000000000000000e+00,0.000000000000000000e+00,0.000000000000000000e+00,0.000000000000000000e+00,1.092893587238787844e-04,6.759825760823529300e-04,1.205683751999177267e-03,1.623240621271752763e-03,1.703806749149156755e-03,1.553540093037699896e-03,1.143590268840600707e-03,4.893656446016664925e-04,0.000000000000000000e+00,0.000000000000000000e+00,0.000000000000000000e+00,0.000000000000000000e+00,0.000000000000000000e+00,0.000000000000000000e+00,0.000000000000000000e+00,0.000000000000000000e+00,0.000000000000000000e+00,0.000000000000000000e+00,0.000000000000000000e+00,0.000000000000000000e+00,6.901311145520742842e-04,1.547014427956239224e-03,2.386575826402081903e-03,3.198757266250048040e-03,3.959595278952912634e-03,4.633401279668501564e-03,5.182043832664435558e-03,5.577403720129111599e-03,5.811772388391418624e-03,5.901860486565406114e-03,5.884505174959714195e-03,5.805180900526250853e-03,5.703018877207493946e-03,5.597614932017693813e-03,5.482740685042477441e-03,5.329989172493008846e-03,5.101661646638718656e-03,4.768129150362210820e-03,4.322390008285414628e-03,3.785136780950118084e-03,3.197653691915544345e-03,2.605591114850821545e-03,0.000000000000000000e+00,0.000000000000000000e+00,3.375743872600928531e-04,9.257400374954365347e-04,6.550456828438322790e-03,0.000000000000000000e+00,0.000000000000000000e+00,0.000000000000000000e+00,0.000000000000000000e+00,0.000000000000000000e+00,0.000000000000000000e+00,0.000000000000000000e+00,0.000000000000000000e+00,0.000000000000000000e+00,0.000000000000000000e+00,0.000000000000000000e+00,0.000000000000000000e+00,0.000000000000000000e+00,6.303895745494209231e-04,1.695614802593955507e-03,2.717197623280342023e-03,3.637259999779780557e-03,4.402439933528077935e-03,4.972021153615053049e-03,5.323507840502165155e-03,5.454366486469600268e-03,5.380092182314714921e-03,5.130001806757956799e-03,4.742506115967817446e-03,4.260958020648717565e-03,3.730097062408102050e-03,3.192398684405886936e-03,2.683925396544263337e-03,2.230253553476540824e-03,1.844051619279454520e-03,1.753074338667889387e-03,1.858536256388178308e-03,2.035064123128388618e-03,2.272110733419694262e-03,2.531925834366351158e-03,2.757726504783414561e-03,2.885117389506283107e-03,2.855170539924872797e-03,2.627451794509662319e-03,2.394928327058952998e-03,2.777116102765125015e-03,3.233327640789419605e-03,3.526880965785937367e-03,3.587531186131030867e-03,3.384304974409203370e-03,4.475303684722516454e-03,1.265010460265095140e-03,2.135396301713749379e-03,2.979082950883447586e-03,0.000000000000000000e+00,0.000000000000000000e+00,1.112006035453960099e-03,2.303855023767140651e-03,3.234245175751755772e-03,3.827045867159928772e-03,4.045847951808041222e-03,3.893286490716601610e-03,3.407697417807323357e-03,2.657548159643234424e-03,1.733005487171139069e-03,7.341397829234388344e-04,0.000000000000000000e+00,0.000000000000000000e+00,0.000000000000000000e+00,0.000000000000000000e+00,0.000000000000000000e+00,0.000000000000000000e+00,0.000000000000000000e+00,0.000000000000000000e+00,0.000000000000000000e+00,0.000000000000000000e+00,0.000000000000000000e+00,0.000000000000000000e+00,0.000000000000000000e+00,2.782468427705425402e-04,7.725189463048293429e-04,1.278094511430204845e-03,1.717100676202358046e-03,2.013154284523091791e-03,2.391131416271566595e-03,0.000000000000000000e+00,0.000000000000000000e+00,0.000000000000000000e+00,3.132941466942112344e-04,0.000000000000000000e+00,0.000000000000000000e+00,0.000000000000000000e+00,0.000000000000000000e+00,1.558732959379975741e-05,3.445917679835053976e-04,0.000000000000000000e+00,0.000000000000000000e+00,0.000000000000000000e+00,0.000000000000000000e+00,0.000000000000000000e+00,0.000000000000000000e+00,0.000000000000000000e+00,0.000000000000000000e+00,0.000000000000000000e+00,0.000000000000000000e+00,2.094986035149401635e-04,7.680596463221770658e-04,1.247381288290182405e-03,1.622319394521235881e-03,1.889392030412975895e-03,2.062830825384812019e-03,2.167059717105985529e-03,2.227885278594671833e-03,2.264663221246869442e-03,2.285275534714084882e-03,2.285088790797838026e-03,2.433835663578542453e-03,2.851875756361103333e-03,3.003431847576086555e-03,2.919682755128030684e-03,2.663717983304238722e-03,2.309144326454469313e-03,1.919210548915706912e-03,1.532586992106400349e-03,1.158451771388966820e-03,1.199400140371250419e-03,1.302537112121692018e-03,1.347059343515450086e-03,1.253483288196225462e-03,9.634787540893692158e-04,4.592258048173611471e-04,0.000000000000000000e+00,0.000000000000000000e+00,0.000000000000000000e+00,0.000000000000000000e+00,0.000000000000000000e+00,0.000000000000000000e+00,0.000000000000000000e+00,0.000000000000000000e+00,0.000000000000000000e+00,0.000000000000000000e+00,0.000000000000000000e+00,0.000000000000000000e+00,0.000000000000000000e+00,0.000000000000000000e+00,0.000000000000000000e+00,0.000000000000000000e+00,0.000000000000000000e+00,0.000000000000000000e+00,0.000000000000000000e+00,0.000000000000000000e+00,0.000000000000000000e+00,0.000000000000000000e+00,0.000000000000000000e+00,0.000000000000000000e+00,0.000000000000000000e+00,0.000000000000000000e+00,0.000000000000000000e+00,0.000000000000000000e+00,0.000000000000000000e+00,0.000000000000000000e+00,0.000000000000000000e+00,0.000000000000000000e+00,0.000000000000000000e+00,0.000000000000000000e+00,0.000000000000000000e+00,0.000000000000000000e+00,0.000000000000000000e+00,0.000000000000000000e+00,0.000000000000000000e+00,0.000000000000000000e+00,0.000000000000000000e+00,0.000000000000000000e+00,0.000000000000000000e+00,0.000000000000000000e+00,0.000000000000000000e+00,0.000000000000000000e+00,0.000000000000000000e+00,0.000000000000000000e+00,0.000000000000000000e+00,0.000000000000000000e+00,0.000000000000000000e+00,0.000000000000000000e+00,0.000000000000000000e+00,0.000000000000000000e+00,0.000000000000000000e+00,0.000000000000000000e+00,0.000000000000000000e+00,0.000000000000000000e+00,0.000000000000000000e+00,0.000000000000000000e+00,0.000000000000000000e+00,0.000000000000000000e+00,0.000000000000000000e+00,0.000000000000000000e+00,0.000000000000000000e+00,0.000000000000000000e+00,0.000000000000000000e+00,0.000000000000000000e+00,0.000000000000000000e+00,0.000000000000000000e+00,0.000000000000000000e+00,0.000000000000000000e+00,0.000000000000000000e+00,0.000000000000000000e+00,0.000000000000000000e+00,0.000000000000000000e+00,1.808868892444823705e-03,3.748533479624998645e-03,5.521115888013634031e-03,6.962294159279105478e-03,7.945732705044065286e-03,8.409405567718743549e-03,8.367930202615891933e-03,7.907012536528496699e-03,7.161508116530686599e-03,6.283441993780467492e-03,5.408985803868161975e-03,4.633086921753112875e-03,3.997537227334578905e-03,3.493947642393700585e-03,3.078846144567385073e-03,2.418768998945344047e-04,0.000000000000000000e+00,0.000000000000000000e+00,0.000000000000000000e+00,0.000000000000000000e+00,0.000000000000000000e+00,0.000000000000000000e+00,0.000000000000000000e+00,0.000000000000000000e+00,0.000000000000000000e+00,0.000000000000000000e+00,0.000000000000000000e+00,0.000000000000000000e+00,0.000000000000000000e+00,2.472068577298791245e-04,5.855510114838648758e-04,8.278135938213935846e-04,9.793851098076542232e-04,1.050667693325564849e-03,1.059868112633736590e-03,1.031061339155967633e-03,9.883372423166976797e-04,1.445464567283193330e-03,2.293598418965270020e-03,3.073231495699130233e-03,3.738329006227079487e-03,4.244333199848326563e-03,4.557719737306568236e-03,4.665656672211439954e-03,4.582512054498359341e-03,4.351136403258586485e-03,3.139277296087547055e-03,2.642526189569015943e-03,2.172111577248015887e-03,1.828026231000509693e-03,1.691263710200464768e-03,1.804924303296798552e-03,2.163292609255602818e-03,2.712954421475444449e-03,3.366202719935059047e-03,4.022687915977811446e-03,0.000000000000000000e+00,0.000000000000000000e+00,0.000000000000000000e+00,0.000000000000000000e+00,0.000000000000000000e+00,0.000000000000000000e+00,0.000000000000000000e+00,4.314262030440019127e-04,0.000000000000000000e+00,0.000000000000000000e+00,0.000000000000000000e+00,0.000000000000000000e+00,0.000000000000000000e+00,0.000000000000000000e+00,2.041707034903123170e-03,0.000000000000000000e+00,4.013103065284069778e-04,9.091727247040106439e-04,1.370577909771918167e-03,1.754616595031034069e-03,2.050203680458157277e-03,2.265869150593772478e-03,2.423943630846765469e-03,2.550368504862558783e-03,2.663221839486608605e-03,2.763974256662350866e-03,2.834790602963039099e-03,2.842908910160407004e-03,2.750370571929345708e-03,2.525399076137011412e-03,2.151529585711526270e-03,1.632049864085050256e-03,9.895275797317372533e-04,2.619444155030947242e-04,1.573758682190548000e-04,1.148929436962708371e-04,6.507378735267541319e-05,9.068512743771612111e-06,0.000000000000000000e+00,0.000000000000000000e+00,0.000000000000000000e+00,0.000000000000000000e+00,0.000000000000000000e+00,0.000000000000000000e+00,0.000000000000000000e+00,0.000000000000000000e+00,0.000000000000000000e+00,0.000000000000000000e+00,0.000000000000000000e+00,0.000000000000000000e+00,0.000000000000000000e+00,3.077435104881712366e-04,6.314329636018179348e-04,9.155520209369991287e-04,1.124876402297675122e-03,1.222594221896402969e-03,1.180140921140177901e-03,9.873246888631608854e-04,6.590096052777774487e-04,2.349728838143238228e-04,0.000000000000000000e+00,0.000000000000000000e+00,0.000000000000000000e+00,0.000000000000000000e+00,0.000000000000000000e+00,0.000000000000000000e+00,0.000000000000000000e+00,0.000000000000000000e+00,0.000000000000000000e+00,0.000000000000000000e+00,0.000000000000000000e+00,0.000000000000000000e+00,0.000000000000000000e+00,0.000000000000000000e+00,0.000000000000000000e+00,0.000000000000000000e+00,0.000000000000000000e+00,0.000000000000000000e+00,0.000000000000000000e+00,0.000000000000000000e+00,0.000000000000000000e+00
9.792498190769461032e-08,1.436805564792516829e-04,2.320456379575438176e-03,5.114044914318606168e-04,0.000000000000000000e+00,0.000000000000000000e+00,0.000000000000000000e+00,0.000000000000000000e+00,0.000000000000000000e+00,0.000000000000000000e+00,0.000000000000000000e+00,0.000000000000000000e+00,0.000000000000000000e+00,0.000000000000000000e+00,0.000000000000000000e+00,0.000000000000000000e+00,0.000000000000000000e+00,0.000000000000000000e+00,0.000000000000000000e+00,0.000000000000000000e+00,0.000000000000000000e+00,0.000000000000000000e+00,0.000000000000000000e+00,0.000000000000000000e+00,0.000000000000000000e+00,0.000000000000000000e+00,0.000000000000000000e+00,0.000000000000000000e+00,9.329125383381441246e-05,8.724739671855889084e-04,1.430086336769588896e-03,1.748104597355036854e-03,1.836281197841716688e-03,1.732242827868935020e-03,5.225576564513975501e-03,0.000000000000000000e+00,0.000000000000000000e+00,0.000000000000000000e+00,0.000000000000000000e+00,1.329147039866728332e-03,0.000000000000000000e+00,0.000000000000000000e+00,0.000000000000000000e+00,0.000000000000000000e+00,0.000000000000000000e+00,0.000000000000000000e+00,2.179846987736759178e-04,6.094856156273277580e-04,7.896213040609744317e-04,7.325483108853593061e-04,4.520701696720150990e-04,1.101275003295676336e-07,0.000000000000000000e+00,0.000000000000000000e+00,0.000000000000000000e+00,0.000000000000000000e+00,0.000000000000000000e+00,0.000000000000000000e+00,0.000000000000000000e+00,0.000000000000000000e+00,0.000000000000000000e+00,0.000000000000000000e+00,0.000000000000000000e+00,0.000000000000000000e+00,0.000000000000000000e+00,0.000000000000000000e+00,0.000000000000000000e+00,0.000000000000000000e+00,0.000000000000000000e+00,0.000000000000000000e+00,0.000000000000000000e+00,0.000000000000000000e+00,0.000000000000000000e+00,0.000000000000000000e+00,6.975515935128700660e-04,0.000000000000000000e+00,5.608331615589998433e-06,1.657560063370267997e-04,7.313575043466537121e-04,1.041070150375260264e-03,1.523970736636012097e-03,1.799392217198715312e-03,1.850063311690003766e-03,1.682762964397486105e-03,1.317644668734699537e-03,7.797953391140101040e-04,3.592279759781416689e-04,2.788148582280408302e-04,7.575990711377846498e-05,0.000000000000000000e+00,0.000000000000000000e+00,0.000000000000000000e+00,0.000000000000000000e+00,0.000000000000000000e+00,0.000000000000000000e+00,0.000000000000000000e+00,0.000000000000000000e+00,0.000000000000000000e+00,0.000000000000000000e+00,0.000000000000000000e+00,0.000000000000000000e+00,0.000000000000000000e+00,0.000000000000000000e+00,0.000000000000000000e+00,0.000000000000000000e+00,0.000000000000000000e+00,5.725735903470107998e-04,1.247757691557659391e-03,1.763687728718697908e-03,2.026627440669026906e-03,1.959398777245341221e-03,1.527329652229890335e-03,7.593243083487734042e-04,0.000000000000000000e+00,0.000000000000000000e+00,0.000000000000000000e+00,0.000000000000000000e+00,0.000000000000000000e+00,0.000000000000000000e+00,0.000000000000000000e+00,0.000000000000000000e+00,0.000000000000000000e+00,0.000000000000000000e+00,0.000000000000000000e+00,3.136679860034836172e-04,4.241338600348368987e-04,3.636694024974319265e-04,1.917657369870314789e-04,0.000000000000000000e+00,3.762137264267284060e-05,6.354315600855787137e-04,1.082720607693493523e-03,1.410155505023001025e-03,1.647058019845323591e-03,1.814463233058496430e-03,1.922872976974559795e-03,1.973251332606005756e-03,1.959265811167330319e-03,1.869351017011858067e-03,1.688361902640268938e-03,1.399651210009070917e-03,9.886690609341123193e-04,4.483912094357892105e-04,0.000000000000000000e+00,0.000000000000000000e+00,0.000000000000000000e+00,0.000000000000000000e+00,0.000000000000000000e+00,0.000000000000000000e+00,0.000000000000000000e+00,0.000000000000000000e+00,0.000000000000000000e+00,0.000000000000000000e+00,0.000000000000000000e+00,0.000000000000000000e+00,0.000000000000000000e+00,0.000000000000000000e+00,0.000000000000000000e+00,0.000000000000000000e+00,0.000000000000000000e+00,0.000000000000000000e+00,2.923925433964584064e-04,7.299645047835965879e-04,9.623168642514762184e-04,9.506297335711998055e-04,6.960829535922242756e-04,2.437408887435578810e-04,0.000000000000000000e+00,0.000000000000000000e+00,0.000000000000000000e+00,0.000000000000000000e+00,0.000000000000000000e+00,0.000000000000000000e+00,0.000000000000000000e+00,0.000000000000000000e+00,0.000000000000000000e+00,0.000000000000000000e+00,0.000000000000000000e+00,0.000000000000000000e+00,0.000000000000000000e+00,0.000000000000000000e+00,0.000000000000000000e+00,0.000000000000000000e+00,0.000000000000000000e+00,0.000000000000000000e+00,2.254711846577889614e-04,1.618774780770536673e-03,2.692238433002838889e-03,3.377904838263599743e-03,3.655896042601730362e-03,3.550488549067833816e-03,3.122959728397803683e-03,2.463194449547327462e-03,1.679881191097341115e-03,8.881417925546042542e-04,1.942420420815899095e-04,0.000000000000000000e+00,0.000000000000000000e+00,0.000000000000000000e+00,0.000000000000000000e+00,7.979644100975674149e-05,5.363064833079098179e-04,9.311010438586777996e-04,1.288666183998679517e-03,1.641642096863877394e-03,2.014788956897343910e-03,2.409718833201955710e-03,2.797068052464383309e-03,3.120700338299721693e-03,3.314003581848100777e-03,3.323233678493112478e-03,3.129409688641550131e-03,2.760145385496063329e-03,2.286239607146658710e-03,1.803458569887936075e-03,1.405445005887116490e-03,1.156863908998679224e-03,1.075565389363430284e-03,1.129002913005865399e-03,1.244958092876627832e-03,1.760809519978871925e-03,2.956134996302998454e-03,4.109877201632581786e-03,5.138671467765035077e-03,5.954362542776849877e-03,6.481998277576518294e-03,6.675703314118729137e-03,6.527076229355010389e-03,6.063822799895954990e-03,5.340080897335213600e-03,4.422584475985081448e-03,3.377486154338607723e-03,2.261406567646954708e-03,1.118048750535477909e-03,0.000000000000000000e+00,0.000000000000000000e+00,0.000000000000000000e+00,0.000000000000000000e+00,0.000000000000000000e+00,0.000000000000000000e+00,0.000000000000000000e+00,0.000000000000000000e+00,0.000000000000000000e+00,0.000000000000000000e+00,0.000000000000000000e+00,0.000000000000000000e+00,0.000000000000000000e+00,8.595046598784900418e-05,2.284933800207335458e-04,3.831081540971193475e-04,5.492761061739372813e-04,9.566288021766149044e-04,1.918712126463689932e-03,2.806654876637114902e-03,0.000000000000000000e+00,0.000000000000000000e+00,0.000000000000000000e+00,0.000000000000000000e+00,0.000000000000000000e+00,0.000000000000000000e+00,0.000000000000000000e+00,0.000000000000000000e+00,0.000000000000000000e+00,0.000000000000000000e+00,0.000000000000000000e+00,0.000000000000000000e+00,0.000000000000000000e+00,0.000000000000000000e+00,3.441723651477733570e-04,1.258816940351389913e-03,2.195193838387940466e-03,2.346996346053148875e-03,2.477996026657827092e-03,2.556294414530291357e-03,2.589223475463240266e-03,2.594518510341487470e-03,2.598345438716032855e-03,0.000000000000000000e+00,0.000000000000000000e+00,0.000000000000000000e+00,0.000000000000000000e+00,0.000000000000000000e+00,0.000000000000000000e+00,0.000000000000000000e+00,0.000000000000000000e+00,0.000000000000000000e+00,0.000000000000000000e+00,0.000000000000000000e+00,0.000000000000000000e+00,0.000000000000000000e+00,0.000000000000000000e+00,0.000000000000000000e+00,0.000000000000000000e+00,0.000000000000000000e+00,0.000000000000000000e+00,0.000000000000000000e+00,0.000000000000000000e+00,0.000000000000000000e+00,0.000000000000000000e+00,2.493953947977490919e-04,1.206617149637583030e-03,2.011601874826485573e-03,2.536545906481832598e-03,2.671853288885216171e-03,2.350608935335356166e-03,1.566783227418226156e-03,3.828052848490506562e-04,0.000000000000000000e+00,0.000000000000000000e+00,0.000000000000000000e+00,0.000000000000000000e+00,0.000000000000000000e+00,0.000000000000000000e+00,0.000000000000000000e+00,0.000000000000000000e+00,0.000000000000000000e+00,0.000000000000000000e+00,0.000000000000000000e+00,0.000000000000000000e+00,0.000000000000000000e+00,0.000000000000000000e+00,0.000000000000000000e+00,6.340221627515334234e-04,1.427879710655225159e-03,2.079072651954642567e-03,2.495015374398419986e-03,2.614993828817470303e-03,2.426324113883209822e-03,1.967872934257342346e-03,1.320108477268034947e-03,5.853796321615597738e-04,7.329524116919504265e-04,9.870209902273687635e-04,1.236996985458857718e-03,1.480796798829387556e-03,1.716529591636553609e-03,1.942517435161203454e-03,2.157310258005190953e-03,2.359691869224381407e-03,2.548680721932803251e-03,4.386160105678160726e-03,4.530087643839306004e-03,0.000000000000000000e+00,0.000000000000000000e+00,0.000000000000000000e+00,0.000000000000000000e+00,0.000000000000000000e+00,0.000000000000000000e+00,0.000000000000000000e+00,0.000000000000000000e+00,0.000000000000000000e+00,2.093267186218364568e-04,7.947165546204693412e-04,1.401842898646021461e-03,2.020569155637258561e-03,2.618444101110603116e-03,3.144214054441079893e-03,3.538850678982490092e-03,3.750807982368614939e-03,3.750486825758085965e-03,6.060054878589683260e-03,0.000000000000000000e+00,0.000000000000000000e+00,0.000000000000000000e+00,0.000000000000000000e+00,0.000000000000000000e+00,0.000000000000000000e+00,0.000000000000000000e+00,2.515806440970114362e-03,3.156812743935021709e-04,7.651127891315097004e-03,0.000000000000000000e+00,0.000000000000000000e+00,0.000000000000000000e+00,0.000000000000000000e+00,0.000000000000000000e+00,0.000000000000000000e+00,0.000000000000000000e+00,0.000000000000000000e+00,0.000000000000000000e+00,0.000000000000000000e+00,0.000000000000000000e+00,0.000000000000000000e+00,0.000000000000000000e+00,5.892632666140093251e-04,1.014564683265423107e-03,1.223540219082054755e-03,1.211826223597670810e-03,9.855100824218724839e-04,5.590816298981396253e-04,0.000000000000000000e+00,0.000000000000000000e+00,0.000000000000000000e+00,1.262843656046658951e-05,6.048680364485960366e-04,1.144376924176881841e-03,1.635158089536258236e-03,2.095288835246076134e-03,2.550265221505672222e-03,3.021473983309104494e-03
1.267184758955714153e-07,0.000000000000000000e+00,0.000000000000000000e+00,3.746428296552876762e-04,6.986504159270846446e-04,9.331888692162038394e-04,0.000000000000000000e+00,1.612353024491515224e-04,2.574972209942819339e-04,1.920973387372814571e-04,0.000000000000000000e+00,0.000000000000000000e+00,0.000000000000000000e+00,0.000000000000000000e+00,0.000000000000000000e+00,0.000000000000000000e+00,0.000000000000000000e+00,0.000000000000000000e+00,1.850661711600321176e-04,5.778291523451997962e-04,9.847285943901721000e-04,1.384912641864034007e-03,1.750621623170156701e-03,2.043277811149774980e-03,2.216752035593318442e-03,2.228269874124112239e-03,2.053441050332309968e-03,1.699245169448712926e-03,1.208971522238667549e-03,1.068536394619019024e-03,1.378559058460884258e-03,0.000000000000000000e+00,0.000000000000000000e+00,0.000000000000000000e+00,0.000000000000000000e+00,0.000000000000000000e+00,0.000000000000000000e+00,0.000000000000000000e+00,0.000000000000000000e+00,0.000000000000000000e+00,0.000000000000000000e+00,0.000000000000000000e+00,0.000000000000000000e+00,0.000000000000000000e+00,0.000000000000000000e+00,0.000000000000000000e+00,0.000000000000000000e+00,0.000000000000000000e+00,0.000000000000000000e+00,0.000000000000000000e+00,0.000000000000000000e+00,0.000000000000000000e+00,0.000000000000000000e+00,0.000000000000000000e+00,0.000000000000000000e+00,0.000000000000000000e+00,0.000000000000000000e+00,0.000000000000000000e+00,2.670134349554173590e-03,0.000000000000000000e+00,0.000000000000000000e+00,0.000000000000000000e+00,0.000000000000000000e+00,1.853331426072404517e-04,1.937906216833122945e-03,1.805137872704111078e-03,2.473077572607952114e-03,2.995765762891098010e-03,0.000000000000000000e+00,6.064789797419080652e-06,4.418148334705511568e-04,8.601401059518061542e-04,1.195084898434091349e-03,1.380885416302462219e-03,1.362463422064644041e-03,1.106098043616194661e-03,6.079886666151942043e-04,0.000000000000000000e+00,0.000000000000000000e+00,0.000000000000000000e+00,0.000000000000000000e+00,0.000000000000000000e+00,0.000000000000000000e+00,0.000000000000000000e+00,0.000000000000000000e+00,0.000000000000000000e+00,0.000000000000000000e+00,0.000000000000000000e+00,2.487132764037404929e-03,0.000000000000000000e+00,0.000000000000000000e+00,0.000000000000000000e+00,0.000000000000000000e+00,0.000000000000000000e+00,0.000000000000000000e+00,2.783870026899937385e-04,9.475145396737344071e-04,1.519700346518495886e-03,1.943597068931847026e-03,2.188509277030498308e-03,2.250108381947017646e-03,2.150954983028507180e-03,1.935386906215297341e-03,1.660059360717172899e-03,1.382915619329519279e-03,1.153810728387546797e-03,1.009240596773512992e-03,9.718152827425583212e-04,1.053045109590436618e-03,1.256650509918027722e-03,1.579573332443167527e-03,2.009287927996398701e-03,2.518279868166164396e-03,3.058675141116045347e-03,3.560953343691457187e-03,3.939908463373274425e-03,4.108600008590333752e-03,3.997797179768078010e-03,3.575556001539467905e-03,2.860380882319567709e-03,1.922620060625384155e-03,8.722178589595766442e-04,5.374339196113421839e-04,3.152973152537560703e-04,6.041073010964890584e-05,2.236849977508610469e-03,1.856269527194876531e-04,1.665237918083608019e-03,6.034146660261275935e-05,1.537965783482869345e-06,0.000000000000000000e+00,0.000000000000000000e+00,0.000000000000000000e+00,0.000000000000000000e+00,0.000000000000000000e+00,8.213172328625541196e-04,1.700662718987413580e-03,5.417370100296432095e-03,2.746164145215345114e-03,2.740412541659824428e-03,2.349099652713231880e-03,1.618185813194050358e-03,6.413796987838599585e-04,0.000000000000000000e+00,0.000000000000000000e+00,0.000000000000000000e+00,0.000000000000000000e+00,0.000000000000000000e+00,0.000000000000000000e+00,0.000000000000000000e+00,0.000000000000000000e+00,0.000000000000000000e+00,0.000000000000000000e+00,0.000000000000000000e+00,0.000000000000000000e+00,0.000000000000000000e+00,0.000000000000000000e+00,0.000000000000000000e+00,5.577919309796147695e-04,1.334847952458254961e-03,2.031144092781242243e-03,2.632298931776686553e-03,3.130723152194774764e-03,3.523421368470586179e-03,3.811545679457869259e-03,4.000801469699059171e-03,4.101381360397368496e-03,4.126372141561871279e-03,4.088389837948585084e-03,3.995252270913927928e-03,3.846373180533499327e-03,3.631781393284767758e-03,3.334967242188836573e-03,2.939257460653096204e-03,2.435794064286398060e-03,1.830265402474281957e-03,1.145823518824632369e-03,4.209800675282617346e-04,0.000000000000000000e+00,0.000000000000000000e+00,2.478326783562041845e-05,9.604229947028837013e-05,1.540447992533442985e-04,3.961602980067735567e-04,5.759783825693382897e-04,5.964929240515259509e-04,5.026106527272936704e-04,3.447637922218556544e-04,2.663335749846324971e-04,2.583339219937857024e-04,2.474387335383444308e-04,2.356503475710392329e-04,2.249657956646361045e-04,2.469892292548765602e-04,4.776663881125603906e-04,6.821743893820513601e-04,7.737433568487080485e-04,6.641536432380798884e-04,2.857428091364377183e-04,3.258131662723094983e-04,3.802314005272610688e-04,4.465909206959468554e-04,5.478397859607082431e-04,1.399623439011390405e-03,2.125636693714527854e-03,2.689799247813103467e-03,3.063673533583854015e-03,3.224780707445290290e-03,3.157985061938251709e-03,2.860549485083267816e-03,2.349575212489495631e-03,3.484367983177581382e-03,9.613221034670098308e-04,1.902336715262177959e-03,0.000000000000000000e+00,0.000000000000000000e+00,0.000000000000000000e+00,0.000000000000000000e+00,0.000000000000000000e+00,0.000000000000000000e+00,0.000000000000000000e+00,1.713513627517946464e-04,1.291940236696082975e-03,2.238947297847499514e-03,2.926315425741313810e-03,3.317523364274179570e-03,3.426896600039464752e-03,3.312408373048585705e-03,3.062731147264789299e-03,2.781189833358574739e-03,2.568601512264233420e-03,2.506865571514348481e-03,2.645738725694340467e-03,2.995764021181341989e-03,3.529631786199708288e-03,4.191888408816380439e-03,4.913787511316722659e-03,5.627904608396210560e-03,6.277358276676173535e-03,6.817258139510511301e-03,7.209909563842456688e-03,7.418372537964136246e-03,7.403615105341336891e-03,7.128546351144021340e-03,6.568693881335934369e-03,5.725929214513863531e-03,1.368614938623842047e-03,0.000000000000000000e+00,0.000000000000000000e+00,0.000000000000000000e+00,0.000000000000000000e+00,0.000000000000000000e+00,0.000000000000000000e+00,0.000000000000000000e+00,0.000000000000000000e+00,0.000000000000000000e+00,0.000000000000000000e+00,0.000000000000000000e+00,0.000000000000000000e+00,0.000000000000000000e+00,0.000000000000000000e+00,0.000000000000000000e+00,0.000000000000000000e+00,0.000000000000000000e+00,0.000000000000000000e+00,0.000000000000000000e+00,0.000000000000000000e+00,0.000000000000000000e+00,0.000000000000000000e+00,0.000000000000000000e+00,0.000000000000000000e+00,0.000000000000000000e+00,6.041937690404044716e-05,4.260238030654198648e-04,6.354844487047626523e-04,6.896009820411095215e-04,6.197364750205007619e-04,4.740786952275753349e-04,3.030131404304004157e-04,1.481877681269046481e-04,3.729724007252188558e-05,1.592671652589148950e-05,1.208871293068300131e-03,0.000000000000000000e+00,1.974427422280398102e-03,0.000000000000000000e+00,0.000000000000000000e+00,0.000000000000000000e+00,0.000000000000000000e+00,0.000000000000000000e+00,0.000000000000000000e+00,0.000000000000000000e+00,0.000000000000000000e+00,0.000000000000000000e+00,0.000000000000000000e+00,2.860778486605714509e-03,0.000000000000000000e+00,7.844504557720228914e-05,2.084025858041556735e-04,2.265272441212113318e-04,0.000000000000000000e+00,0.000000000000000000e+00,0.000000000000000000e+00,0.000000000000000000e+00,0.000000000000000000e+00,0.000000000000000000e+00,0.000000000000000000e+00,0.000000000000000000e+00,0.000000000000000000e+00,0.000000000000000000e+00,0.000000000000000000e+00,0.000000000000000000e+00,0.000000000000000000e+00,0.000000000000000000e+00,0.000000000000000000e+00,0.000000000000000000e+00,0.000000000000000000e+00,0.000000000000000000e+00,0.000000000000000000e+00,0.000000000000000000e+00,0.000000000000000000e+00,0.000000000000000000e+00,0.000000000000000000e+00,0.000000000000000000e+00,0.000000000000000000e+00,0.000000000000000000e+00,0.000000000000000000e+00,6.062071018600397087e-04,2.165102857406217118e-03,3.615015016714986668e-03,1.128288192761249531e-03,1.206177474358403803e-03,1.276097149504340457e-03,1.337681689284637683e-03,1.390605901513921510e-03,1.434585270096679337e-03,1.469376267732437017e-03,1.494780309865559884e-03,1.510646824066949915e-03,1.516881466720212263e-03,1.513449303816890093e-03,1.500381424686289024e-03,1.477778786315531905e-03,1.445815018258477880e-03,1.404738147380142806e-03,1.354872008426551361e-03,1.296612985416760932e-03,1.230430595418822125e-03,1.156865049860755909e-03,1.076524378589289619e-03,9.900853518230920674e-04,8.982919254305611308e-04,8.019573411437283441e-04,7.019672089032063210e-04,5.992832845105088360e-04,4.949477783065407742e-04,3.900866962695998560e-04,2.859159938377525754e-04,1.837398801195925320e-04,8.494929572810360201e-05,4.241388613376364798e-04,1.076628501056309988e-03,1.796553727786812582e-03,2.521451382613402840e-03,3.196438139334266144e-03,3.785619654590278299e-03,4.278874731420002041e-03,4.691002380928036182e-03,5.053036772212048978e-03,5.398790482029864474e-03,5.751724589431717570e-03,6.117028467733531642e-03,6.481470866126153897e-03,6.820277985038258883e-03,7.107597876302168202e-03,7.326060157287846500e-03,7.471900509701625594e-03,7.554392501314099659e-03,7.590755541188943731e-03,7.599190890959100358e-03,7.592711002057725769e-03,7.575337597784642663e-03,7.540884637415472269e-03,7.473730382489888330e-03,5.982266425027680558e-03,5.917223462678717488e-03,5.568009758006104565e-03,4.938511156600837795e-03,4.086459692498124567e-03,3.107103278926479951e-03,2.107576389373834718e-03,1.179599275311811251e-03,3.789857644589465888e-04,2.087876017765542521e-04,4.711816125330403355e-04,6.899729698113442550e-04,7.967002582542398372e-04,7.552534387386392782e-04,5.696326102314902681e-04,2.771750715753996345e-04
0.000000000000000000e+00,7.566798447185911978e-06,0.000000000000000000e+00,0.000000000000000000e+00,0.000000000000000000e+00,0.000000000000000000e+00,0.000000000000000000e+00,0.000000000000000000e+00,0.000000000000000000e+00,0.000000000000000000e+00,0.000000000000000000e+00,0.000000000000000000e+00,3.979631249047731949e-04,8.581010321138751468e-04,1.294120383335845004e-03,1.714218089885235531e-03,2.130100190731901415e-03,2.549342070083040080e-03,2.968074525838401700e-03,3.366284153870559726e-03,1.612320765589923474e-03,1.656941327866992119e-03,1.653900710836095963e-03,1.565418583361753496e-03,1.375085588237594117e-03,1.096817364201485090e-03,7.745406984583485524e-04,4.725909928546286444e-04,2.598214540383875400e-04,1.924988027897119437e-04,3.013339968210059839e-04,5.863292363020573654e-04,1.020014134303389667e-03,1.556480818931564765e-03,2.141816927493406242e-03,2.721922679603585530e-03,3.245921852700699682e-03,3.666133868391293141e-03,3.937434839728449175e-03,4.018902889212818373e-03,3.879040894776472365e-03,3.503522897848663272e-03,2.902517005520957247e-03,2.114152243539241943e-03,1.201840967064523105e-03,2.454306407028790838e-04,0.000000000000000000e+00,0.000000000000000000e+00,1.454671663076264006e-05,7.892644963279415527e-05,1.506437454687149704e-04,2.285038085426405457e-04,3.110581686678409404e-04,3.966388466136575356e-04,4.833979925298245977e-04,5.693556045358480434e-04,6.524475245498398803e-04,7.305794425841152708e-04,8.016792759866281023e-04,8.637536448308922232e-04,9.149402147988897668e-04,1.199657872548055317e-03,1.372453551971208798e-03,1.306177227619990076e-03,1.044708170721622914e-03,9.578322018780255137e-04,9.179886281251260294e-04,8.616986987697240925e-04,7.895906390587387148e-04,7.026725705344840202e-04,6.023150722280616078e-04,4.902246800569945917e-04,3.723199713408541830e-04,1.058338450725794392e-03,1.634357142324555914e-03,2.027390931683980841e-03,2.179726499221379832e-03,2.060874584059880620e-03,1.674278734805547970e-03,1.056998051740226218e-03,2.727955119543174194e-04,0.000000000000000000e+00,0.000000000000000000e+00,0.000000000000000000e+00,0.000000000000000000e+00,0.000000000000000000e+00,0.000000000000000000e+00,0.000000000000000000e+00,6.528361753489261160e-05,5.279653384282382645e-04,8.067939670815415685e-04,8.708467284012178043e-04,7.242818539810964634e-04,4.056737969926190943e-04,0.000000000000000000e+00,1.887789229112225300e-04,8.755419978104168367e-04,1.380841953447282337e-03,1.645702623948268675e-03,1.647146335090090815e-03,1.403674608242875058e-03,9.688887764226236741e-04,4.149733734131624916e-04,7.351255471882302392e-05,2.166390157105854176e-04,2.031631711503365987e-04,2.911042336321272654e-05,0.000000000000000000e+00,0.000000000000000000e+00,0.000000000000000000e+00,0.000000000000000000e+00,0.000000000000000000e+00,0.000000000000000000e+00,0.000000000000000000e+00,0.000000000000000000e+00,0.000000000000000000e+00,0.000000000000000000e+00,0.000000000000000000e+00,0.000000000000000000e+00,0.000000000000000000e+00,0.000000000000000000e+00,0.000000000000000000e+00,0.000000000000000000e+00,0.000000000000000000e+00,0.000000000000000000e+00,0.000000000000000000e+00,0.000000000000000000e+00,0.000000000000000000e+00,8.240811558620212600e-04,2.051140498670213971e-03,3.161394716716911611e-03,4.070415410902009437e-03,4.730421538096643910e-03,5.140254059413490104e-03,5.343687795332995386e-03,5.416214981722572083e-03,5.444015478761484415e-03,5.501052370506460780e-03,5.630342017049759160e-03,5.833768207981811053e-03,6.072273736637776378e-03,0.000000000000000000e+00,0.000000000000000000e+00,0.000000000000000000e+00,0.000000000000000000e+00,0.000000000000000000e+00,0.000000000000000000e+00,0.000000000000000000e+00,0.000000000000000000e+00,0.000000000000000000e+00,0.000000000000000000e+00,1.074909558185169070e-03,2.803093570930836019e-03,0.000000000000000000e+00,0.000000000000000000e+00,0.000000000000000000e+00,0.000000000000000000e+00,0.000000000000000000e+00,4.484704923661008737e-04,9.956837795877236143e-04,1.345571893272856775e-03,1.476597638962599910e-03,1.408772296705442309e-03,1.574466259663345356e-03,1.566743426728702503e-03,1.372361345396688791e-03,1.010878477485414048e-03,5.386589921053496063e-04,3.809892807042949666e-04,5.201565700927534121e-04,7.341124975739989110e-04,9.814043408027958802e-04,1.220396523559268750e-03,9.847965071188029187e-04,2.504663963806255038e-04,0.000000000000000000e+00,0.000000000000000000e+00,0.000000000000000000e+00,0.000000000000000000e+00,0.000000000000000000e+00,0.000000000000000000e+00,0.000000000000000000e+00,0.000000000000000000e+00,0.000000000000000000e+00,0.000000000000000000e+00,0.000000000000000000e+00,0.000000000000000000e+00,0.000000000000000000e+00,0.000000000000000000e+00,0.000000000000000000e+00,0.000000000000000000e+00,1.599199523183761004e-03,0.000000000000000000e+00,0.000000000000000000e+00,3.313029101092658437e-04,8.644970874605025857e-04,1.243192879727689952e-03,1.422096196016407830e-03,1.378480690621393910e-03,1.118468598732090882e-03,5.073009955407209578e-04,1.124820675383307773e-03,4.310244509119733535e-04,1.619334059969960689e-05,0.000000000000000000e+00,0.000000000000000000e+00,0.000000000000000000e+00,0.000000000000000000e+00,0.000000000000000000e+00,0.000000000000000000e+00,0.000000000000000000e+00,0.000000000000000000e+00,0.000000000000000000e+00,0.000000000000000000e+00,0.000000000000000000e+00,0.000000000000000000e+00,0.000000000000000000e+00,1.831302264221007579e-04,2.847941516163779788e-04,1.652148524937238410e-03,0.000000000000000000e+00,2.192056825520518921e-04,6.544441273454695753e-04,0.000000000000000000e+00,0.000000000000000000e+00,0.000000000000000000e+00,0.000000000000000000e+00,0.000000000000000000e+00,0.000000000000000000e+00,0.000000000000000000e+00,0.000000000000000000e+00,0.000000000000000000e+00,0.000000000000000000e+00,2.644786384283205833e-04,7.446193574610824022e-04,1.203244787820377092e-03,1.615551409052298987e-03,1.970962275766758535e-03,2.265674090056472335e-03,2.289825382622137206e-03,1.950746374324674286e-03,1.571930191273262232e-03,1.112706622818402736e-03,5.429203981925957712e-04,0.000000000000000000e+00,0.000000000000000000e+00,0.000000000000000000e+00,0.000000000000000000e+00,0.000000000000000000e+00,0.000000000000000000e+00,0.000000000000000000e+00,0.000000000000000000e+00,0.000000000000000000e+00,0.000000000000000000e+00,0.000000000000000000e+00,0.000000000000000000e+00,0.000000000000000000e+00,0.000000000000000000e+00,0.000000000000000000e+00,0.000000000000000000e+00,0.000000000000000000e+00,0.000000000000000000e+00,0.000000000000000000e+00,0.000000000000000000e+00,0.000000000000000000e+00,4.762213064122953858e-03,5.294164024391525333e-04,7.628063213175422224e-04,6.260288149991051401e-04,0.000000000000000000e+00,0.000000000000000000e+00,0.000000000000000000e+00,1.470156451610024357e-04,6.432876855909992102e-04,1.251891972729342372e-03,1.955003128104862951e-03,2.717640361943845454e-03,0.000000000000000000e+00,0.000000000000000000e+00,0.000000000000000000e+00,0.000000000000000000e+00,0.000000000000000000e+00,0.000000000000000000e+00,0.000000000000000000e+00,1.090951124340871716e-04,2.625094324391207164e-03,0.000000000000000000e+00,0.000000000000000000e+00,0.000000000000000000e+00,8.170714852491704327e-04,0.000000000000000000e+00,1.094254000781556694e-03,0.000000000000000000e+00,0.000000000000000000e+00,0.000000000000000000e+00,0.000000000000000000e+00,0.000000000000000000e+00,0.000000000000000000e+00,0.000000000000000000e+00,0.000000000000000000e+00,0.000000000000000000e+00,0.000000000000000000e+00,0.000000000000000000e+00,0.000000000000000000e+00,0.000000000000000000e+00,0.000000000000000000e+00,0.000000000000000000e+00,0.000000000000000000e+00,0.000000000000000000e+00,0.000000000000000000e+00,0.000000000000000000e+00,0.000000000000000000e+00,0.000000000000000000e+00,0.000000000000000000e+00,0.000000000000000000e+00,0.000000000000000000e+00,0.000000000000000000e+00,0.000000000000000000e+00,0.000000000000000000e+00,0.000000000000000000e+00,0.000000000000000000e+00,0.000000000000000000e+00,0.000000000000000000e+00,1.731643839143771338e-04,3.455383239527735125e-04,1.032451203677762981e-04,6.091752434500827870e-04,1.182000560832949200e-03,1.618566687704413483e-03,0.000000000000000000e+00,0.000000000000000000e+00,0.000000000000000000e+00,0.000000000000000000e+00,0.000000000000000000e+00,0.000000000000000000e+00,0.000000000000000000e+00,0.000000000000000000e+00,0.000000000000000000e+00,0.000000000000000000e+00,0.000000000000000000e+00,0.000000000000000000e+00,0.000000000000000000e+00,0.000000000000000000e+00,0.000000000000000000e+00,0.000000000000000000e+00,0.000000000000000000e+00,0.000000000000000000e+00,0.000000000000000000e+00,0.000000000000000000e+00,0.000000000000000000e+00,0.000000000000000000e+00,0.000000000000000000e+00,0.000000000000000000e+00,0.000000000000000000e+00,0.000000000000000000e+00,0.000000000000000000e+00,0.000000000000000000e+00,0.000000000000000000e+00,0.000000000000000000e+00,0.000000000000000000e+00,0.000000000000000000e+00,0.000000000000000000e+00,0.000000000000000000e+00,0.000000000000000000e+00,0.000000000000000000e+00,0.000000000000000000e+00,0.000000000000000000e+00,0.000000000000000000e+00,0.000000000000000000e+00,0.000000000000000000e+00,0.000000000000000000e+00,0.000000000000000000e+00,0.000000000000000000e+00,0.000000000000000000e+00,0.000000000000000000e+00,0.000000000000000000e+00,0.000000000000000000e+00,0.000000000000000000e+00,6.432360647539944222e-04,4.244863338730578070e-03,0.000000000000000000e+00,0.000000000000000000e+00,0.000000000000000000e+00,0.000000000000000000e+00,0.000000000000000000e+00,0.000000000000000000e+00,0.000000000000000000e+00,3.251955032692217264e-04,6.568624438441333490e-04,8.421464924887717661e-04,8.976544771616073266e-04,8.483490081094716227e-04,7.202460550659970252e-04,5.348561963308680160e-04,3.066423270556371122e-04,4.373539746989270642e-05,0.000000000000000000e+00,0.000000000000000000e+00,0.000000000000000000e+00,8.393210714945281215e-05
4.893915126923967685e-08,0.000000000000000000e+00,0.000000000000000000e+00,0.000000000000000000e+00,0.000000000000000000e+00,0.000000000000000000e+00,0.000000000000000000e+00,0.000000000000000000e+00,0.000000000000000000e+00,0.000000000000000000e+00,0.000000000000000000e+00,0.000000000000000000e+00,0.000000000000000000e+00,0.000000000000000000e+00,0.000000000000000000e+00,0.000000000000000000e+00,0.000000000000000000e+00,0.000000000000000000e+00,0.000000000000000000e+00,0.000000000000000000e+00,0.000000000000000000e+00,0.000000000000000000e+00,0.000000000000000000e+00,0.000000000000000000e+00,0.000000000000000000e+00,0.000000000000000000e+00,0.000000000000000000e+00,0.000000000000000000e+00,0.000000000000000000e+00,0.000000000000000000e+00,0.000000000000000000e+00,0.000000000000000000e+00,0.000000000000000000e+00,0.000000000000000000e+00,0.000000000000000000e+00,0.000000000000000000e+00,0.000000000000000000e+00,5.215046744639295845e-04,0.000000000000000000e+00,0.000000000000000000e+00,0.000000000000000000e+00,0.000000000000000000e+00,0.000000000000000000e+00,0.000000000000000000e+00,0.000000000000000000e+00,0.000000000000000000e+00,0.000000000000000000e+00,0.000000000000000000e+00,0.000000000000000000e+00,0.000000000000000000e+00,1.116210583216719216e-04,2.874992710161026165e-03,9.714855970227088446e-04,0.000000000000000000e+00,0.000000000000000000e+00,0.000000000000000000e+00,0.000000000000000000e+00,0.000000000000000000e+00,0.000000000000000000e+00,0.000000000000000000e+00,0.000000000000000000e+00,0.000000000000000000e+00,0.000000000000000000e+00,0.000000000000000000e+00,9.416074499191664973e-04,1.249676478828744362e-04,0.000000000000000000e+00,0.000000000000000000e+00,0.000000000000000000e+00,2.215491053938479485e-05,2.635471474638295480e-04,2.593496159227603039e-04,2.441523814379023441e-04,2.174960789749528990e-04,1.790321154061316755e-04,1.285331935331321309e-04,6.590368948554771228e-05,8.775616630459851506e-05,3.864939328084614017e-04,6.268579992848877800e-04,7.692004404937729080e-04,7.971907635828045461e-04,7.177995691981586346e-04,5.559269234187967125e-04,3.465463442733525412e-04,1.271685455010656640e-04,0.000000000000000000e+00,0.000000000000000000e+00,0.000000000000000000e+00,0.000000000000000000e+00,0.000000000000000000e+00,3.586701695931626943e-05,2.989292382860873920e-04,6.124244057691081771e-04,9.461348010709746958e-04,1.261035635059458340e-03,1.510328670617165766e-03,1.642629771709676247e-03,1.608016172111647072e-03,1.366678158908491911e-03,8.986642570101701722e-04,2.121806365139852822e-04,0.000000000000000000e+00,0.000000000000000000e+00,0.000000000000000000e+00,0.000000000000000000e+00,0.000000000000000000e+00,0.000000000000000000e+00,0.000000000000000000e+00,0.000000000000000000e+00,0.000000000000000000e+00,0.000000000000000000e+00,0.000000000000000000e+00,0.000000000000000000e+00,0.000000000000000000e+00,0.000000000000000000e+00,0.000000000000000000e+00,0.000000000000000000e+00,0.000000000000000000e+00,0.000000000000000000e+00,0.000000000000000000e+00,0.000000000000000000e+00,0.000000000000000000e+00,0.000000000000000000e+00,0.000000000000000000e+00,0.000000000000000000e+00,0.000000000000000000e+00,0.000000000000000000e+00,0.000000000000000000e+00,0.000000000000000000e+00,0.000000000000000000e+00,0.000000000000000000e+00,0.000000000000000000e+00,0.000000000000000000e+00,0.000000000000000000e+00,0.000000000000000000e+00,0.000000000000000000e+00,0.000000000000000000e+00,0.000000000000000000e+00,0.000000000000000000e+00,0.000000000000000000e+00,0.000000000000000000e+00,0.000000000000000000e+00,2.881139625881106428e-06,7.751044779167779678e-05,1.564623332180259331e-04,2.423944866988922853e-04,3.287206182022651599e-04,4.026983852673525249e-04,4.486489754313733192e-04,4.506246435252898603e-04,3.948028386517076285e-04,2.721801202945391541e-04,8.154142446729488762e-05,0.000000000000000000e+00,0.000000000000000000e+00,0.000000000000000000e+00,0.000000000000000000e+00,0.000000000000000000e+00,0.000000000000000000e+00,0.000000000000000000e+00,0.000000000000000000e+00,0.000000000000000000e+00,0.000000000000000000e+00,0.000000000000000000e+00,0.000000000000000000e+00,0.000000000000000000e+00,0.000000000000000000e+00,0.000000000000000000e+00,0.000000000000000000e+00,0.000000000000000000e+00,0.000000000000000000e+00,0.000000000000000000e+00,0.000000000000000000e+00,0.000000000000000000e+00,0.000000000000000000e+00,0.000000000000000000e+00,0.000000000000000000e+00,6.563047069448857385e-05,2.473397422537194912e-04,4.230167866615428896e-04,5.904857210396319408e-04,1.047125523982781739e-03,1.591906468488601348e-03,1.870151305367209619e-03,1.897569235056290179e-03,1.706012826450326817e-03,1.336811404283081220e-03,1.399353732999769704e-03,1.452680218566381604e-03,1.490232307133550552e-03,1.512693854070882877e-03,1.854989577719794993e-03,3.390935347371856409e-03,0.000000000000000000e+00,0.000000000000000000e+00,1.515570565326209774e-04,1.035995647246497125e-03,2.097790472230826042e-03,3.274749367839752991e-03,4.472153575756970291e-03,5.584898298075429389e-03,6.521348069870235194e-03,7.221511213875266358e-03,7.664729098433646984e-03,0.000000000000000000e+00,0.000000000000000000e+00,0.000000000000000000e+00,0.000000000000000000e+00,0.000000000000000000e+00,0.000000000000000000e+00,0.000000000000000000e+00,0.000000000000000000e+00,0.000000000000000000e+00,0.000000000000000000e+00,0.000000000000000000e+00,0.000000000000000000e+00,3.091888436529946136e-05,0.000000000000000000e+00,0.000000000000000000e+00,0.000000000000000000e+00,0.000000000000000000e+00,0.000000000000000000e+00,0.000000000000000000e+00,0.000000000000000000e+00,0.000000000000000000e+00,0.000000000000000000e+00,0.000000000000000000e+00,0.000000000000000000e+00,0.000000000000000000e+00,0.000000000000000000e+00,5.282313772390671239e-04,1.058879541428432670e-03,1.360976010197152654e-03,1.442878235039088321e-03,1.336995009462603771e-03,1.092791976344960900e-03,7.701390480310698781e-04,4.324537261139205246e-04,1.388090281495637807e-04,0.000000000000000000e+00,1.731503727871088610e-04,8.066437939716484184e-04,1.308077553369154256e-03,1.603960803344230308e-03,1.643439286964800891e-03,1.412352820267902178e-03,9.377086971506153274e-04,4.139146474590674608e-04,2.672513025414740033e-04,1.626858691171482300e-05,0.000000000000000000e+00,0.000000000000000000e+00,0.000000000000000000e+00,0.000000000000000000e+00,0.000000000000000000e+00,0.000000000000000000e+00,0.000000000000000000e+00,0.000000000000000000e+00,0.000000000000000000e+00,0.000000000000000000e+00,0.000000000000000000e+00,0.000000000000000000e+00,0.000000000000000000e+00,0.000000000000000000e+00,0.000000000000000000e+00,0.000000000000000000e+00,0.000000000000000000e+00,0.000000000000000000e+00,0.000000000000000000e+00,0.000000000000000000e+00,0.000000000000000000e+00,0.000000000000000000e+00,0.000000000000000000e+00,0.000000000000000000e+00,0.000000000000000000e+00,0.000000000000000000e+00,3.374533366037603095e-04,1.186602265174155997e-03,3.130604891730703106e-03,0.000000000000000000e+00,0.000000000000000000e+00,0.000000000000000000e+00,0.000000000000000000e+00,0.000000000000000000e+00,0.000000000000000000e+00,0.000000000000000000e+00,0.000000000000000000e+00,0.000000000000000000e+00,0.000000000000000000e+00,0.000000000000000000e+00,4.546110000163021197e-04,9.683990849372197968e-04,1.335081239968494409e-03,1.522341987178720468e-03,1.521544743340271172e-03,1.343189729006658483e-03,1.009421987037898392e-03,5.463129424550742380e-04,0.000000000000000000e+00,0.000000000000000000e+00,0.000000000000000000e+00,0.000000000000000000e+00,0.000000000000000000e+00,0.000000000000000000e+00,0.000000000000000000e+00,0.000000000000000000e+00,0.000000000000000000e+00,0.000000000000000000e+00,0.000000000000000000e+00,0.000000000000000000e+00,0.000000000000000000e+00,0.000000000000000000e+00,0.000000000000000000e+00,0.000000000000000000e+00,0.000000000000000000e+00,1.663381109275603124e-03,0.000000000000000000e+00,0.000000000000000000e+00,0.000000000000000000e+00,0.000000000000000000e+00,0.000000000000000000e+00,0.000000000000000000e+00,0.000000000000000000e+00,0.000000000000000000e+00,0.000000000000000000e+00,0.000000000000000000e+00,0.000000000000000000e+00,0.000000000000000000e+00,6.112458808767067073e-04,1.575726944436136668e-03,2.586324121697410050e-03,3.609768032138124805e-03,4.601377706707770673e-03,5.507130891776673177e-03,0.000000000000000000e+00,0.000000000000000000e+00,0.000000000000000000e+00,0.000000000000000000e+00,0.000000000000000000e+00,0.000000000000000000e+00,0.000000000000000000e+00,1.689834061380623677e-05,5.771062606250829032e-04,4.228034997487284266e-04,1.897239976636913485e-03,3.173966889321278365e-03,4.102403598853231019e-03,4.578382950161169127e-03,4.556954713527760527e-03,4.053568297526875114e-03,3.135242590357017502e-03,1.905712880940620526e-03,4.891368906703145612e-04,2.069442054611816267e-04,2.396020523314086842e-04,2.616009638166508005e-04,2.743029202994945741e-04,2.792170320397867919e-04,2.779396882623357381e-04,2.720855786564547107e-04,2.632268586171269725e-04,2.528322281233217543e-04,2.422107073281618353e-04,2.324679748782648746e-04,2.244646921184755798e-04,1.133793195364014806e-03,2.084300944494721450e-03,2.861945863002456243e-03,3.481421868323938094e-03,3.968196562545634430e-03,4.338886203020871080e-03,4.587622380463920319e-03,4.683569147280261177e-03,4.580418184105768120e-03,4.234083284225352052e-03,3.621861903340203512e-03,2.756031288572242856e-03,1.687262177251824032e-03,4.972435742199234239e-04,1.311176145726296424e-04,8.509565893480511441e-05,2.935767901544952965e-05,0.000000000000000000e+00,0.000000000000000000e+00,0.000000000000000000e+00,0.000000000000000000e+00,0.000000000000000000e+00,0.000000000000000000e+00,0.000000000000000000e+00,0.000000000000000000e+00,0.000000000000000000e+00,3.533895810074769124e-05,6.870357693378108081e-04,1.173457421827732178e-03,1.490353254994275295e-03,1.651019770512946079e-03,1.675958307849246707e-03,2.142322796581885413e-03,2.963455701023041955e-03
0.000000000000000000e+00,0.000000000000000000e+00,0.000000000000000000e+00,0.000000000000000000e+00,0.000000000000000000e+00,0.000000000000000000e+00,0.000000000000000000e+00,0.000000000000000000e+00,0.000000000000000000e+00,0.000000000000000000e+00,0.000000000000000000e+00,0.000000000000000000e+00,0.000000000000000000e+00,0.000000000000000000e+00,0.000000000000000000e+00,0.000000000000000000e+00,0.000000000000000000e+00,0.000000000000000000e+00,0.000000000000000000e+00,0.000000000000000000e+00,0.000000000000000000e+00,0.000000000000000000e+00,0.000000000000000000e+00,0.000000000000000000e+00,0.000000000000000000e+00,0.000000000000000000e+00,0.000000000000000000e+00,0.000000000000000000e+00,0.000000000000000000e+00,0.000000000000000000e+00,0.000000000000000000e+00,0.000000000000000000e+00,0.000000000000000000e+00,0.000000000000000000e+00,0.000000000000000000e+00,0.000000000000000000e+00,0.000000000000000000e+00,0.000000000000000000e+00,0.000000000000000000e+00,0.000000000000000000e+00,0.000000000000000000e+00,0.000000000000000000e+00,0.000000000000000000e+00,0.000000000000000000e+00,0.000000000000000000e+00,0.000000000000000000e+00,0.000000000000000000e+00,0.000000000000000000e+00,0.000000000000000000e+00,0.000000000000000000e+00,0.000000000000000000e+00,0.000000000000000000e+00,0.000000000000000000e+00,0.000000000000000000e+00,0.000000000000000000e+00,0.000000000000000000e+00,0.000000000000000000e+00,0.000000000000000000e+00,7.393009284329050187e-04,1.629769308737320527e-03,1.560464536838437107e-03,1.421308882918770680e-03,1.271091916344883020e-03,1.474544821514775853e-03,1.825387793691125122e-03,2.056094567459021243e-03,2.111558028150917719e-03,1.953061042710720020e-03,1.559932903579397487e-03,9.313278503676221528e-04,8.903423237890037141e-05,0.000000000000000000e+00,0.000000000000000000e+00,0.000000000000000000e+00,0.000000000000000000e+00,0.000000000000000000e+00,0.000000000000000000e+00,0.000000000000000000e+00,0.000000000000000000e+00,0.000000000000000000e+00,0.000000000000000000e+00,8.816481565356366250e-04,1.844870736073942656e-03,2.683025310625151375e-03,3.309578227898436753e-03,3.675140641372608152e-03,3.771857523150170307e-03,3.630336522390960850e-03,3.310603065906347724e-03,2.889141692513252056e-03,3.264435078912887502e-03,4.279495829534740725e-03,0.000000000000000000e+00,0.000000000000000000e+00,0.000000000000000000e+00,0.000000000000000000e+00,0.000000000000000000e+00,0.000000000000000000e+00,0.000000000000000000e+00,0.000000000000000000e+00,0.000000000000000000e+00,0.000000000000000000e+00,0.000000000000000000e+00,0.000000000000000000e+00,0.000000000000000000e+00,0.000000000000000000e+00,0.000000000000000000e+00,0.000000000000000000e+00,0.000000000000000000e+00,0.000000000000000000e+00,0.000000000000000000e+00,0.000000000000000000e+00,0.000000000000000000e+00,0.000000000000000000e+00,0.000000000000000000e+00,0.000000000000000000e+00,0.000000000000000000e+00,0.000000000000000000e+00,0.000000000000000000e+00,0.000000000000000000e+00,0.000000000000000000e+00,0.000000000000000000e+00,0.000000000000000000e+00,0.000000000000000000e+00,0.000000000000000000e+00,0.000000000000000000e+00,0.000000000000000000e+00,0.000000000000000000e+00,0.000000000000000000e+00,0.000000000000000000e+00,0.000000000000000000e+00,0.000000000000000000e+00,0.000000000000000000e+00,0.000000000000000000e+00,0.000000000000000000e+00,0.000000000000000000e+00,0.000000000000000000e+00,0.000000000000000000e+00,0.000000000000000000e+00,0.000000000000000000e+00,0.000000000000000000e+00,0.000000000000000000e+00,0.000000000000000000e+00,0.000000000000000000e+00,0.000000000000000000e+00,0.000000000000000000e+00,0.000000000000000000e+00,0.000000000000000000e+00,7.510787834899444390e-04,2.855143780563031836e-03,0.000000000000000000e+00,0.000000000000000000e+00,0.000000000000000000e+00,0.000000000000000000e+00,0.000000000000000000e+00,0.000000000000000000e+00,0.000000000000000000e+00,0.000000000000000000e+00,0.000000000000000000e+00,0.000000000000000000e+00,0.000000000000000000e+00,0.000000000000000000e+00,0.000000000000000000e+00,0.000000000000000000e+00,4.115114130069007442e-04,7.091608516799401346e-04,7.647634166675249283e-04,6.009111014390733753e-04,2.764268172628493270e-04,0.000000000000000000e+00,0.000000000000000000e+00,0.000000000000000000e+00,0.000000000000000000e+00,0.000000000000000000e+00,0.000000000000000000e+00,0.000000000000000000e+00,0.000000000000000000e+00,0.000000000000000000e+00,0.000000000000000000e+00,0.000000000000000000e+00,0.000000000000000000e+00,0.000000000000000000e+00,0.000000000000000000e+00,0.000000000000000000e+00,0.000000000000000000e+00,0.000000000000000000e+00,0.000000000000000000e+00,0.000000000000000000e+00,0.000000000000000000e+00,0.000000000000000000e+00,8.461029977277859939e-05,4.247696249354845715e-04,6.395987483008330927e-04,7.284869126793914584e-04,0.000000000000000000e+00,0.000000000000000000e+00,0.000000000000000000e+00,0.000000000000000000e+00,1.109828331741165774e-03,1.597803725039512006e-03,0.000000000000000000e+00,0.000000000000000000e+00,0.000000000000000000e+00,0.000000000000000000e+00,0.000000000000000000e+00,0.000000000000000000e+00,0.000000000000000000e+00,0.000000000000000000e+00,0.000000000000000000e+00,0.000000000000000000e+00,0.000000000000000000e+00,0.000000000000000000e+00,0.000000000000000000e+00,0.000000000000000000e+00,0.000000000000000000e+00,0.000000000000000000e+00,0.000000000000000000e+00,0.000000000000000000e+00,0.000000000000000000e+00,0.000000000000000000e+00,0.000000000000000000e+00,0.000000000000000000e+00,2.738588450245565357e-03,4.890973933309685677e-04,0.000000000000000000e+00,0.000000000000000000e+00,0.000000000000000000e+00,0.000000000000000000e+00,0.000000000000000000e+00,0.000000000000000000e+00,2.541592821986645595e-04,8.679233237844960046e-04,1.366087669461722807e-03,1.700860176365382153e-03,1.861840907210447196e-03,1.871309411714582819e-03,1.771160005116704074e-03,1.607219729154593050e-03,1.417066131623936388e-03,1.225139103376083390e-03,1.045243786681384485e-03,8.872844306694930260e-04,7.636391711537935962e-04,6.913699689934353501e-04,6.888062697315219807e-04,7.677420041281727073e-04,1.280636756431735319e-03,1.821348567927504047e-03,2.274878952837941070e-03,2.557745810744717178e-03,2.600469240550024128e-03,2.366507968394345081e-03,1.863863690233583722e-03,1.146401372918077729e-03,3.051550790830130210e-04,0.000000000000000000e+00,8.286685261078492769e-05,2.613954716145897614e-04,4.479876070496639057e-04,6.396491882200155835e-04,8.330945005128318533e-04,3.505110264091789319e-03,2.127197065642438475e-03,0.000000000000000000e+00,0.000000000000000000e+00,1.061484047420583644e-03,2.041924345266829099e-03,2.751366636412335039e-03,3.169508638926584517e-03,3.324052656758907758e-03,3.274241487366498504e-03,3.090060556885918398e-03,2.833978221828647049e-03,2.550221598433516368e-03,2.263051884682264810e-03,1.982011396202141944e-03,1.710093960832414486e-03,1.450824478924527070e-03,1.211768853317713585e-03,1.004073479453526001e-03,8.392466699958006822e-04,7.251350152486483883e-04,6.628426180531187418e-04,6.455639864702776825e-04,2.263606670871448710e-03,0.000000000000000000e+00,0.000000000000000000e+00,0.000000000000000000e+00,0.000000000000000000e+00,0.000000000000000000e+00,0.000000000000000000e+00,0.000000000000000000e+00,1.177590097981133250e-04,2.347033976348151358e-04,2.427271681060136561e-04,0.000000000000000000e+00,0.000000000000000000e+00,0.000000000000000000e+00,0.000000000000000000e+00,0.000000000000000000e+00,0.000000000000000000e+00,0.000000000000000000e+00,0.000000000000000000e+00,0.000000000000000000e+00,0.000000000000000000e+00,0.000000000000000000e+00,0.000000000000000000e+00,0.000000000000000000e+00,0.000000000000000000e+00,0.000000000000000000e+00,0.000000000000000000e+00,0.000000000000000000e+00,0.000000000000000000e+00,0.000000000000000000e+00,0.000000000000000000e+00,0.000000000000000000e+00,2.865201915765539517e-04,8.569921284402726288e-04,1.117730123140748622e-03,9.380070718117268730e-05,5.736443572708586208e-04,1.061444693285419454e-03,1.509707376787695768e-03,1.759132824832371298e-03,0.000000000000000000e+00,0.000000000000000000e+00,0.000000000000000000e+00,0.000000000000000000e+00,0.000000000000000000e+00,1.861957920731828150e-04,9.026679880469533996e-04,1.635052393276192114e-03,2.323548260025607316e-03,2.914989248774857260e-03,3.368385497745942335e-03,3.656747864207976137e-03,3.766484153837531754e-03,3.696179817067383761e-03,3.455959704284782170e-03,3.067418558997301280e-03,2.563227693091980897e-03,1.985360430051604386e-03,1.381438752320305902e-03,7.994442431001957472e-04,2.815228100753905350e-04,2.356544682076010931e-06,2.353398575626264517e-04,2.521773270942522589e-04,6.863636925550275960e-05,0.000000000000000000e+00,0.000000000000000000e+00,0.000000000000000000e+00,0.000000000000000000e+00,0.000000000000000000e+00,0.000000000000000000e+00,0.000000000000000000e+00,0.000000000000000000e+00,0.000000000000000000e+00,0.000000000000000000e+00,0.000000000000000000e+00,0.000000000000000000e+00,0.000000000000000000e+00,0.000000000000000000e+00,0.000000000000000000e+00,3.141845376016639906e-04,7.533727385325163749e-04,9.752849474301587222e-04,9.395774998860497969e-04,6.298882007563319117e-04,6.111773731718176045e-05,0.000000000000000000e+00,0.000000000000000000e+00,0.000000000000000000e+00,0.000000000000000000e+00,0.000000000000000000e+00,2.249767502231453213e-03,4.126899962606807477e-03,3.251865613270025525e-03,2.211640113641127718e-03,3.072803097618213245e-03,3.526822052852072748e-03,3.631407559810573456e-03,3.493771231565652620e-03,3.238402622706071203e-03,2.977766214108462910e-03,2.793539538091110996e-03,0.000000000000000000e+00,0.000000000000000000e+00,0.000000000000000000e+00,0.000000000000000000e+00,0.000000000000000000e+00,0.000000000000000000e+00,0.000000000000000000e+00,0.000000000000000000e+00,0.000000000000000000e+00,0.000000000000000000e+00,0.000000000000000000e+00,0.000000000000000000e+00,0.000000000000000000e+00,0.000000000000000000e+00
3.071579565721335286e-08,4.352177974249521377e-04,8.905102262102203791e-05,0.000000000000000000e+00,1.253898658303117565e-03,1.969412046677994018e-04,2.223565226338693657e-04,4.996752592577657132e-06,7.147977558744078586e-04,1.527118562446193621e-03,2.415051254800683680e-03,3.336203869643735321e-03,4.224322030546991992e-03,4.990222422146513813e-03,5.534414633788173506e-03,5.768775348573814202e-03,4.117157638993303344e-03,3.595198409163753630e-03,2.884774487965994540e-03,2.055798134801244126e-03,1.219229878044784943e-03,5.054425614591835517e-04,3.679504298719831693e-05,4.717235592545229641e-04,8.968916263053139555e-04,8.463176224116075730e-04,0.000000000000000000e+00,0.000000000000000000e+00,0.000000000000000000e+00,2.627077660857474485e-05,2.103948493493864550e-04,2.783888196573664126e-04,2.268262924692118938e-04,7.234577778808502237e-05,0.000000000000000000e+00,0.000000000000000000e+00,0.000000000000000000e+00,0.000000000000000000e+00,0.000000000000000000e+00,0.000000000000000000e+00,0.000000000000000000e+00,0.000000000000000000e+00,0.000000000000000000e+00,1.771792686705382289e-04,4.324308661414609945e-04,7.009956184261024754e-04,9.803021200621021402e-04,1.267677895840191348e-03,1.816015571484756470e-03,1.814208047123109764e-03,2.240957423278210243e-03,4.165434255797764891e-03,3.241295130361272064e-03,0.000000000000000000e+00,0.000000000000000000e+00,0.000000000000000000e+00,0.000000000000000000e+00,0.000000000000000000e+00,0.000000000000000000e+00,0.000000000000000000e+00,0.000000000000000000e+00,0.000000000000000000e+00,0.000000000000000000e+00,0.000000000000000000e+00,0.000000000000000000e+00,0.000000000000000000e+00,0.000000000000000000e+00,0.000000000000000000e+00,0.000000000000000000e+00,2.454210669766126855e-04,8.557969039612744631e-04,1.348051774359142196e-03,1.713838717886809540e-03,1.959787271407076661e-03,2.102807983062861524e-03,2.164738286252499387e-03,2.168450790163587924e-03,2.136227414499836889e-03,2.089641760292258992e-03,2.049287474936458547e-03,2.033032158163211416e-03,2.052778319576332305e-03,2.111134424349479788e-03,2.200023045971003649e-03,2.302637932064471350e-03,2.398621562945379634e-03,2.470765026537306407e-03,2.510738847185666443e-03,2.521728443671767284e-03,2.517089814153560239e-03,2.515681754034354567e-03,2.535684290095501295e-03,2.589108913865775276e-03,2.467785245733093713e-03,0.000000000000000000e+00,0.000000000000000000e+00,0.000000000000000000e+00,0.000000000000000000e+00,0.000000000000000000e+00,0.000000000000000000e+00,0.000000000000000000e+00,1.826356212044621670e-05,1.075836000151368004e-03,2.125283718649255069e-03,3.055298722170313262e-03,3.767377438821743404e-03,4.192758450925507425e-03,4.303506263513187310e-03,4.115367092871808317e-03,3.682199871097295140e-03,3.083955398753747672e-03,2.411578435994182323e-03,1.752498427560450706e-03,1.179556755982699408e-03,7.447403655071424848e-04,4.774417221781246455e-04,3.857058182728373679e-04,4.584266651102284536e-04,6.669454837118647846e-04,9.658231607185080404e-04,1.294147410553213653e-03,1.579749761645083891e-03,1.748345881728611889e-03,1.737750207190930573e-03,1.514489726319828656e-03,1.087744181062399312e-03,5.148395621831663473e-04,0.000000000000000000e+00,0.000000000000000000e+00,0.000000000000000000e+00,0.000000000000000000e+00,0.000000000000000000e+00,0.000000000000000000e+00,1.611569575498852762e-04,8.337602635627865176e-04,1.438134338635963004e-03,1.875620197686257273e-03,2.083399105749255374e-03,0.000000000000000000e+00,0.000000000000000000e+00,0.000000000000000000e+00,0.000000000000000000e+00,1.679343957307215729e-03,1.269037352085534108e-03,0.000000000000000000e+00,0.000000000000000000e+00,0.000000000000000000e+00,0.000000000000000000e+00,0.000000000000000000e+00,0.000000000000000000e+00,0.000000000000000000e+00,0.000000000000000000e+00,0.000000000000000000e+00,1.443759566514128114e-03,0.000000000000000000e+00,0.000000000000000000e+00,0.000000000000000000e+00,0.000000000000000000e+00,0.000000000000000000e+00,0.000000000000000000e+00,0.000000000000000000e+00,0.000000000000000000e+00,0.000000000000000000e+00,0.000000000000000000e+00,0.000000000000000000e+00,0.000000000000000000e+00,0.000000000000000000e+00,0.000000000000000000e+00,0.000000000000000000e+00,0.000000000000000000e+00,0.000000000000000000e+00,6.265654047786376260e-04,1.409277648764019732e-03,2.232181846421788310e-03,3.023987099701649396e-03,3.724889700812677312e-03,4.300829364289056322e-03,4.744695377236209446e-03,0.000000000000000000e+00,0.000000000000000000e+00,0.000000000000000000e+00,0.000000000000000000e+00,0.000000000000000000e+00,0.000000000000000000e+00,0.000000000000000000e+00,0.000000000000000000e+00,0.000000000000000000e+00,0.000000000000000000e+00,0.000000000000000000e+00,1.980537670704948273e-03,6.022335122789436359e-04,5.236596460323933612e-05,1.070904238953112334e-04,1.553287309947449200e-04,1.034235001378645835e-04,0.000000000000000000e+00,0.000000000000000000e+00,0.000000000000000000e+00,0.000000000000000000e+00,0.000000000000000000e+00,0.000000000000000000e+00,0.000000000000000000e+00,0.000000000000000000e+00,0.000000000000000000e+00,0.000000000000000000e+00,0.000000000000000000e+00,0.000000000000000000e+00,0.000000000000000000e+00,0.000000000000000000e+00,0.000000000000000000e+00,0.000000000000000000e+00,4.474903438966505633e-04,1.316856081642192935e-03,0.000000000000000000e+00,0.000000000000000000e+00,0.000000000000000000e+00,0.000000000000000000e+00,0.000000000000000000e+00,0.000000000000000000e+00,0.000000000000000000e+00,0.000000000000000000e+00,0.000000000000000000e+00,0.000000000000000000e+00,0.000000000000000000e+00,0.000000000000000000e+00,0.000000000000000000e+00,3.820431389761483397e-04,1.033137533865114603e-03,1.740189558458304833e-03,2.403715528635229619e-03,1.680176089881628854e-03,8.848029673156097364e-04,0.000000000000000000e+00,0.000000000000000000e+00,0.000000000000000000e+00,0.000000000000000000e+00,0.000000000000000000e+00,0.000000000000000000e+00,0.000000000000000000e+00,0.000000000000000000e+00,0.000000000000000000e+00,0.000000000000000000e+00,0.000000000000000000e+00,0.000000000000000000e+00,0.000000000000000000e+00,0.000000000000000000e+00,0.000000000000000000e+00,0.000000000000000000e+00,0.000000000000000000e+00,0.000000000000000000e+00,0.000000000000000000e+00,0.000000000000000000e+00,0.000000000000000000e+00,0.000000000000000000e+00,0.000000000000000000e+00,0.000000000000000000e+00,0.000000000000000000e+00,0.000000000000000000e+00,0.000000000000000000e+00,0.000000000000000000e+00,0.000000000000000000e+00,0.000000000000000000e+00,0.000000000000000000e+00,0.000000000000000000e+00,0.000000000000000000e+00,0.000000000000000000e+00,0.000000000000000000e+00,0.000000000000000000e+00,0.000000000000000000e+00,0.000000000000000000e+00,0.000000000000000000e+00,0.000000000000000000e+00,0.000000000000000000e+00,0.000000000000000000e+00,0.000000000000000000e+00,0.000000000000000000e+00,0.000000000000000000e+00,0.000000000000000000e+00,0.000000000000000000e+00,0.000000000000000000e+00,0.000000000000000000e+00,0.000000000000000000e+00,0.000000000000000000e+00,0.000000000000000000e+00,0.000000000000000000e+00,0.000000000000000000e+00,0.000000000000000000e+00,0.000000000000000000e+00,0.000000000000000000e+00,0.000000000000000000e+00,3.196067315666198936e-04,5.693378725802083389e-04,5.606859155755115681e-04,2.972450487915067685e-04,0.000000000000000000e+00,0.000000000000000000e+00,0.000000000000000000e+00,0.000000000000000000e+00,0.000000000000000000e+00,0.000000000000000000e+00,0.000000000000000000e+00,0.000000000000000000e+00,0.000000000000000000e+00,0.000000000000000000e+00,0.000000000000000000e+00,0.000000000000000000e+00,0.000000000000000000e+00,0.000000000000000000e+00,0.000000000000000000e+00,0.000000000000000000e+00,0.000000000000000000e+00,0.000000000000000000e+00,0.000000000000000000e+00,0.000000000000000000e+00,0.000000000000000000e+00,0.000000000000000000e+00,0.000000000000000000e+00,0.000000000000000000e+00,0.000000000000000000e+00,0.000000000000000000e+00,0.000000000000000000e+00,4.688227922396879469e-04,1.057207831631481239e-03,1.467868212652298108e-03,1.659522022944909725e-03,1.632507363724890323e-03,1.429467965553532765e-03,1.122363390276489431e-03,7.899503892377471607e-04,4.941393642406608465e-04,2.643654344365849802e-04,9.578872061728472805e-05,0.000000000000000000e+00,0.000000000000000000e+00,0.000000000000000000e+00,0.000000000000000000e+00,0.000000000000000000e+00,0.000000000000000000e+00,0.000000000000000000e+00,0.000000000000000000e+00,2.577236835235495135e-04,7.433545311944025902e-04,1.230226349771290336e-03,1.626023543502696719e-03,1.843614109347197676e-03,1.819243632547559155e-03,1.526684878410731897e-03,9.839346596646181796e-04,5.817311467802880557e-04,6.962225533094268436e-04,6.559487067521365799e-04,4.342674573083078206e-04,3.379296994266000074e-05,0.000000000000000000e+00,0.000000000000000000e+00,0.000000000000000000e+00,0.000000000000000000e+00,0.000000000000000000e+00,0.000000000000000000e+00,0.000000000000000000e+00,0.000000000000000000e+00,0.000000000000000000e+00,0.000000000000000000e+00,0.000000000000000000e+00,0.000000000000000000e+00,0.000000000000000000e+00,0.000000000000000000e+00,0.000000000000000000e+00,0.000000000000000000e+00,0.000000000000000000e+00,0.000000000000000000e+00,0.000000000000000000e+00,0.000000000000000000e+00,0.000000000000000000e+00,0.000000000000000000e+00,0.000000000000000000e+00,0.000000000000000000e+00,0.000000000000000000e+00,5.343709066561680925e-05,1.370778524517826267e-04,2.310103754375892736e-04,3.348496936523804538e-04,4.479733384758000157e-04,5.695360809474494168e-04,6.984876127047837417e-04,8.335941787468124919e-04,9.734664910651208381e-04,1.116588588123955091e-03,1.261350864261412495e-03,1.406086344892143675e-03,1.549107520712599212e-03,1.688742888703869197e-03,1.823376456269688081e-03,1.951482443805651126e-03,2.071660341540743945e-03,2.182663765941278769e-03,2.283430316575426819e-03,2.373102026466912193e-03,2.451042261655911846e-03,2.516848860509937960e-03
0.000000000000000000e+00,4.541225866175383993e-04,8.340643927666657916e-04,0.000000000000000000e+00,0.000000000000000000e+00,0.000000000000000000e+00,0.000000000000000000e+00,0.000000000000000000e+00,0.000000000000000000e+00,0.000000000000000000e+00,0.000000000000000000e+00,0.000000000000000000e+00,0.000000000000000000e+00,0.000000000000000000e+00,0.000000000000000000e+00,0.000000000000000000e+00,0.000000000000000000e+00,0.000000000000000000e+00,0.000000000000000000e+00,0.000000000000000000e+00,0.000000000000000000e+00,0.000000000000000000e+00,0.000000000000000000e+00,0.000000000000000000e+00,0.000000000000000000e+00,0.000000000000000000e+00,0.000000000000000000e+00,6.204637840189340019e-04,1.664364874891723729e-03,2.485033422825810596e-03,3.048477075990096118e-03,3.346027282286570103e-03,3.386515834292591707e-03,3.188816515779389384e-03,2.777125917985797266e-03,2.179431907580949533e-03,1.427941253736861663e-03,5.594835233440735318e-04,0.000000000000000000e+00,0.000000000000000000e+00,8.271579625514372599e-05,3.331513147917910590e-04,6.044307112779798586e-04,8.020697909998357076e-04,8.267036174717839114e-04,6.014297613317424454e-04,9.517688192726530541e-05,0.000000000000000000e+00,0.000000000000000000e+00,0.000000000000000000e+00,0.000000000000000000e+00,0.000000000000000000e+00,0.000000000000000000e+00,0.000000000000000000e+00,0.000000000000000000e+00,0.000000000000000000e+00,0.000000000000000000e+00,0.000000000000000000e+00,0.000000000000000000e+00,0.000000000000000000e+00,1.204391188803749757e-04,1.336835938003236041e-03,2.364130612020399081e-03,3.101707402508587213e-03,3.495653033887998785e-03,3.546478323705307394e-03,3.300588179332173376e-03,2.829910750087835745e-03,2.208688800230143752e-03,1.496830009964257710e-03,7.353818732901131958e-04,0.000000000000000000e+00,0.000000000000000000e+00,0.000000000000000000e+00,2.676853734254933202e-03,3.603200761788724962e-03,2.779832784833953345e-03,0.000000000000000000e+00,0.000000000000000000e+00,0.000000000000000000e+00,0.000000000000000000e+00,0.000000000000000000e+00,5.726965452329176596e-04,1.618686656773417158e-03,1.289970037076449859e-03,1.783770506530677922e-03,2.222707438560859484e-03,2.547297841806281382e-03,2.714793876229150069e-03,2.690572270513573797e-03,2.439412217315746305e-03,1.925437581170421145e-03,1.123437926859591814e-03,3.680015060279775659e-05,0.000000000000000000e+00,0.000000000000000000e+00,0.000000000000000000e+00,0.000000000000000000e+00,0.000000000000000000e+00,0.000000000000000000e+00,0.000000000000000000e+00,0.000000000000000000e+00,0.000000000000000000e+00,0.000000000000000000e+00,0.000000000000000000e+00,0.000000000000000000e+00,0.000000000000000000e+00,6.092999772323767885e-05,0.000000000000000000e+00,0.000000000000000000e+00,0.000000000000000000e+00,0.000000000000000000e+00,0.000000000000000000e+00,0.000000000000000000e+00,0.000000000000000000e+00,0.000000000000000000e+00,0.000000000000000000e+00,0.000000000000000000e+00,0.000000000000000000e+00,0.000000000000000000e+00,0.000000000000000000e+00,0.000000000000000000e+00,0.000000000000000000e+00,0.000000000000000000e+00,0.000000000000000000e+00,0.000000000000000000e+00,0.000000000000000000e+00,0.000000000000000000e+00,0.000000000000000000e+00,0.000000000000000000e+00,0.000000000000000000e+00,0.000000000000000000e+00,5.533408149304197337e-04,0.000000000000000000e+00,0.000000000000000000e+00,0.000000000000000000e+00,0.000000000000000000e+00,0.000000000000000000e+00,0.000000000000000000e+00,7.776714045540251963e-05,1.923673035973246827e-03,0.000000000000000000e+00,0.000000000000000000e+00,1.684449796282290633e-05,6.884296134699098048e-04,1.356181809921426290e-03,1.962705356721237970e-03,2.451440922397578933e-03,2.771227784380379464e-03,2.879724083972415565e-03,2.746049712066866814e-03,2.353487174760701597e-03,1.702962491979402018e-03,8.173419355709788357e-04,0.000000000000000000e+00,0.000000000000000000e+00,0.000000000000000000e+00,0.000000000000000000e+00,0.000000000000000000e+00,0.000000000000000000e+00,0.000000000000000000e+00,0.000000000000000000e+00,0.000000000000000000e+00,0.000000000000000000e+00,0.000000000000000000e+00,0.000000000000000000e+00,0.000000000000000000e+00,0.000000000000000000e+00,0.000000000000000000e+00,0.000000000000000000e+00,0.000000000000000000e+00,0.000000000000000000e+00,0.000000000000000000e+00,0.000000000000000000e+00,0.000000000000000000e+00,0.000000000000000000e+00,0.000000000000000000e+00,0.000000000000000000e+00,0.000000000000000000e+00,0.000000000000000000e+00,0.000000000000000000e+00,0.000000000000000000e+00,0.000000000000000000e+00,0.000000000000000000e+00,0.000000000000000000e+00,0.000000000000000000e+00,3.424121031505586248e-04,6.823162102723808646e-04,1.006742331794220060e-03,3.150109088313526959e-03,4.526772037783399760e-03,0.000000000000000000e+00,0.000000000000000000e+00,0.000000000000000000e+00,0.000000000000000000e+00,0.000000000000000000e+00,0.000000000000000000e+00,0.000000000000000000e+00,0.000000000000000000e+00,0.000000000000000000e+00,0.000000000000000000e+00,0.000000000000000000e+00,1.714934623143924634e-04,1.077029117223049807e-03,1.812965468754931505e-03,2.308156099763873821e-03,2.534702728203729744e-03,2.509209924636119065e-03,2.281444952409034110e-03,1.915238576850173628e-03,1.468920227559934082e-03,9.818589387394528745e-04,4.705527887858187834e-04,0.000000000000000000e+00,0.000000000000000000e+00,0.000000000000000000e+00,0.000000000000000000e+00,0.000000000000000000e+00,0.000000000000000000e+00,0.000000000000000000e+00,0.000000000000000000e+00,0.000000000000000000e+00,0.000000000000000000e+00,0.000000000000000000e+00,0.000000000000000000e+00,0.000000000000000000e+00,0.000000000000000000e+00,0.000000000000000000e+00,0.000000000000000000e+00,0.000000000000000000e+00,2.646354281053601792e-04,5.777036147478753752e-04,7.406918600322630981e-04,7.532042360494017527e-04,6.273202507094580811e-04,3.908852482200467801e-04,8.815078061205766104e-05,0.000000000000000000e+00,0.000000000000000000e+00,0.000000000000000000e+00,0.000000000000000000e+00,0.000000000000000000e+00,0.000000000000000000e+00,3.659040860841661206e-04,1.703521298554149443e-03,1.304696225997453978e-03,2.467027784321729525e-04,0.000000000000000000e+00,0.000000000000000000e+00,0.000000000000000000e+00,0.000000000000000000e+00,0.000000000000000000e+00,0.000000000000000000e+00,0.000000000000000000e+00,0.000000000000000000e+00,0.000000000000000000e+00,0.000000000000000000e+00,0.000000000000000000e+00,0.000000000000000000e+00,0.000000000000000000e+00,0.000000000000000000e+00,2.764395717463747053e-03,9.442416517979049977e-04,0.000000000000000000e+00,0.000000000000000000e+00,0.000000000000000000e+00,2.604589010818650265e-04,6.451414225599492796e-04,1.038816687160014351e-03,1.376191254220806215e-03,1.618369972927579574e-03,1.763291020607948888e-03,2.832790965378928234e-03,0.000000000000000000e+00,0.000000000000000000e+00,0.000000000000000000e+00,0.000000000000000000e+00,0.000000000000000000e+00,0.000000000000000000e+00,0.000000000000000000e+00,0.000000000000000000e+00,0.000000000000000000e+00,0.000000000000000000e+00,0.000000000000000000e+00,0.000000000000000000e+00,0.000000000000000000e+00,0.000000000000000000e+00,0.000000000000000000e+00,1.778164753330269739e-03,3.285241433670629298e-03,0.000000000000000000e+00,0.000000000000000000e+00,0.000000000000000000e+00,0.000000000000000000e+00,0.000000000000000000e+00,0.000000000000000000e+00,0.000000000000000000e+00,0.000000000000000000e+00,0.000000000000000000e+00,0.000000000000000000e+00,0.000000000000000000e+00,0.000000000000000000e+00,0.000000000000000000e+00,0.000000000000000000e+00,0.000000000000000000e+00,0.000000000000000000e+00,0.000000000000000000e+00,0.000000000000000000e+00,0.000000000000000000e+00,0.000000000000000000e+00,0.000000000000000000e+00,1.332198208802410190e-04,1.829278365180662556e-03,3.470988353860750969e-03,4.896715391169652494e-03,5.968497107864454039e-03,6.595670509379194732e-03,6.748052922248071357e-03,6.455966767277841571e-03,5.798151793929283947e-03,4.881875914060543331e-03,3.821306895702724672e-03,2.719866116270090381e-03,3.243694362551332797e-03,0.000000000000000000e+00,9.115775656016679353e-04,2.140912720293703178e-03,2.798469957978548962e-03,3.542811890212982200e-03,3.692184882051235701e-03,3.847402497482299046e-03,3.823096654893392340e-03,3.628050217501498434e-03,0.000000000000000000e+00,0.000000000000000000e+00,0.000000000000000000e+00,0.000000000000000000e+00,0.000000000000000000e+00,0.000000000000000000e+00,0.000000000000000000e+00,0.000000000000000000e+00,0.000000000000000000e+00,0.000000000000000000e+00,0.000000000000000000e+00,0.000000000000000000e+00,0.000000000000000000e+00,0.000000000000000000e+00,0.000000000000000000e+00,0.000000000000000000e+00,0.000000000000000000e+00,0.000000000000000000e+00,0.000000000000000000e+00,0.000000000000000000e+00,0.000000000000000000e+00,0.000000000000000000e+00,0.000000000000000000e+00,0.000000000000000000e+00,1.999498853993454239e-03,1.575633627048472380e-05,0.000000000000000000e+00,0.000000000000000000e+00,0.000000000000000000e+00,0.000000000000000000e+00,0.000000000000000000e+00,0.000000000000000000e+00,0.000000000000000000e+00,0.000000000000000000e+00,0.000000000000000000e+00,3.967178953496252816e-05,8.405726644205024911e-04,1.682133193714858760e-03,5.908091961013051119e-03,0.000000000000000000e+00,0.000000000000000000e+00,0.000000000000000000e+00,0.000000000000000000e+00,0.000000000000000000e+00,0.000000000000000000e+00,0.000000000000000000e+00,0.000000000000000000e+00,0.000000000000000000e+00,1.382433275123923179e-03,2.925584873292323175e-03,4.316971631553140690e-03,5.471573298190672216e-03,6.338675612791176521e-03,6.900986605612600445e-03,7.168786216985841529e-03,7.171836387801165322e-03,6.951717127206723072e-03,6.556414359696147859e-03,6.037468406498045122e-03,5.448406123798814338e-03,4.842190937992372698e-03,4.265817028590891680e-03,3.751963256262281447e-03,3.310085347245192607e-03,2.921095842999793957e-03,2.539580856910281497e-03,2.105105512743150366e-03
5.019888978314047721e-08,2.548347422017416416e-04,1.666346754917161146e-04,5.064467726738378854e-05,7.802717470094471355e-05,1.082582735137396307e-04,1.396062026243496360e-04,1.702063787375403020e-04,1.981141917674785456e-04,2.213669960178390279e-04,2.380433336112750366e-04,2.463284536271735073e-04,4.916310508255780903e-04,8.054676252871103160e-04,1.121878243993323790e-03,1.406157583625845895e-03,1.618309295727774367e-03,1.724845017515224972e-03,1.709897487362094194e-03,1.580590783315559324e-03,1.364108292221718772e-03,1.097859844828101648e-03,8.173736696320257553e-04,5.473646169328228069e-04,2.994019792127599515e-04,7.587237626033344507e-05,0.000000000000000000e+00,0.000000000000000000e+00,0.000000000000000000e+00,0.000000000000000000e+00,0.000000000000000000e+00,0.000000000000000000e+00,0.000000000000000000e+00,0.000000000000000000e+00,0.000000000000000000e+00,0.000000000000000000e+00,0.000000000000000000e+00,0.000000000000000000e+00,0.000000000000000000e+00,0.000000000000000000e+00,0.000000000000000000e+00,0.000000000000000000e+00,0.000000000000000000e+00,0.000000000000000000e+00,0.000000000000000000e+00,0.000000000000000000e+00,0.000000000000000000e+00,0.000000000000000000e+00,0.000000000000000000e+00,0.000000000000000000e+00,0.000000000000000000e+00,0.000000000000000000e+00,0.000000000000000000e+00,0.000000000000000000e+00,0.000000000000000000e+00,0.000000000000000000e+00,0.000000000000000000e+00,0.000000000000000000e+00,0.000000000000000000e+00,0.000000000000000000e+00,0.000000000000000000e+00,0.000000000000000000e+00,0.000000000000000000e+00,0.000000000000000000e+00,0.000000000000000000e+00,0.000000000000000000e+00,0.000000000000000000e+00,0.000000000000000000e+00,0.000000000000000000e+00,0.000000000000000000e+00,0.000000000000000000e+00,0.000000000000000000e+00,0.000000000000000000e+00,0.000000000000000000e+00,0.000000000000000000e+00,0.000000000000000000e+00,0.000000000000000000e+00,0.000000000000000000e+00,0.000000000000000000e+00,0.000000000000000000e+00,0.000000000000000000e+00,0.000000000000000000e+00,0.000000000000000000e+00,0.000000000000000000e+00,1.746479521267353948e-05,7.917622909819947924e-05,8.541639758170953549e-05,3.381788026525548813e-05,0.000000000000000000e+00,0.000000000000000000e+00,0.000000000000000000e+00,0.000000000000000000e+00,0.000000000000000000e+00,0.000000000000000000e+00,0.000000000000000000e+00,0.000000000000000000e+00,0.000000000000000000e+00,0.000000000000000000e+00,0.000000000000000000e+00,0.000000000000000000e+00,0.000000000000000000e+00,0.000000000000000000e+00,0.000000000000000000e+00,0.000000000000000000e+00,0.000000000000000000e+00,0.000000000000000000e+00,0.000000000000000000e+00,0.000000000000000000e+00,0.000000000000000000e+00,0.000000000000000000e+00,0.000000000000000000e+00,0.000000000000000000e+00,0.000000000000000000e+00,0.000000000000000000e+00,0.000000000000000000e+00,0.000000000000000000e+00,0.000000000000000000e+00,0.000000000000000000e+00,0.000000000000000000e+00,0.000000000000000000e+00,0.000000000000000000e+00,1.638635951280131267e-05,1.067884853167490496e-03,0.000000000000000000e+00,0.000000000000000000e+00,0.000000000000000000e+00,0.000000000000000000e+00,0.000000000000000000e+00,0.000000000000000000e+00,0.000000000000000000e+00,0.000000000000000000e+00,0.000000000000000000e+00,0.000000000000000000e+00,0.000000000000000000e+00,0.000000000000000000e+00,0.000000000000000000e+00,5.957469819762712098e-04,1.610485738446970063e-03,2.650002244344808536e-03,3.649663544739693063e-03,4.545515422198008297e-03,0.000000000000000000e+00,0.000000000000000000e+00,0.000000000000000000e+00,0.000000000000000000e+00,0.000000000000000000e+00,0.000000000000000000e+00,0.000000000000000000e+00,0.000000000000000000e+00,0.000000000000000000e+00,0.000000000000000000e+00,7.890846131034953638e-05,0.000000000000000000e+00,0.000000000000000000e+00,0.000000000000000000e+00,0.000000000000000000e+00,0.000000000000000000e+00,0.000000000000000000e+00,0.000000000000000000e+00,0.000000000000000000e+00,0.000000000000000000e+00,3.941005629549055765e-05,3.572428554870201757e-03,0.000000000000000000e+00,0.000000000000000000e+00,0.000000000000000000e+00,0.000000000000000000e+00,0.000000000000000000e+00,7.420482413254070667e-04,1.425914747115995286e-03,2.020339164156309108e-03,2.513710118845695167e-03,2.897965061159813935e-03,3.166243632813800502e-03,4.720830100889869888e-03,3.325062072470270393e-03,3.198934386806021306e-03,0.000000000000000000e+00,0.000000000000000000e+00,0.000000000000000000e+00,0.000000000000000000e+00,0.000000000000000000e+00,9.862405496125267040e-04,0.000000000000000000e+00,0.000000000000000000e+00,0.000000000000000000e+00,0.000000000000000000e+00,0.000000000000000000e+00,0.000000000000000000e+00,2.981667387122302875e-03,9.388132859864243597e-04,1.630173684619826277e-03,3.623765001346673353e-03,0.000000000000000000e+00,0.000000000000000000e+00,0.000000000000000000e+00,0.000000000000000000e+00,0.000000000000000000e+00,1.600116836267992360e-04,0.000000000000000000e+00,1.990237378964821932e-03,0.000000000000000000e+00,0.000000000000000000e+00,0.000000000000000000e+00,1.131636964118541694e-04,2.478678292489250919e-04,3.813311248543318956e-04,6.713427495967327864e-04,1.281030768554748548e-03,0.000000000000000000e+00,0.000000000000000000e+00,0.000000000000000000e+00,0.000000000000000000e+00,0.000000000000000000e+00,0.000000000000000000e+00,1.987773539381386693e-04,7.406269479352550105e-04,5.884450932302599108e-03,2.020807859170193656e-03,0.000000000000000000e+00,0.000000000000000000e+00,0.000000000000000000e+00,0.000000000000000000e+00,3.454509873737387268e-04,9.169340744311266266e-04,1.204008091989189171e-03,1.222325618876899398e-03,1.012540855299196192e-03,6.286822941706760818e-04,1.261952435560681702e-04,0.000000000000000000e+00,0.000000000000000000e+00,0.000000000000000000e+00,0.000000000000000000e+00,0.000000000000000000e+00,0.000000000000000000e+00,0.000000000000000000e+00,0.000000000000000000e+00,0.000000000000000000e+00,0.000000000000000000e+00,0.000000000000000000e+00,0.000000000000000000e+00,0.000000000000000000e+00,0.000000000000000000e+00,0.000000000000000000e+00,0.000000000000000000e+00,0.000000000000000000e+00,0.000000000000000000e+00,0.000000000000000000e+00,0.000000000000000000e+00,0.000000000000000000e+00,0.000000000000000000e+00,0.000000000000000000e+00,0.000000000000000000e+00,0.000000000000000000e+00,0.000000000000000000e+00,0.000000000000000000e+00,1.616491173194191096e-04,5.247768556070617815e-04,6.478851940818950404e-04,5.754009732150930411e-04,3.854926197868733823e-04,1.701212112297872622e-04,1.232701578975160567e-05,0.000000000000000000e+00,4.821742458473187755e-05,2.314838255317155165e-04,4.613613933140841856e-04,6.709488122307348057e-04,8.025022045228790693e-04,8.250951488192233025e-04,7.438142228486781813e-04,5.977303327168270557e-04,8.339742488253139990e-04,1.008554661981342186e-03,1.127083646251370638e-03,1.226956315151262258e-03,1.344885603149864779e-03,1.499964273382123695e-03,1.682655294415089878e-03,1.853674839525448325e-03,1.952576779715956652e-03,1.912209570960011693e-03,1.673906007291706480e-03,1.199415171843304460e-03,4.780778146226635794e-04,0.000000000000000000e+00,0.000000000000000000e+00,0.000000000000000000e+00,0.000000000000000000e+00,0.000000000000000000e+00,0.000000000000000000e+00,0.000000000000000000e+00,0.000000000000000000e+00,0.000000000000000000e+00,4.651191815226826714e-05,1.641494080563756528e-04,2.814320009274233112e-04,3.983776309698218530e-04,5.149818767564889920e-04,7.501810541848166194e-04,1.201617214283527213e-03,1.496676331421533182e-03,1.707479308737629240e-03,1.929189705840260796e-03,2.251679470781787606e-03,2.729819871506291261e-03,3.361403280708762011e-03,4.079829525660645315e-03,0.000000000000000000e+00,0.000000000000000000e+00,0.000000000000000000e+00,0.000000000000000000e+00,0.000000000000000000e+00,0.000000000000000000e+00,1.016762122496006333e-04,1.666126992570015957e-03,3.673008371652910012e-03,0.000000000000000000e+00,0.000000000000000000e+00,0.000000000000000000e+00,0.000000000000000000e+00,0.000000000000000000e+00,0.000000000000000000e+00,0.000000000000000000e+00,0.000000000000000000e+00,0.000000000000000000e+00,7.878211891296411657e-04,1.995290172800790861e-03,3.054455942793053019e-03,3.925475754899610155e-03,2.193278754753038174e-03,2.436145211044574415e-03,2.567196460859007962e-03,2.597696994596971221e-03,2.553923508482046009e-03,2.465616030800703035e-03,2.356683065508867470e-03,2.241864408729025981e-03,2.129380433832086302e-03,2.026585788108486910e-03,1.944799052664821599e-03,1.900918388946483016e-03,1.915854267730838188e-03,2.011584194804507883e-03,2.208687023340487939e-03,2.524796384473432416e-03,2.972720050493228832e-03,3.556426148241565843e-03,4.264367880729189909e-03,0.000000000000000000e+00,0.000000000000000000e+00,0.000000000000000000e+00,0.000000000000000000e+00,0.000000000000000000e+00,0.000000000000000000e+00,0.000000000000000000e+00,0.000000000000000000e+00,0.000000000000000000e+00,0.000000000000000000e+00,0.000000000000000000e+00,0.000000000000000000e+00,0.000000000000000000e+00,0.000000000000000000e+00,0.000000000000000000e+00,0.000000000000000000e+00,2.012160557381699043e-04,7.640060305348483211e-04,1.127658940176239728e-03,1.251450619780223109e-03,1.117518707195755152e-03,7.368497379922620601e-04,1.478917101402262566e-04,0.000000000000000000e+00,0.000000000000000000e+00,0.000000000000000000e+00,0.000000000000000000e+00,0.000000000000000000e+00,0.000000000000000000e+00,0.000000000000000000e+00,0.000000000000000000e+00,0.000000000000000000e+00,0.000000000000000000e+00,0.000000000000000000e+00,0.000000000000000000e+00,0.000000000000000000e+00,0.000000000000000000e+00,0.000000000000000000e+00,0.000000000000000000e+00,3.966010653680150980e-04,0.000000000000000000e+00,0.000000000000000000e+00,0.000000000000000000e+00,0.000000000000000000e+00,0.000000000000000000e+00,0.000000000000000000e+00,0.000000000000000000e+00,0.000000000000000000e+00,0.000000000000000000e+00,0.000000000000000000e+00
0.000000000000000000e+00,4.359479899738017794e-04,5.258185924285885531e-04,3.130221097304003702e-04,0.000000000000000000e+00,0.000000000000000000e+00,0.000000000000000000e+00,0.000000000000000000e+00,0.000000000000000000e+00,0.000000000000000000e+00,0.000000000000000000e+00,2.993798216127218758e-04,7.853149688133626060e-04,2.117350822438541201e-04,0.000000000000000000e+00,0.000000000000000000e+00,0.000000000000000000e+00,0.000000000000000000e+00,0.000000000000000000e+00,0.000000000000000000e+00,0.000000000000000000e+00,3.960427640695593320e-05,3.053614573689662466e-04,4.935688589966043174e-04,5.779385564834203879e-04,5.536505829576100681e-04,4.330760958446042922e-04,2.390797420114503630e-04,0.000000000000000000e+00,0.000000000000000000e+00,0.000000000000000000e+00,0.000000000000000000e+00,0.000000000000000000e+00,0.000000000000000000e+00,0.000000000000000000e+00,0.000000000000000000e+00,0.000000000000000000e+00,0.000000000000000000e+00,0.000000000000000000e+00,0.000000000000000000e+00,0.000000000000000000e+00,0.000000000000000000e+00,0.000000000000000000e+00,0.000000000000000000e+00,0.000000000000000000e+00,6.277504315408004884e-05,4.358636504610679673e-04,9.036482145147790466e-04,1.436685742022703093e-03,3.801961545684666259e-03,0.000000000000000000e+00,0.000000000000000000e+00,0.000000000000000000e+00,0.000000000000000000e+00,0.000000000000000000e+00,0.000000000000000000e+00,0.000000000000000000e+00,0.000000000000000000e+00,0.000000000000000000e+00,2.578431518514729999e-06,6.114700703677227421e-04,1.080525265729649154e-03,1.334456501461315104e-03,1.329540790260568938e-03,1.058584887595804148e-03,5.583981543452955394e-04,0.000000000000000000e+00,0.000000000000000000e+00,0.000000000000000000e+00,0.000000000000000000e+00,0.000000000000000000e+00,0.000000000000000000e+00,0.000000000000000000e+00,0.000000000000000000e+00,0.000000000000000000e+00,0.000000000000000000e+00,2.961346147520766445e-04,5.709705212530786405e-04,6.859488907914577677e-04,6.559940193134520094e-04,5.141328825063676148e-04,8.756954095454800050e-04,0.000000000000000000e+00,5.290612259376516668e-04,1.695238033488703300e-03,2.517429182823216049e-03,2.212902375118889174e-03,0.000000000000000000e+00,0.000000000000000000e+00,0.000000000000000000e+00,0.000000000000000000e+00,0.000000000000000000e+00,0.000000000000000000e+00,0.000000000000000000e+00,0.000000000000000000e+00,0.000000000000000000e+00,0.000000000000000000e+00,0.000000000000000000e+00,0.000000000000000000e+00,0.000000000000000000e+00,0.000000000000000000e+00,0.000000000000000000e+00,4.860450135058824901e-03,1.872155491674829019e-03,0.000000000000000000e+00,0.000000000000000000e+00,0.000000000000000000e+00,0.000000000000000000e+00,0.000000000000000000e+00,1.422631193136319756e-04,5.399422210991896990e-04,8.033422869907422270e-04,8.783414085024951077e-04,7.443584650732302296e-04,4.163419644001248939e-04,0.000000000000000000e+00,0.000000000000000000e+00,0.000000000000000000e+00,0.000000000000000000e+00,0.000000000000000000e+00,0.000000000000000000e+00,0.000000000000000000e+00,0.000000000000000000e+00,0.000000000000000000e+00,0.000000000000000000e+00,3.982711489981140946e-04,1.152047480061228410e-03,1.802111793185869754e-03,2.258879512266739973e-03,2.450324869923272125e-03,2.335087099062627038e-03,1.911704155152034630e-03,1.420179846151217598e-03,1.197136552503011561e-03,8.418996305817055695e-04,4.267932770522826096e-04,2.220141754586521637e-05,0.000000000000000000e+00,0.000000000000000000e+00,0.000000000000000000e+00,0.000000000000000000e+00,0.000000000000000000e+00,2.094646737560151167e-04,4.675694998690580200e-04,7.230132623288293382e-04,9.737101942919204698e-04,1.217605580617950279e-03,1.452718394828146501e-03,1.677182046024661014e-03,1.889284116487645023e-03,2.087502180937771037e-03,2.270535323619384069e-03,3.724475968526249747e-03,0.000000000000000000e+00,0.000000000000000000e+00,0.000000000000000000e+00,0.000000000000000000e+00,0.000000000000000000e+00,0.000000000000000000e+00,0.000000000000000000e+00,0.000000000000000000e+00,0.000000000000000000e+00,5.249252738476295563e-04,1.550002256161699468e-03,0.000000000000000000e+00,0.000000000000000000e+00,0.000000000000000000e+00,0.000000000000000000e+00,2.432044784322292294e-04,4.340622216150335946e-04,2.491086931375895890e-04,0.000000000000000000e+00,0.000000000000000000e+00,3.183878634508010381e-04,6.912849266880336180e-04,9.995215379874186797e-04,1.249513587112471326e-03,1.433745195792497824e-03,1.529216127350065081e-03,1.503489459536526667e-03,1.325866606921370129e-03,9.791456445882062206e-04,4.672485992409193870e-04,0.000000000000000000e+00,0.000000000000000000e+00,0.000000000000000000e+00,0.000000000000000000e+00,0.000000000000000000e+00,0.000000000000000000e+00,0.000000000000000000e+00,0.000000000000000000e+00,0.000000000000000000e+00,0.000000000000000000e+00,0.000000000000000000e+00,0.000000000000000000e+00,0.000000000000000000e+00,0.000000000000000000e+00,0.000000000000000000e+00,0.000000000000000000e+00,0.000000000000000000e+00,0.000000000000000000e+00,0.000000000000000000e+00,0.000000000000000000e+00,0.000000000000000000e+00,8.596094739405977072e-04,1.904245841248554264e-03,2.829464490254181286e-03,3.595894810510816969e-03,4.186185320806996672e-03,4.606182468291468435e-03,4.881894497888588334e-03,5.051918575468113994e-03,0.000000000000000000e+00,0.000000000000000000e+00,0.000000000000000000e+00,0.000000000000000000e+00,0.000000000000000000e+00,0.000000000000000000e+00,0.000000000000000000e+00,0.000000000000000000e+00,0.000000000000000000e+00,0.000000000000000000e+00,0.000000000000000000e+00,0.000000000000000000e+00,0.000000000000000000e+00,0.000000000000000000e+00,0.000000000000000000e+00,0.000000000000000000e+00,0.000000000000000000e+00,0.000000000000000000e+00,0.000000000000000000e+00,0.000000000000000000e+00,0.000000000000000000e+00,0.000000000000000000e+00,0.000000000000000000e+00,0.000000000000000000e+00,0.000000000000000000e+00,0.000000000000000000e+00,0.000000000000000000e+00,0.000000000000000000e+00,0.000000000000000000e+00,0.000000000000000000e+00,0.000000000000000000e+00,0.000000000000000000e+00,0.000000000000000000e+00,0.000000000000000000e+00,0.000000000000000000e+00,0.000000000000000000e+00,0.000000000000000000e+00,0.000000000000000000e+00,0.000000000000000000e+00,6.461807650414663718e-04,7.364388668014887254e-04,4.898376193889559431e-04,1.926203913762192298e-04,0.000000000000000000e+00,0.000000000000000000e+00,0.000000000000000000e+00,0.000000000000000000e+00,0.000000000000000000e+00,0.000000000000000000e+00,0.000000000000000000e+00,0.000000000000000000e+00,0.000000000000000000e+00,0.000000000000000000e+00,0.000000000000000000e+00,0.000000000000000000e+00,0.000000000000000000e+00,0.000000000000000000e+00,0.000000000000000000e+00,0.000000000000000000e+00,0.000000000000000000e+00,0.000000000000000000e+00,0.000000000000000000e+00,0.000000000000000000e+00,0.000000000000000000e+00,0.000000000000000000e+00,0.000000000000000000e+00,0.000000000000000000e+00,0.000000000000000000e+00,0.000000000000000000e+00,0.000000000000000000e+00,0.000000000000000000e+00,0.000000000000000000e+00,0.000000000000000000e+00,0.000000000000000000e+00,0.000000000000000000e+00,0.000000000000000000e+00,0.000000000000000000e+00,0.000000000000000000e+00,0.000000000000000000e+00,0.000000000000000000e+00,0.000000000000000000e+00,0.000000000000000000e+00,0.000000000000000000e+00,0.000000000000000000e+00,0.000000000000000000e+00,0.000000000000000000e+00,0.000000000000000000e+00,0.000000000000000000e+00,0.000000000000000000e+00,0.000000000000000000e+00,0.000000000000000000e+00,0.000000000000000000e+00,0.000000000000000000e+00,2.508528060686293008e-04,6.542704378893890102e-04,3.946787401784464418e-03,0.000000000000000000e+00,1.123300417199966152e-04,2.762227498387655818e-04,4.215570323588223030e-04,5.451906218163297393e-04,0.000000000000000000e+00,0.000000000000000000e+00,4.463873861976019137e-04,9.746722668354217004e-04,1.508793281262501380e-03,2.059432430105536185e-03,2.634374953850734599e-03,2.862139989152387692e-03,3.139838829691979447e-03,0.000000000000000000e+00,0.000000000000000000e+00,0.000000000000000000e+00,0.000000000000000000e+00,0.000000000000000000e+00,0.000000000000000000e+00,0.000000000000000000e+00,0.000000000000000000e+00,0.000000000000000000e+00,0.000000000000000000e+00,0.000000000000000000e+00,0.000000000000000000e+00,0.000000000000000000e+00,0.000000000000000000e+00,0.000000000000000000e+00,0.000000000000000000e+00,0.000000000000000000e+00,3.355141862931174720e-03,7.122614382808340730e-05,0.000000000000000000e+00,0.000000000000000000e+00,6.484192479012220519e-05,3.484354014901394408e-04,4.758823025692511294e-04,5.000956496193430072e-04,4.765393997623304425e-04,4.492096822652821950e-04,4.416153342385459855e-04,4.554235929226106878e-04,4.766081627083929300e-04,0.000000000000000000e+00,0.000000000000000000e+00,0.000000000000000000e+00,0.000000000000000000e+00,7.010484104298213281e-04,0.000000000000000000e+00,0.000000000000000000e+00,0.000000000000000000e+00,0.000000000000000000e+00,0.000000000000000000e+00,0.000000000000000000e+00,0.000000000000000000e+00,0.000000000000000000e+00,0.000000000000000000e+00,0.000000000000000000e+00,0.000000000000000000e+00,7.246391666825610818e-03,1.324711641623452837e-03,0.000000000000000000e+00,0.000000000000000000e+00,0.000000000000000000e+00,0.000000000000000000e+00,0.000000000000000000e+00,0.000000000000000000e+00,0.000000000000000000e+00,0.000000000000000000e+00,0.000000000000000000e+00,0.000000000000000000e+00,0.000000000000000000e+00,0.000000000000000000e+00,0.000000000000000000e+00,1.837330631624713986e-04,5.714273981989800855e-04,9.423740379654544025e-04,1.271401258697550706e-03,1.536423076166107795e-03,1.728291001944419307e-03,1.873648551348585170e-03,2.321483064709428841e-03,2.511333969327767934e-03,2.444325242543725785e-03,2.160792813530708865e-03,2.134213315430251185e-03,2.130198142165478856e-03,2.056058824739441168e-03,1.883550555001895031e-03,1.593090551101095662e-03,1.179183742614388700e-03
1.018184879700003849e-07,0.000000000000000000e+00,0.000000000000000000e+00,0.000000000000000000e+00,0.000000000000000000e+00,0.000000000000000000e+00,0.000000000000000000e+00,0.000000000000000000e+00,0.000000000000000000e+00,0.000000000000000000e+00,0.000000000000000000e+00,0.000000000000000000e+00,0.000000000000000000e+00,0.000000000000000000e+00,0.000000000000000000e+00,0.000000000000000000e+00,0.000000000000000000e+00,0.000000000000000000e+00,0.000000000000000000e+00,0.000000000000000000e+00,0.000000000000000000e+00,0.000000000000000000e+00,0.000000000000000000e+00,0.000000000000000000e+00,0.000000000000000000e+00,0.000000000000000000e+00,0.000000000000000000e+00,0.000000000000000000e+00,0.000000000000000000e+00,0.000000000000000000e+00,0.000000000000000000e+00,0.000000000000000000e+00,0.000000000000000000e+00,0.000000000000000000e+00,0.000000000000000000e+00,0.000000000000000000e+00,0.000000000000000000e+00,0.000000000000000000e+00,0.000000000000000000e+00,0.000000000000000000e+00,0.000000000000000000e+00,0.000000000000000000e+00,0.000000000000000000e+00,0.000000000000000000e+00,0.000000000000000000e+00,0.000000000000000000e+00,0.000000000000000000e+00,0.000000000000000000e+00,0.000000000000000000e+00,0.000000000000000000e+00,0.000000000000000000e+00,0.000000000000000000e+00,0.000000000000000000e+00,0.000000000000000000e+00,0.000000000000000000e+00,0.000000000000000000e+00,0.000000000000000000e+00,0.000000000000000000e+00,0.000000000000000000e+00,0.000000000000000000e+00,8.489829574670842115e-04,2.072088064381370602e-03,2.911719491992969481e-03,3.380822615347958693e-03,3.538605411518617148e-03,3.476776437725403231e-03,3.300227110062621972e-03,3.106316623823138570e-03,2.967574941135692982e-03,2.921924657792900667e-03,2.972266066465160950e-03,3.094240027299500605e-03,3.248500786188016250e-03,3.393063022729401242e-03,3.492442855352590088e-03,3.522534591935491417e-03,3.471982875962322836e-03,3.341397562240994070e-03,3.141157563886825144e-03,2.887848017042560656e-03,2.599494260832013910e-03,2.290705389809252236e-03,1.969772605494677677e-03,1.639517932947683575e-03,1.302029537330287590e-03,9.652524784947874061e-04,6.481497869454086761e-04,3.817258446782752094e-04,2.052098228282759533e-04,1.588353597066291133e-04,2.756788040710228299e-04,5.745902471753812227e-04,1.055151664533208024e-03,1.694806713830965565e-03,2.448359715293121387e-03,3.250534229888699458e-03,4.022389996221342745e-03,4.681588812820425965e-03,5.155101832310484897e-03,5.391686308441225386e-03,5.371147780709303356e-03,6.582960749436540283e-03,0.000000000000000000e+00,0.000000000000000000e+00,0.000000000000000000e+00,0.000000000000000000e+00,0.000000000000000000e+00,0.000000000000000000e+00,1.699124519893655406e-04,3.488173170736752222e-04,5.123433873839748978e-04,7.310526807160261289e-04,1.062866326340768846e-03,1.539180399361863476e-03,0.000000000000000000e+00,0.000000000000000000e+00,0.000000000000000000e+00,0.000000000000000000e+00,0.000000000000000000e+00,0.000000000000000000e+00,0.000000000000000000e+00,0.000000000000000000e+00,0.000000000000000000e+00,0.000000000000000000e+00,0.000000000000000000e+00,0.000000000000000000e+00,0.000000000000000000e+00,0.000000000000000000e+00,2.235129981568661725e-05,3.611788650390105595e-05,5.247119159129100480e-04,9.815309230719274775e-04,1.234526520480661721e-03,1.275544410928705326e-03,1.119193960051960120e-03,8.004565408581241917e-04,3.672091661024243637e-04,0.000000000000000000e+00,0.000000000000000000e+00,0.000000000000000000e+00,0.000000000000000000e+00,0.000000000000000000e+00,0.000000000000000000e+00,0.000000000000000000e+00,0.000000000000000000e+00,0.000000000000000000e+00,0.000000000000000000e+00,0.000000000000000000e+00,8.009545688080454940e-05,1.171529206839679862e-03,2.399147199876561394e-03,3.661857799212309746e-03,4.836064143906123290e-03,5.795735899117394896e-03,6.433866809957339804e-03,6.681401343851444720e-03,6.520329851358174118e-03,5.988559882771723845e-03,5.175369542511754246e-03,4.207634620616839197e-03,3.228596543967017941e-03,2.372526418660473712e-03,1.740038092561705871e-03,1.379623796252315996e-03,1.280503461477438621e-03,1.379646106155795740e-03,1.581878556804078425e-03,1.787531914024714178e-03,1.918986666201858565e-03,1.937538584158192889e-03,1.845609657826612418e-03,1.675108513066293466e-03,1.468073451066366627e-03,1.258144211463710577e-03,1.059937026209261486e-03,8.690484101440163834e-04,6.704460949112643923e-04,4.498062872707743573e-04,2.020817262887503109e-04,0.000000000000000000e+00,0.000000000000000000e+00,0.000000000000000000e+00,0.000000000000000000e+00,1.061400275610287517e-03,8.697843603864069341e-05,1.576853889061462927e-03,0.000000000000000000e+00,0.000000000000000000e+00,0.000000000000000000e+00,0.000000000000000000e+00,0.000000000000000000e+00,0.000000000000000000e+00,0.000000000000000000e+00,0.000000000000000000e+00,0.000000000000000000e+00,0.000000000000000000e+00,0.000000000000000000e+00,0.000000000000000000e+00,0.000000000000000000e+00,0.000000000000000000e+00,0.000000000000000000e+00,0.000000000000000000e+00,0.000000000000000000e+00,0.000000000000000000e+00,0.000000000000000000e+00,0.000000000000000000e+00,0.000000000000000000e+00,0.000000000000000000e+00,0.000000000000000000e+00,4.145971044429408968e-03,2.763575420828636147e-03,0.000000000000000000e+00,5.643867176859689765e-04,0.000000000000000000e+00,0.000000000000000000e+00,0.000000000000000000e+00,0.000000000000000000e+00,2.927631262857623238e-03,0.000000000000000000e+00,0.000000000000000000e+00,8.883071469946261789e-04,0.000000000000000000e+00,1.507705607658457541e-04,2.887314710746577136e-04,5.994263758318243377e-05,0.000000000000000000e+00,9.239143120314782017e-04,0.000000000000000000e+00,0.000000000000000000e+00,0.000000000000000000e+00,0.000000000000000000e+00,0.000000000000000000e+00,0.000000000000000000e+00,0.000000000000000000e+00,0.000000000000000000e+00,0.000000000000000000e+00,0.000000000000000000e+00,0.000000000000000000e+00,0.000000000000000000e+00,0.000000000000000000e+00,0.000000000000000000e+00,0.000000000000000000e+00,0.000000000000000000e+00,0.000000000000000000e+00,0.000000000000000000e+00,0.000000000000000000e+00,0.000000000000000000e+00,0.000000000000000000e+00,0.000000000000000000e+00,0.000000000000000000e+00,0.000000000000000000e+00,1.621923191341386795e-04,4.873468708098183978e-04,4.096921473701783099e-04,0.000000000000000000e+00,0.000000000000000000e+00,0.000000000000000000e+00,0.000000000000000000e+00,0.000000000000000000e+00,0.000000000000000000e+00,0.000000000000000000e+00,0.000000000000000000e+00,3.295937487239765764e-04,1.692746706243610866e-03,3.040776592961330453e-03,8.189409859147641843e-03,0.000000000000000000e+00,0.000000000000000000e+00,0.000000000000000000e+00,0.000000000000000000e+00,0.000000000000000000e+00,0.000000000000000000e+00,0.000000000000000000e+00,0.000000000000000000e+00,0.000000000000000000e+00,0.000000000000000000e+00,0.000000000000000000e+00,0.000000000000000000e+00,0.000000000000000000e+00,0.000000000000000000e+00,0.000000000000000000e+00,6.964136442985163148e-05,9.063954687771219902e-04,1.607855379255275670e-03,2.134764897871315424e-03,2.479697405940822080e-03,2.661891573634987164e-03,2.714131505767803342e-03,2.668063547300180902e-03,2.544028037977475593e-03,2.348711257867478960e-03,2.080286535242858482e-03,1.737880834289428581e-03,1.331035503392037200e-03,8.854263678977958079e-04,4.428648585811214623e-04,5.561771005057450953e-05,0.000000000000000000e+00,0.000000000000000000e+00,0.000000000000000000e+00,0.000000000000000000e+00,2.290410914504096142e-04,6.200028233095251874e-04,9.908897955952658890e-04,1.264663346124980745e-03,1.386042463640579578e-03,1.337048017368052712e-03,1.143819698152388244e-03,9.559636626821361571e-04,1.132041529691149313e-03,1.282810604937990222e-03,1.385347147609611480e-03,1.417536965535702445e-03,1.363950008494567954e-03,1.241895144730874225e-03,1.549533308094533466e-03,1.703116671100112292e-03,1.622390010844073499e-03,1.273026007765954131e-03,6.755186024530107159e-04,0.000000000000000000e+00,0.000000000000000000e+00,0.000000000000000000e+00,0.000000000000000000e+00,0.000000000000000000e+00,0.000000000000000000e+00,0.000000000000000000e+00,0.000000000000000000e+00,0.000000000000000000e+00,0.000000000000000000e+00,0.000000000000000000e+00,0.000000000000000000e+00,0.000000000000000000e+00,0.000000000000000000e+00,0.000000000000000000e+00,0.000000000000000000e+00,0.000000000000000000e+00,0.000000000000000000e+00,0.000000000000000000e+00,0.000000000000000000e+00,0.000000000000000000e+00,0.000000000000000000e+00,9.891182166403310664e-05,5.451214457450353655e-04,8.197871385124112743e-04,8.671215903742515415e-04,6.491640065093944034e-04,4.889450084883060479e-04,1.179832664140576318e-03,1.898930257073514231e-03,2.593573758919551393e-03,3.200137222810371749e-03,3.650304079845242012e-03,3.880721049341736596e-03,1.023995619758952258e-02,0.000000000000000000e+00,0.000000000000000000e+00,0.000000000000000000e+00,3.044504292870015092e-04,0.000000000000000000e+00,0.000000000000000000e+00,0.000000000000000000e+00,0.000000000000000000e+00,0.000000000000000000e+00,0.000000000000000000e+00,0.000000000000000000e+00,0.000000000000000000e+00,0.000000000000000000e+00,0.000000000000000000e+00,0.000000000000000000e+00,0.000000000000000000e+00,0.000000000000000000e+00,0.000000000000000000e+00,0.000000000000000000e+00,0.000000000000000000e+00,0.000000000000000000e+00,0.000000000000000000e+00,0.000000000000000000e+00,0.000000000000000000e+00,0.000000000000000000e+00,0.000000000000000000e+00,0.000000000000000000e+00,0.000000000000000000e+00,0.000000000000000000e+00,0.000000000000000000e+00,0.000000000000000000e+00,0.000000000000000000e+00,0.000000000000000000e+00,0.000000000000000000e+00,7.473867624721992594e-04,3.475769966533100055e-04,2.689680245610653843e-04,3.594169932126329496e-04,5.994194625514640516e-04,9.420785794297752667e-04,1.321614707184916998e-03,1.664881071377078943e-03,1.904104530043531631e-03,1.988798444993286965e-03,1.894686887157992277e-03
8.273968275562751388e-08,2.827797644482791303e-04,6.232077523757230007e-04,0.000000000000000000e+00,0.000000000000000000e+00,0.000000000000000000e+00,0.000000000000000000e+00,0.000000000000000000e+00,0.000000000000000000e+00,0.000000000000000000e+00,0.000000000000000000e+00,0.000000000000000000e+00,0.000000000000000000e+00,0.000000000000000000e+00,0.000000000000000000e+00,0.000000000000000000e+00,0.000000000000000000e+00,0.000000000000000000e+00,0.000000000000000000e+00,0.000000000000000000e+00,0.000000000000000000e+00,0.000000000000000000e+00,0.000000000000000000e+00,0.000000000000000000e+00,0.000000000000000000e+00,0.000000000000000000e+00,0.000000000000000000e+00,0.000000000000000000e+00,0.000000000000000000e+00,0.000000000000000000e+00,0.000000000000000000e+00,0.000000000000000000e+00,0.000000000000000000e+00,0.000000000000000000e+00,0.000000000000000000e+00,0.000000000000000000e+00,0.000000000000000000e+00,0.000000000000000000e+00,1.703084113542752511e-04,8.978327524002576495e-04,6.475759636711161428e-03,0.000000000000000000e+00,0.000000000000000000e+00,0.000000000000000000e+00,0.000000000000000000e+00,0.000000000000000000e+00,1.060850023572071875e-04,3.068631293967014626e-04,5.142691912441666943e-04,7.253893848726307306e-04,9.372690198503776495e-04,1.146958893750618441e-03,2.818348778889228756e-03,1.780284029604204971e-03,9.271636529644370229e-04,1.245915745350302311e-03,1.205532138864111660e-03,8.625282365676419875e-04,3.071252406883346578e-04,0.000000000000000000e+00,0.000000000000000000e+00,0.000000000000000000e+00,0.000000000000000000e+00,7.876536554748145378e-05,3.851652510636905378e-04,6.221684662361010336e-04,8.237851054419006004e-04,1.026344752007465411e-03,1.256743632791769991e-03,1.664002581640823325e-03,1.923496099611003056e-03,1.417714283530633961e-04,5.734273582371819406e-04,1.063360943763312898e-03,1.488063652630030069e-03,0.000000000000000000e+00,0.000000000000000000e+00,0.000000000000000000e+00,3.456877018757299660e-04,0.000000000000000000e+00,0.000000000000000000e+00,0.000000000000000000e+00,0.000000000000000000e+00,0.000000000000000000e+00,0.000000000000000000e+00,0.000000000000000000e+00,0.000000000000000000e+00,0.000000000000000000e+00,7.433533550903068587e-04,1.885158692942116724e-03,2.851293723006363082e-03,3.511338721975671220e-03,3.769124235245267275e-03,3.578486083830289145e-03,2.951639610587085925e-03,1.957623078768856370e-03,7.098827825123568908e-04,0.000000000000000000e+00,0.000000000000000000e+00,0.000000000000000000e+00,0.000000000000000000e+00,0.000000000000000000e+00,0.000000000000000000e+00,0.000000000000000000e+00,0.000000000000000000e+00,0.000000000000000000e+00,0.000000000000000000e+00,0.000000000000000000e+00,0.000000000000000000e+00,0.000000000000000000e+00,0.000000000000000000e+00,0.000000000000000000e+00,0.000000000000000000e+00,0.000000000000000000e+00,0.000000000000000000e+00,0.000000000000000000e+00,0.000000000000000000e+00,0.000000000000000000e+00,0.000000000000000000e+00,0.000000000000000000e+00,8.481239907149752243e-04,3.293886683004387198e-03,5.550471115242552444e-04,6.546508538185375750e-04,0.000000000000000000e+00,0.000000000000000000e+00,0.000000000000000000e+00,0.000000000000000000e+00,0.000000000000000000e+00,1.694581242199392557e-04,9.101978185667576301e-04,1.573530837989383681e-03,2.119856410095805662e-03,2.512639270951505261e-03,2.723611451381036195e-03,2.740911467053195986e-03,2.576458723612650922e-03,2.268586557678263331e-03,1.877761092083324833e-03,1.476071486327176904e-03,1.133640477638837981e-03,9.059971763034180108e-04,8.256140872444914843e-04,8.989353769392481640e-04,1.108447329434168998e-03,1.418407886867396146e-03,1.782691541884830070e-03,2.153330420498332076e-03,2.488237842004103507e-03,0.000000000000000000e+00,0.000000000000000000e+00,0.000000000000000000e+00,0.000000000000000000e+00,4.949189699328306741e-04,1.814724416946876528e-03,0.000000000000000000e+00,0.000000000000000000e+00,0.000000000000000000e+00,0.000000000000000000e+00,0.000000000000000000e+00,0.000000000000000000e+00,0.000000000000000000e+00,0.000000000000000000e+00,0.000000000000000000e+00,0.000000000000000000e+00,0.000000000000000000e+00,3.358642976836363216e-04,2.219813480677250775e-03,0.000000000000000000e+00,0.000000000000000000e+00,0.000000000000000000e+00,0.000000000000000000e+00,0.000000000000000000e+00,0.000000000000000000e+00,0.000000000000000000e+00,0.000000000000000000e+00,0.000000000000000000e+00,3.268204550309631229e-04,2.049165670956584057e-03,3.919869718491076835e-03,5.780573679144009047e-03,7.464571188134972585e-03,8.828201173896238485e-03,0.000000000000000000e+00,0.000000000000000000e+00,0.000000000000000000e+00,0.000000000000000000e+00,0.000000000000000000e+00,0.000000000000000000e+00,0.000000000000000000e+00,0.000000000000000000e+00,0.000000000000000000e+00,0.000000000000000000e+00,0.000000000000000000e+00,0.000000000000000000e+00,0.000000000000000000e+00,0.000000000000000000e+00,0.000000000000000000e+00,0.000000000000000000e+00,0.000000000000000000e+00,6.630698725225536824e-05,9.663198255360445422e-05,1.183870010193832981e-04,1.867535135127765505e-04,3.405185392849308340e-04,5.901314738076811643e-04,9.173247076696312971e-04,4.204321830611599045e-03,0.000000000000000000e+00,0.000000000000000000e+00,0.000000000000000000e+00,0.000000000000000000e+00,0.000000000000000000e+00,0.000000000000000000e+00,0.000000000000000000e+00,5.642004112043196170e-05,2.126283734496948043e-04,3.600059465492521662e-04,4.992810325489202301e-04,6.312737333429192799e-04,7.568160673996173534e-04,8.766699665610932666e-04,9.914508136450975347e-04,1.101557208970177287e-03,1.207113133500459928e-03,1.307919342130271648e-03,1.403426064042409766e-03,1.492716784550904112e-03,1.574513456864803625e-03,1.647198864646441359e-03,1.708856279965264647e-03,1.757323991895760711e-03,1.790264793925372020e-03,1.805247333266033535e-03,1.799834487789474984e-03,1.771676267455149847e-03,1.718606928376723714e-03,1.638734301764816024e-03,1.530529729056926466e-03,1.683993094599992501e-03,1.992657779009083044e-03,2.347277027822083657e-03,2.681904657469609283e-03,2.918201938395101249e-03,2.982150949514565316e-03,2.821822116232329189e-03,2.419985393596365934e-03,1.796566278918600764e-03,9.997114971343151833e-04,8.890248361836986218e-05,0.000000000000000000e+00,0.000000000000000000e+00,0.000000000000000000e+00,0.000000000000000000e+00,0.000000000000000000e+00,0.000000000000000000e+00,0.000000000000000000e+00,0.000000000000000000e+00,0.000000000000000000e+00,0.000000000000000000e+00,0.000000000000000000e+00,0.000000000000000000e+00,0.000000000000000000e+00,0.000000000000000000e+00,0.000000000000000000e+00,0.000000000000000000e+00,0.000000000000000000e+00,0.000000000000000000e+00,0.000000000000000000e+00,0.000000000000000000e+00,1.354198029812537401e-04,9.342605506821046422e-04,1.398870295571375726e-03,1.532203887748982609e-03,1.378205639976659309e-03,1.013386136625305054e-03,5.300779247969573298e-04,1.553417965725250864e-05,0.000000000000000000e+00,0.000000000000000000e+00,0.000000000000000000e+00,0.000000000000000000e+00,0.000000000000000000e+00,0.000000000000000000e+00,0.000000000000000000e+00,0.000000000000000000e+00,0.000000000000000000e+00,0.000000000000000000e+00,0.000000000000000000e+00,0.000000000000000000e+00,0.000000000000000000e+00,0.000000000000000000e+00,0.000000000000000000e+00,0.000000000000000000e+00,0.000000000000000000e+00,0.000000000000000000e+00,0.000000000000000000e+00,0.000000000000000000e+00,0.000000000000000000e+00,0.000000000000000000e+00,3.325638347998814237e-04,1.192207391119011126e-03,1.968317755390038958e-03,2.618790547112915916e-03,3.116230078577814176e-03,3.443369305330444032e-03,3.588496810985348801e-03,3.544437141044204636e-03,3.311649194148846148e-03,2.903052204811014652e-03,2.347064024109071344e-03,1.686451049321163525e-03,9.729548488340772957e-04,2.597139488911071937e-04,0.000000000000000000e+00,2.685057900734964180e-04,1.136882128790590255e-03,2.028052367038614585e-03,2.872548270432998853e-03,3.600743141661194927e-03,4.143892165110397291e-03,4.434783744612319153e-03,4.411319716308388823e-03,4.024821002560126197e-03,3.251766418650775189e-03,2.104988998426825502e-03,6.397123646074420744e-04,0.000000000000000000e+00,0.000000000000000000e+00,0.000000000000000000e+00,0.000000000000000000e+00,0.000000000000000000e+00,0.000000000000000000e+00,0.000000000000000000e+00,0.000000000000000000e+00,0.000000000000000000e+00,3.313312214289473108e-04,1.567117295521414013e-03,2.765312714092892695e-03,3.821449782159768577e-03,4.661669764452700156e-03,5.251659799166788836e-03,5.594621789040738272e-03,5.720732545425832177e-03,5.673127213245796920e-03,5.495683659850601581e-03,5.225948849020710732e-03,4.893689363957762044e-03,4.523130005504737497e-03,4.135966480393160616e-03,3.752828370124006250e-03,3.392462377016908313e-03,3.069463838944810462e-03,2.792149817928051524e-03,2.561796554865766913e-03,2.373359527647072535e-03,2.216765337435087132e-03,2.077569076446520585e-03,1.936469332020861233e-03,1.768460048951291715e-03,1.543363302832906608e-03,1.229489516803229611e-03,1.298201317870774319e-03,1.362028221629691099e-03,1.313661729362670342e-03,1.168546765555061309e-03,9.490716033888142895e-04,6.839094662082404298e-04,4.054590810365193954e-04,1.451106367957090166e-04,0.000000000000000000e+00,0.000000000000000000e+00,0.000000000000000000e+00,0.000000000000000000e+00,0.000000000000000000e+00,0.000000000000000000e+00,0.000000000000000000e+00,0.000000000000000000e+00,0.000000000000000000e+00,0.000000000000000000e+00,0.000000000000000000e+00,3.054859069607551757e-04,7.674879324568649420e-04,1.309687108477269836e-03,1.873847806318150368e-03,2.384112091101291738e-03,2.761197516077517917e-03,2.938956967357242000e-03,2.878563984517309906e-03,2.576094805569736912e-03,2.061428888077992787e-03,1.389366867687007482e-03,7.165231729784037875e-04,8.188892485845196672e-04,7.737424561846020354e-04,8.589705134247069621e-04,9.389246796155553991e-04,1.004867462558603182e-03,1.056006746562915179e-03,1.091779279981990036e-03
4.760837305781401047e-08,6.980809014437207869e-04,1.184342672728317400e-03,1.490569939014042703e-03,1.668130117881267555e-03,1.772855768301581474e-03,1.852736496973252708e-03,1.940056689038993296e-03,2.047626318593245842e-03,2.167883549460087895e-03,2.273925311100020736e-03,2.322367862161897091e-03,2.258506730139225958e-03,2.024164184599805665e-03,0.000000000000000000e+00,1.193925018115950829e-04,1.278988924308939500e-03,0.000000000000000000e+00,0.000000000000000000e+00,0.000000000000000000e+00,0.000000000000000000e+00,0.000000000000000000e+00,3.800779981244044304e-05,4.266696883654130822e-04,8.152884292193220356e-04,1.185263045226102145e-03,1.517587528369979209e-03,1.793737895317537448e-03,1.998211937525936396e-03,2.122568270968443454e-03,2.169983813683201007e-03,2.158571299319277451e-03,2.121340243950172334e-03,2.155348985493152434e-03,2.567411574578714814e-03,2.643840981867008003e-03,2.510562993356516004e-03,2.830642418875837195e-03,3.193612522047356919e-03,3.544351148596427969e-03,3.829818974648136094e-03,4.013862745153114545e-03,4.086209279574878374e-03,4.062500875846655757e-03,3.975501931042776070e-03,3.869377372437018958e-03,3.671248120578425936e-03,3.479751770528713428e-03,3.272585702670010015e-03,3.007949613450730097e-03,2.635681508763698666e-03,2.111333738149626885e-03,1.410053263430210242e-03,5.375056426708195272e-04,0.000000000000000000e+00,0.000000000000000000e+00,3.428227786866996528e-04,1.055674383590335646e-03,1.776700151132609663e-03,2.376001454375408373e-03,2.730228632382484394e-03,2.745532897045133668e-03,2.373954787007810218e-03,1.620281646111411443e-03,5.391558974201887634e-04,3.743008433062078419e-04,1.060121450582242114e-03,1.849795881868642996e-03,2.466376893881028383e-03,2.907189546506131709e-03,3.186140957824170304e-03,3.325549574106438731e-03,3.350206224414436790e-03,3.284984411346249938e-03,3.155482834554071067e-03,2.989702071507203268e-03,0.000000000000000000e+00,0.000000000000000000e+00,0.000000000000000000e+00,0.000000000000000000e+00,0.000000000000000000e+00,0.000000000000000000e+00,0.000000000000000000e+00,5.046600370063205980e-05,5.642625455173615884e-04,1.008401633371618089e-03,1.397043248480722482e-03,1.721164124547998071e-03,1.950325215571228985e-03,0.000000000000000000e+00,0.000000000000000000e+00,0.000000000000000000e+00,0.000000000000000000e+00,1.886480209284609232e-03,1.130280736858261040e-03,0.000000000000000000e+00,0.000000000000000000e+00,0.000000000000000000e+00,0.000000000000000000e+00,0.000000000000000000e+00,0.000000000000000000e+00,0.000000000000000000e+00,0.000000000000000000e+00,0.000000000000000000e+00,0.000000000000000000e+00,0.000000000000000000e+00,0.000000000000000000e+00,0.000000000000000000e+00,0.000000000000000000e+00,0.000000000000000000e+00,0.000000000000000000e+00,0.000000000000000000e+00,0.000000000000000000e+00,0.000000000000000000e+00,3.626916910739940488e-03,7.996195940599828489e-04,0.000000000000000000e+00,0.000000000000000000e+00,0.000000000000000000e+00,8.524128514557306659e-04,1.793440648813931062e-03,2.606793181017265457e-03,3.263330453004369743e-03,3.758197065626182019e-03,5.628361079247318037e-03,4.340107061793744767e-03,0.000000000000000000e+00,0.000000000000000000e+00,0.000000000000000000e+00,0.000000000000000000e+00,0.000000000000000000e+00,0.000000000000000000e+00,0.000000000000000000e+00,0.000000000000000000e+00,0.000000000000000000e+00,0.000000000000000000e+00,0.000000000000000000e+00,0.000000000000000000e+00,0.000000000000000000e+00,0.000000000000000000e+00,0.000000000000000000e+00,0.000000000000000000e+00,0.000000000000000000e+00,0.000000000000000000e+00,0.000000000000000000e+00,0.000000000000000000e+00,0.000000000000000000e+00,0.000000000000000000e+00,4.798134925235632156e-04,0.000000000000000000e+00,0.000000000000000000e+00,0.000000000000000000e+00,0.000000000000000000e+00,1.675022987277501204e-04,2.712849496949439423e-04,4.335803352861672985e-04,0.000000000000000000e+00,0.000000000000000000e+00,0.000000000000000000e+00,0.000000000000000000e+00,0.000000000000000000e+00,0.000000000000000000e+00,0.000000000000000000e+00,0.000000000000000000e+00,0.000000000000000000e+00,0.000000000000000000e+00,0.000000000000000000e+00,0.000000000000000000e+00,0.000000000000000000e+00,0.000000000000000000e+00,0.000000000000000000e+00,0.000000000000000000e+00,0.000000000000000000e+00,0.000000000000000000e+00,0.000000000000000000e+00,0.000000000000000000e+00,0.000000000000000000e+00,0.000000000000000000e+00,0.000000000000000000e+00,0.000000000000000000e+00,3.438450628038853819e-05,5.262134925135133557e-04,0.000000000000000000e+00,0.000000000000000000e+00,4.004914158746512290e-04,0.000000000000000000e+00,1.928590421091065654e-03,0.000000000000000000e+00,0.000000000000000000e+00,0.000000000000000000e+00,0.000000000000000000e+00,0.000000000000000000e+00,0.000000000000000000e+00,0.000000000000000000e+00,0.000000000000000000e+00,2.564491459807178675e-04,9.226550419140615040e-04,1.506521944589260791e-03,1.970873677436456046e-03,2.295685905082831598e-03,2.480013823237918903e-03,2.538239487387586313e-03,2.491216516136005119e-03,2.355311836773764551e-03,2.134021990418141865e-03,1.816496938576597428e-03,1.384614763055596297e-03,8.262231535209398374e-04,3.585706255914633479e-04,3.500448771475285861e-04,4.422169868214115285e-04,5.942156931959870908e-04,7.532062179671144891e-04,8.718333035743569765e-04,9.242559779170442377e-04,9.148487972160322364e-04,8.756500255264956919e-04,8.526167479653791372e-04,8.852467675743979367e-04,9.871969405723184619e-04,1.135733056983679809e-03,1.274827682184449850e-03,1.331653295357815162e-03,0.000000000000000000e+00,0.000000000000000000e+00,0.000000000000000000e+00,0.000000000000000000e+00,0.000000000000000000e+00,0.000000000000000000e+00,0.000000000000000000e+00,0.000000000000000000e+00,0.000000000000000000e+00,0.000000000000000000e+00,0.000000000000000000e+00,0.000000000000000000e+00,0.000000000000000000e+00,0.000000000000000000e+00,0.000000000000000000e+00,0.000000000000000000e+00,0.000000000000000000e+00,0.000000000000000000e+00,0.000000000000000000e+00,0.000000000000000000e+00,0.000000000000000000e+00,0.000000000000000000e+00,0.000000000000000000e+00,0.000000000000000000e+00,0.000000000000000000e+00,4.539128725894694852e-04,5.227459722808617485e-04,3.527273546947280042e-03,0.000000000000000000e+00,0.000000000000000000e+00,0.000000000000000000e+00,0.000000000000000000e+00,0.000000000000000000e+00,0.000000000000000000e+00,0.000000000000000000e+00,0.000000000000000000e+00,1.547520561174279500e-03,0.000000000000000000e+00,0.000000000000000000e+00,0.000000000000000000e+00,0.000000000000000000e+00,0.000000000000000000e+00,0.000000000000000000e+00,0.000000000000000000e+00,0.000000000000000000e+00,0.000000000000000000e+00,0.000000000000000000e+00,0.000000000000000000e+00,0.000000000000000000e+00,0.000000000000000000e+00,0.000000000000000000e+00,0.000000000000000000e+00,0.000000000000000000e+00,0.000000000000000000e+00,0.000000000000000000e+00,3.908643741935971728e-05,0.000000000000000000e+00,0.000000000000000000e+00,0.000000000000000000e+00,0.000000000000000000e+00,0.000000000000000000e+00,0.000000000000000000e+00,0.000000000000000000e+00,0.000000000000000000e+00,0.000000000000000000e+00,0.000000000000000000e+00,0.000000000000000000e+00,0.000000000000000000e+00,0.000000000000000000e+00,0.000000000000000000e+00,2.462366227153673542e-05,7.289925926711004860e-04,1.112423645909559099e-03,1.228218837360144436e-03,1.165740861244109845e-03,1.027888953574658927e-03,9.082072435745455839e-04,8.730741321985154230e-04,9.530446792266767525e-04,1.144831484627557286e-03,1.422275169732130232e-03,8.437519423899067852e-04,6.808243859830670269e-04,6.067305807149075709e-04,6.141420343861390399e-04,0.000000000000000000e+00,0.000000000000000000e+00,0.000000000000000000e+00,0.000000000000000000e+00,2.312762703331008775e-03,1.251801845954953526e-03,2.477833454679826374e-03,0.000000000000000000e+00,0.000000000000000000e+00,0.000000000000000000e+00,0.000000000000000000e+00,0.000000000000000000e+00,0.000000000000000000e+00,0.000000000000000000e+00,0.000000000000000000e+00,0.000000000000000000e+00,0.000000000000000000e+00,0.000000000000000000e+00,0.000000000000000000e+00,0.000000000000000000e+00,0.000000000000000000e+00,0.000000000000000000e+00,0.000000000000000000e+00,0.000000000000000000e+00,0.000000000000000000e+00,0.000000000000000000e+00,0.000000000000000000e+00,2.414485158618293048e-03,3.984718426860055706e-04,0.000000000000000000e+00,0.000000000000000000e+00,0.000000000000000000e+00,0.000000000000000000e+00,0.000000000000000000e+00,0.000000000000000000e+00,0.000000000000000000e+00,0.000000000000000000e+00,0.000000000000000000e+00,0.000000000000000000e+00,0.000000000000000000e+00,0.000000000000000000e+00,0.000000000000000000e+00,0.000000000000000000e+00,1.558876763718467862e-03,0.000000000000000000e+00,0.000000000000000000e+00,0.000000000000000000e+00,0.000000000000000000e+00,0.000000000000000000e+00,0.000000000000000000e+00,0.000000000000000000e+00,0.000000000000000000e+00,0.000000000000000000e+00,0.000000000000000000e+00,0.000000000000000000e+00,0.000000000000000000e+00,0.000000000000000000e+00,0.000000000000000000e+00,0.000000000000000000e+00,0.000000000000000000e+00,0.000000000000000000e+00,0.000000000000000000e+00,0.000000000000000000e+00,0.000000000000000000e+00,0.000000000000000000e+00,0.000000000000000000e+00,0.000000000000000000e+00,0.000000000000000000e+00,0.000000000000000000e+00,0.000000000000000000e+00,0.000000000000000000e+00,0.000000000000000000e+00,0.000000000000000000e+00,1.822246079655947062e-04,9.994259663681540843e-04,2.588443984990178564e-03,0.000000000000000000e+00,0.000000000000000000e+00,0.000000000000000000e+00,0.000000000000000000e+00,0.000000000000000000e+00,0.000000000000000000e+00,0.000000000000000000e+00,0.000000000000000000e+00,0.000000000000000000e+00,0.000000000000000000e+00,0.000000000000000000e+00,0.000000000000000000e+00,0.000000000000000000e+00,0.000000000000000000e+00,0.000000000000000000e+00,0.000000000000000000e+00
0.000000000000000000e+00,0.000000000000000000e+00,0.000000000000000000e+00,0.000000000000000000e+00,0.000000000000000000e+00,0.000000000000000000e+00,0.000000000000000000e+00,0.000000000000000000e+00,0.000000000000000000e+00,0.000000000000000000e+00,0.000000000000000000e+00,0.000000000000000000e+00,0.000000000000000000e+00,0.000000000000000000e+00,0.000000000000000000e+00,3.483611789273118172e-04,1.125992074420209500e-03,1.473439419710780452e-03,0.000000000000000000e+00,2.673334233597658336e-04,8.998920213331479314e-04,1.267543308158280676e-03,0.000000000000000000e+00,0.000000000000000000e+00,0.000000000000000000e+00,0.000000000000000000e+00,0.000000000000000000e+00,0.000000000000000000e+00,0.000000000000000000e+00,0.000000000000000000e+00,0.000000000000000000e+00,0.000000000000000000e+00,0.000000000000000000e+00,4.456036658798429462e-04,8.876174983501113362e-04,1.128793313887858961e-03,1.160488061183875775e-03,1.007407117125187898e-03,7.226855362904491525e-04,1.244509635021741117e-03,1.975830216125142990e-03,2.513036005849093521e-03,2.852058702897946208e-03,3.000563842942067204e-03,0.000000000000000000e+00,0.000000000000000000e+00,0.000000000000000000e+00,0.000000000000000000e+00,3.991359831946789441e-04,9.809502881819092898e-04,6.332109121025241739e-03,0.000000000000000000e+00,0.000000000000000000e+00,0.000000000000000000e+00,0.000000000000000000e+00,0.000000000000000000e+00,1.764012853977575581e-04,9.283670970416022222e-04,1.582036167297826406e-03,2.059877494635577611e-03,2.320947933507566674e-03,3.008817708950010678e-03,1.413144939098808775e-03,1.822743277939176381e-03,1.882067230425232785e-03,1.654850156714206960e-03,0.000000000000000000e+00,0.000000000000000000e+00,0.000000000000000000e+00,2.463045568511508347e-03,1.366011491383926696e-03,0.000000000000000000e+00,0.000000000000000000e+00,9.723976768776295017e-05,7.047723059466821536e-04,1.479963709908747611e-03,2.328016423440444193e-03,3.115109527103566978e-03,3.687443120811953207e-03,0.000000000000000000e+00,0.000000000000000000e+00,0.000000000000000000e+00,0.000000000000000000e+00,0.000000000000000000e+00,1.411404574856351757e-03,2.993087701969557313e-03,4.323897098665283566e-03,0.000000000000000000e+00,0.000000000000000000e+00,0.000000000000000000e+00,0.000000000000000000e+00,0.000000000000000000e+00,0.000000000000000000e+00,0.000000000000000000e+00,4.279898046049655379e-04,1.403368334969653250e-03,0.000000000000000000e+00,0.000000000000000000e+00,9.957373067749619982e-04,0.000000000000000000e+00,0.000000000000000000e+00,0.000000000000000000e+00,0.000000000000000000e+00,0.000000000000000000e+00,0.000000000000000000e+00,0.000000000000000000e+00,0.000000000000000000e+00,0.000000000000000000e+00,0.000000000000000000e+00,0.000000000000000000e+00,0.000000000000000000e+00,0.000000000000000000e+00,0.000000000000000000e+00,0.000000000000000000e+00,0.000000000000000000e+00,0.000000000000000000e+00,0.000000000000000000e+00,0.000000000000000000e+00,0.000000000000000000e+00,0.000000000000000000e+00,0.000000000000000000e+00,0.000000000000000000e+00,0.000000000000000000e+00,0.000000000000000000e+00,0.000000000000000000e+00,0.000000000000000000e+00,2.422181501999268410e-04,5.735499259820404146e-04,8.480484257931641913e-04,1.072679247763363639e-03,1.242450579506657266e-03,1.333722963637527922e-03,1.305206716974634555e-03,1.107867168197919795e-03,2.488351117700627647e-03,4.029079342090128441e-03,5.254736036184326671e-03,6.108308239420330576e-03,6.577310991911025813e-03,6.688992813828245620e-03,6.499764869801137254e-03,6.081926291265156610e-03,5.511258286493921250e-03,4.858042829707790236e-03,4.182057831093685500e-03,3.530287886860192063e-03,2.935572836681828862e-03,2.415306486900828126e-03,1.970854061786215649e-03,1.589324102325967610e-03,1.248923329636880382e-03,9.275501859004759700e-04,6.124295235163369983e-04,3.076822473491879384e-04,3.724208948295058374e-05,0.000000000000000000e+00,0.000000000000000000e+00,0.000000000000000000e+00,2.092177070785726804e-04,7.755290292733095329e-04,1.575270743310291282e-03,2.570792541349788476e-03,3.692598343897413645e-03,4.845315121611321052e-03,5.920286840372664117e-03,6.813019887411433419e-03,7.441295430624866175e-03,6.949576731281302718e-03,6.316810186254248963e-03,5.595327597052469730e-03,4.909295648173266080e-03,4.365295253836409296e-03,4.026754577595189136e-03,3.901358331628913302e-03,0.000000000000000000e+00,0.000000000000000000e+00,0.000000000000000000e+00,4.062963371712880150e-04,0.000000000000000000e+00,0.000000000000000000e+00,0.000000000000000000e+00,0.000000000000000000e+00,0.000000000000000000e+00,7.211646450505594576e-05,2.781917216531449633e-04,4.824819032968111470e-04,6.807341141167541371e-04,8.688156556229386382e-04,1.042786089032734500e-03,1.198962710679566225e-03,1.333985886489958469e-03,1.444871896595148952e-03,1.529064593714806602e-03,1.584473979740125488e-03,1.609509010571536121e-03,6.590962985276446057e-03,7.142828936919740947e-03,1.494368109349214187e-03,1.392586131613167107e-03,1.260427013931212032e-03,1.099432244995737253e-03,9.115946888870864271e-04,9.935652750547980215e-04,1.765831438295431240e-03,2.432980519007985846e-03,2.995346255874631238e-03,3.459480261415865537e-03,3.833761868299518857e-03,4.125214809283080965e-03,4.338615122962876519e-03,4.478227883300378576e-03,4.551394005105953260e-03,4.572130772909520878e-03,4.562539627692321735e-03,4.550517718763624590e-03,4.563871618095527612e-03,4.622665769316099300e-03,4.732504147950607719e-03,4.881035996223886085e-03,5.038537667248069347e-03,5.161933230060770407e-03,5.200861808999856020e-03,5.104638827211762514e-03,4.829635584168248154e-03,4.347021291017896805e-03,3.650509725170045239e-03,2.762852711989777135e-03,1.738987296632562261e-03,6.635378439738863965e-04,0.000000000000000000e+00,0.000000000000000000e+00,0.000000000000000000e+00,0.000000000000000000e+00,0.000000000000000000e+00,0.000000000000000000e+00,0.000000000000000000e+00,0.000000000000000000e+00,8.721491034511802268e-05,7.173837842990985793e-04,1.253298818249868598e-03,1.667596833167801600e-03,1.946228319099578292e-03,2.082180309288116267e-03,2.074894712573640589e-03,1.935046360036138217e-03,1.690351499356903577e-03,1.386952065434069728e-03,1.083234144825290192e-03,8.372514612015871313e-04,6.925410083092902900e-04,6.681227110839186873e-04,7.563465182074826472e-04,9.284147180496837501e-04,1.143999702979482929e-03,1.360202469271232142e-03,1.536650535473804051e-03,1.636760415449043564e-03,1.628135251215955545e-03,1.485868372358621799e-03,0.000000000000000000e+00,0.000000000000000000e+00,2.560123902344993516e-03,1.303876850412222666e-03,5.301234535358293008e-04,0.000000000000000000e+00,0.000000000000000000e+00,0.000000000000000000e+00,7.098647708947843603e-04,2.089229011904939880e-03,2.629682618151721156e-03,2.811065762607185044e-03,2.870357926407364046e-03,2.602748082117059027e-03,1.964496003802821376e-03,9.708966500237619854e-04,0.000000000000000000e+00,0.000000000000000000e+00,0.000000000000000000e+00,0.000000000000000000e+00,0.000000000000000000e+00,0.000000000000000000e+00,0.000000000000000000e+00,0.000000000000000000e+00,0.000000000000000000e+00,0.000000000000000000e+00,0.000000000000000000e+00,4.918259536662810891e-03,8.784775769261732965e-04,0.000000000000000000e+00,1.725247051104199659e-04,7.516843610867674419e-04,1.505870996224124543e-03,2.312152747532168588e-03,3.051204782543087256e-03,3.616308151875311308e-03,3.920263784022611810e-03,3.902513514943605367e-03,3.536989189035484680e-03,2.838880953397018674e-03,1.866998649752865148e-03,7.186632299663737707e-04,1.164910354435257523e-03,1.373006489391635689e-03,1.133009966618561378e-03,5.329792151959007523e-04,0.000000000000000000e+00,0.000000000000000000e+00,0.000000000000000000e+00,0.000000000000000000e+00,0.000000000000000000e+00,0.000000000000000000e+00,0.000000000000000000e+00,0.000000000000000000e+00,0.000000000000000000e+00,0.000000000000000000e+00,3.437800787271905298e-04,7.033162125882306019e-04,7.942118130062710999e-04,6.451292656125844809e-04,3.243922705744843745e-04,0.000000000000000000e+00,0.000000000000000000e+00,0.000000000000000000e+00,0.000000000000000000e+00,0.000000000000000000e+00,0.000000000000000000e+00,0.000000000000000000e+00,0.000000000000000000e+00,0.000000000000000000e+00,0.000000000000000000e+00,0.000000000000000000e+00,0.000000000000000000e+00,0.000000000000000000e+00,0.000000000000000000e+00,0.000000000000000000e+00,0.000000000000000000e+00,0.000000000000000000e+00,0.000000000000000000e+00,6.016556297356577022e-03,5.903825878750642263e-03,4.457859761645830061e-04,0.000000000000000000e+00,1.342232311864781835e-04,0.000000000000000000e+00,0.000000000000000000e+00,6.973628551622234597e-04,1.197262998633447139e-03,1.448962311350794358e-03,1.421472073746376640e-03,1.100244205350989907e-03,4.949030974059425662e-04,0.000000000000000000e+00,0.000000000000000000e+00,0.000000000000000000e+00,0.000000000000000000e+00,1.247446188643858241e-05,1.518581841035546891e-04,2.090987592027468759e-04,2.006197572293022904e-04,1.488172067241217702e-04,7.640142927996732946e-05,2.229550985849891024e-06,0.000000000000000000e+00,0.000000000000000000e+00,0.000000000000000000e+00,0.000000000000000000e+00,4.708963902422377070e-05,2.211281614009602656e-04,4.551241887316942827e-04,7.196249521388323840e-04,9.651379166994653860e-04,1.132066555118447235e-03,1.167599682007331103e-03,1.044053210696020608e-03,7.717951481957581071e-04,4.015400495839301499e-04,1.506857701628363762e-04,0.000000000000000000e+00,0.000000000000000000e+00,0.000000000000000000e+00,6.827247127515031946e-05,4.568723676675245037e-04,2.080522958817876671e-03,3.042965597640732815e-03,0.000000000000000000e+00,0.000000000000000000e+00,0.000000000000000000e+00,0.000000000000000000e+00,0.000000000000000000e+00,0.000000000000000000e+00,0.000000000000000000e+00,0.000000000000000000e+00,0.000000000000000000e+00,0.000000000000000000e+00,0.000000000000000000e+00,0.000000000000000000e+00,0.000000000000000000e+00,0.000000000000000000e+00,0.000000000000000000e+00,0.000000000000000000e+00
4.126146897767774565e-08,1.064400793325505834e-04,2.028625927558879631e-04,1.098476182978476613e-04,2.527029750496386255e-04,6.360707163213362046e-04,1.058469746506405769e-03,1.468066056061508159e-03,1.814455035053397875e-03,0.000000000000000000e+00,0.000000000000000000e+00,0.000000000000000000e+00,0.000000000000000000e+00,0.000000000000000000e+00,0.000000000000000000e+00,0.000000000000000000e+00,0.000000000000000000e+00,0.000000000000000000e+00,0.000000000000000000e+00,0.000000000000000000e+00,0.000000000000000000e+00,0.000000000000000000e+00,0.000000000000000000e+00,0.000000000000000000e+00,0.000000000000000000e+00,0.000000000000000000e+00,0.000000000000000000e+00,0.000000000000000000e+00,0.000000000000000000e+00,0.000000000000000000e+00,0.000000000000000000e+00,0.000000000000000000e+00,2.443311638305579493e-03,1.770405644078168906e-03,0.000000000000000000e+00,0.000000000000000000e+00,0.000000000000000000e+00,0.000000000000000000e+00,0.000000000000000000e+00,0.000000000000000000e+00,0.000000000000000000e+00,0.000000000000000000e+00,0.000000000000000000e+00,0.000000000000000000e+00,0.000000000000000000e+00,0.000000000000000000e+00,0.000000000000000000e+00,0.000000000000000000e+00,0.000000000000000000e+00,0.000000000000000000e+00,0.000000000000000000e+00,0.000000000000000000e+00,0.000000000000000000e+00,0.000000000000000000e+00,0.000000000000000000e+00,1.003999704990325667e-05,1.521924623269375800e-04,2.910189121110593542e-04,7.557102046944819997e-04,1.343931574598343764e-03,1.938871052461969011e-03,0.000000000000000000e+00,0.000000000000000000e+00,0.000000000000000000e+00,0.000000000000000000e+00,0.000000000000000000e+00,0.000000000000000000e+00,0.000000000000000000e+00,0.000000000000000000e+00,0.000000000000000000e+00,0.000000000000000000e+00,0.000000000000000000e+00,0.000000000000000000e+00,0.000000000000000000e+00,0.000000000000000000e+00,0.000000000000000000e+00,0.000000000000000000e+00,0.000000000000000000e+00,0.000000000000000000e+00,0.000000000000000000e+00,0.000000000000000000e+00,4.038302101690649325e-06,2.168691528119475441e-04,2.180642064276345799e-04,1.162964811268306562e-05,0.000000000000000000e+00,0.000000000000000000e+00,0.000000000000000000e+00,0.000000000000000000e+00,0.000000000000000000e+00,0.000000000000000000e+00,0.000000000000000000e+00,0.000000000000000000e+00,0.000000000000000000e+00,0.000000000000000000e+00,0.000000000000000000e+00,0.000000000000000000e+00,0.000000000000000000e+00,0.000000000000000000e+00,0.000000000000000000e+00,3.590736509298973408e-03,0.000000000000000000e+00,0.000000000000000000e+00,0.000000000000000000e+00,0.000000000000000000e+00,0.000000000000000000e+00,0.000000000000000000e+00,0.000000000000000000e+00,0.000000000000000000e+00,0.000000000000000000e+00,0.000000000000000000e+00,0.000000000000000000e+00,4.960836060790383296e-04,1.071632215916671791e-03,1.383480715929621659e-03,1.401280834940820666e-03,1.130373508485204084e-03,6.130498911863356158e-04,0.000000000000000000e+00,0.000000000000000000e+00,0.000000000000000000e+00,0.000000000000000000e+00,0.000000000000000000e+00,0.000000000000000000e+00,0.000000000000000000e+00,0.000000000000000000e+00,0.000000000000000000e+00,0.000000000000000000e+00,0.000000000000000000e+00,0.000000000000000000e+00,0.000000000000000000e+00,0.000000000000000000e+00,0.000000000000000000e+00,0.000000000000000000e+00,0.000000000000000000e+00,0.000000000000000000e+00,0.000000000000000000e+00,0.000000000000000000e+00,0.000000000000000000e+00,0.000000000000000000e+00,0.000000000000000000e+00,0.000000000000000000e+00,0.000000000000000000e+00,7.673073814962590123e-05,1.581244547362355569e-04,2.321887615556298985e-04,2.994715310228687364e-04,3.605780627300649195e-04,4.161442629264812789e-04,4.668093775242750207e-04,5.131931650303460553e-04,5.558763073716983675e-04,5.953838281787418411e-04,6.321715424828116582e-04,6.666188009458557610e-04,6.990192624983866850e-04,7.295799116314360868e-04,7.584181361743649310e-04,7.855628261118973799e-04,8.109580437198189674e-04,8.344659797556287870e-04,8.558729314805936473e-04,8.748950397821753750e-04,8.911867961408435467e-04,9.043494287938179822e-04,9.139405656865133868e-04,9.194846551365025910e-04,9.204856704685278855e-04,9.164403769146228047e-04,9.068503641542681069e-04,8.912393595582266672e-04,8.691654347615964922e-04,8.402384214856636327e-04,8.041344238146309279e-04,7.606098024824420236e-04,7.095154404819592562e-04,6.508075370175996511e-04,5.845590928804921546e-04,5.109661161040194785e-04,4.303537502160812247e-04,5.301404301304124241e-04,9.309175471573116105e-04,9.797719554837729886e-04,7.137069606251637659e-04,4.576698634763053347e-04,3.238834033374466824e-04,2.567456400731838633e-04,3.200919532019577901e-04,5.529567862061803007e-04,9.593058747319167063e-04,1.505746078446613435e-03,2.127415140352431188e-03,2.740304258495555520e-03,3.256946807677265927e-03,3.601911095343466370e-03,3.723995960434634076e-03,3.603187826039618534e-03,3.251913254951231073e-03,2.711294544981876845e-03,2.043656955663762133e-03,1.322527366271833166e-03,6.212054826905028014e-04,6.247760788910650771e-04,9.502584372701797493e-04,1.330227593060277769e-03,1.724815711976746425e-03,2.085671281008269051e-03,2.362329951120858539e-03,2.510909109744128686e-03,2.504305587874437571e-03,2.341325779623877178e-03,2.051173723347072229e-03,1.690469637867368516e-03,1.332401755405936356e-03,1.050686099891346608e-03,9.031533912298532734e-04,9.199404638800790478e-04,1.099358883541449354e-03,1.411565650551576193e-03,1.807599343067213104e-03,2.230199399107544739e-03,2.623298942931921816e-03,2.938592777894460505e-03,3.139142985748195024e-03,3.200920938265061893e-03,3.113239438140146843e-03,2.878551355527063978e-03,2.511525295253250797e-03,2.037082770559059657e-03,1.487296661457635991e-03,0.000000000000000000e+00,0.000000000000000000e+00,0.000000000000000000e+00,0.000000000000000000e+00,0.000000000000000000e+00,0.000000000000000000e+00,0.000000000000000000e+00,0.000000000000000000e+00,0.000000000000000000e+00,0.000000000000000000e+00,0.000000000000000000e+00,0.000000000000000000e+00,0.000000000000000000e+00,1.237506272083660811e-04,6.082670469345651844e-04,7.991180876374571074e-04,9.069939145427978640e-04,1.016027939418054273e-03,1.227695637543137425e-03,1.574759276486930801e-03,1.889947786094241461e-03,2.170380542744960485e-03,2.408505530143750968e-03,2.592293917869010686e-03,2.707517329168643728e-03,2.740602727894259592e-03,2.680565910899935112e-03,2.519510156928430732e-03,2.252370005915049333e-03,1.877097232676458709e-03,1.646753954281474303e-03,1.590031547243821002e-03,1.517510990902410598e-03,1.430278101558220055e-03,1.329662520667026105e-03,1.217195520322509814e-03,1.094563166803159612e-03,9.635534474758443782e-04,8.260042625936529596e-04,6.837503176033427185e-04,5.385728707383800190e-04,3.921512872586871944e-04,2.460219032982352235e-04,1.015404461951712042e-04,0.000000000000000000e+00,0.000000000000000000e+00,0.000000000000000000e+00,1.579673532395367563e-04,1.066104242173245443e-03,1.808863842156813000e-03,2.319268254167093386e-03,2.557843586101006886e-03,2.520613409198569233e-03,2.240788650738698238e-03,1.782570691541624126e-03,1.227938725768157628e-03,6.597686837168421784e-04,1.459419024316177321e-04,0.000000000000000000e+00,0.000000000000000000e+00,0.000000000000000000e+00,0.000000000000000000e+00,0.000000000000000000e+00,0.000000000000000000e+00,2.729782323698999071e-04,6.786619574220024639e-04,9.052967642336210352e-04,9.554470240199548639e-04,8.308589481940402855e-04,5.323128293629776631e-04,6.368745937528091277e-05,0.000000000000000000e+00,0.000000000000000000e+00,0.000000000000000000e+00,0.000000000000000000e+00,0.000000000000000000e+00,0.000000000000000000e+00,0.000000000000000000e+00,0.000000000000000000e+00,0.000000000000000000e+00,0.000000000000000000e+00,0.000000000000000000e+00,0.000000000000000000e+00,0.000000000000000000e+00,0.000000000000000000e+00,0.000000000000000000e+00,0.000000000000000000e+00,0.000000000000000000e+00,0.000000000000000000e+00,8.272023143027946188e-05,0.000000000000000000e+00,0.000000000000000000e+00,0.000000000000000000e+00,0.000000000000000000e+00,1.248249924017686416e-04,3.318174213532248105e-04,5.312976450572024422e-04,7.214309005581091058e-04,9.005240288623978092e-04,1.067054396320763539e-03,1.219693877324527906e-03,1.357334277601199594e-03,1.479102439823374053e-03,1.901444898947103569e-03,2.523969181552688287e-03,3.032772078729191988e-03,3.391757184394138432e-03,3.575383085879272563e-03,3.573277660670185797e-03,3.391512310229586550e-03,3.050231277084969588e-03,2.579212662494416095e-03,2.013672735559579596e-03,1.770107032948553972e-03,1.720696680954487317e-03,1.664042915488057450e-03,1.601562641130426044e-03,1.534629397155813472e-03,1.464550232607995592e-03,1.392550376551265207e-03,1.319756930720973869e-03,1.247196623560266901e-03,1.175792418800577274e-03,1.106366559757373602e-03,1.384942540748961351e-03,2.375486611030081137e-03,3.366190192177396633e-03,4.245556874553834022e-03,4.901221112786561217e-03,5.240896815041461501e-03,5.211710171551317029e-03,4.812356277671124213e-03,4.094858054752324901e-03,3.155964763265262010e-03,2.808198953615278354e-03,2.583321570292233544e-03,2.132407741882481889e-03,1.461932381640858227e-03,6.515608028113913965e-04,6.733009060855046348e-04,7.015777431153193827e-04,7.359617896170194849e-04,7.758955308976031931e-04,1.144829227836451080e-03,1.529180574272260380e-03,1.754926432675930209e-03,1.803528822041012289e-03,1.685978066816075979e-03,1.434809981517765065e-03,1.141103397433936104e-03,1.193474759805215196e-03,1.242814450812695188e-03,1.288252993181085264e-03,1.329060721997560009e-03,1.364678100190570495e-03,1.394741210049777825e-03,1.419105974248808947e-03,1.437860072455991300e-03,1.451330359094783230e-03,1.460081773784094534e-03,1.464907053569834000e-03,1.466806343962978295e-03,1.466961607054704598e-03,1.466697766231843912e-03,1.467442446560285069e-03,1.470675610046632414e-03,1.477875707566126805e-03,1.490464836579737714e-03,1.509751294018754587e-03,1.536872567260682545e-03
1.702311013870819932e-07,6.178934762058543731e-04,1.332318033124573918e-03,0.000000000000000000e+00,0.000000000000000000e+00,0.000000000000000000e+00,0.000000000000000000e+00,0.000000000000000000e+00,0.000000000000000000e+00,9.156069089430559282e-04,3.036469423868519576e-04,4.079049104764093624e-03,0.000000000000000000e+00,2.386513816855162170e-04,0.000000000000000000e+00,0.000000000000000000e+00,0.000000000000000000e+00,0.000000000000000000e+00,0.000000000000000000e+00,0.000000000000000000e+00,0.000000000000000000e+00,0.000000000000000000e+00,0.000000000000000000e+00,0.000000000000000000e+00,0.000000000000000000e+00,4.621313933753805662e-04,1.001926111751574346e-03,1.498772116798995167e-03,1.902894255961243980e-03,0.000000000000000000e+00,0.000000000000000000e+00,0.000000000000000000e+00,0.000000000000000000e+00,0.000000000000000000e+00,2.988361863847089923e-03,1.119193800165991072e-03,2.810032191544762758e-03,0.000000000000000000e+00,0.000000000000000000e+00,1.810300111502479272e-04,0.000000000000000000e+00,0.000000000000000000e+00,0.000000000000000000e+00,1.497908594794567221e-04,7.411316242802509910e-04,1.507779192081482771e-03,5.187296912711415221e-03,3.276350804884310165e-03,4.096031678112791591e-03,4.760251427283592254e-03,5.218366007907341772e-03,5.461721106564398909e-03,5.525077678373110056e-03,5.476512683619857123e-03,5.398052160528368781e-03,5.362555424426533601e-03,5.413848105534901749e-03,5.556160018070734237e-03,5.755817442099460217e-03,5.954025767602916068e-03,6.085968855684590652e-03,6.099669231820755572e-03,5.968694187256870683e-03,5.695442290814568820e-03,5.305344777108953608e-03,4.835369878156259467e-03,4.321719339658269300e-03,3.791067429096706045e-03,3.257622812046395786e-03,3.210273203309945301e-03,3.331623502968930964e-03,3.267528450017200166e-03,3.032523937675418724e-03,2.666246120975320193e-03,2.216617527622169632e-03,1.723970011529043578e-03,1.212063255327640744e-03,6.888002353378174219e-04,1.550971846943987275e-04,0.000000000000000000e+00,0.000000000000000000e+00,0.000000000000000000e+00,0.000000000000000000e+00,0.000000000000000000e+00,7.479248422042410974e-04,2.035489252211175690e-03,3.496722433701281336e-03,4.996480117135693698e-03,6.370981555553524578e-03,7.455991937467636860e-03,8.119367441800855179e-03,0.000000000000000000e+00,0.000000000000000000e+00,0.000000000000000000e+00,0.000000000000000000e+00,0.000000000000000000e+00,0.000000000000000000e+00,0.000000000000000000e+00,0.000000000000000000e+00,0.000000000000000000e+00,0.000000000000000000e+00,8.601039471467467355e-06,6.157658830666319682e-04,1.451083072555261642e-03,2.065183810784347162e-03,2.441083024804206140e-03,2.612170759199850152e-03,2.655164541182925952e-03,2.674297372945956628e-03,2.781206372028904687e-03,3.074047587743680005e-03,3.617903227877469503e-03,4.428011812302639141e-03,5.458256498045294981e-03,6.598732800120301993e-03,7.686535967543367889e-03,0.000000000000000000e+00,0.000000000000000000e+00,0.000000000000000000e+00,0.000000000000000000e+00,0.000000000000000000e+00,0.000000000000000000e+00,0.000000000000000000e+00,4.956509190804066423e-05,2.419955143391563110e-04,4.357285262088253465e-04,6.293429156350384586e-04,8.214887065547231415e-04,1.010903857345627713e-03,1.196429468358721319e-03,1.377023557849190892e-03,1.551769137520978047e-03,1.719879725946169393e-03,1.880700373582830376e-03,2.033704430328140203e-03,2.178485412785845839e-03,2.314744789570812034e-03,2.442275973615985404e-03,2.560942737443231993e-03,2.670657141988239634e-03,2.771354548734659019e-03,9.218459963504972016e-03,0.000000000000000000e+00,0.000000000000000000e+00,0.000000000000000000e+00,0.000000000000000000e+00,0.000000000000000000e+00,0.000000000000000000e+00,0.000000000000000000e+00,0.000000000000000000e+00,0.000000000000000000e+00,0.000000000000000000e+00,0.000000000000000000e+00,0.000000000000000000e+00,0.000000000000000000e+00,0.000000000000000000e+00,0.000000000000000000e+00,0.000000000000000000e+00,0.000000000000000000e+00,0.000000000000000000e+00,0.000000000000000000e+00,0.000000000000000000e+00,0.000000000000000000e+00,0.000000000000000000e+00,8.051060020231087713e-04,3.885278776039518926e-03,9.622639923924622462e-04,0.000000000000000000e+00,0.000000000000000000e+00,0.000000000000000000e+00,0.000000000000000000e+00,0.000000000000000000e+00,0.000000000000000000e+00,0.000000000000000000e+00,2.183967961194497025e-03,0.000000000000000000e+00,0.000000000000000000e+00,0.000000000000000000e+00,0.000000000000000000e+00,0.000000000000000000e+00,0.000000000000000000e+00,0.000000000000000000e+00,0.000000000000000000e+00,0.000000000000000000e+00,0.000000000000000000e+00,0.000000000000000000e+00,0.000000000000000000e+00,0.000000000000000000e+00,0.000000000000000000e+00,0.000000000000000000e+00,0.000000000000000000e+00,0.000000000000000000e+00,0.000000000000000000e+00,2.392974643355642709e-04,1.823441432551818663e-03,3.609574697213860806e-03,5.463152734283553864e-03,7.228226204895490253e-03,8.758225156122182581e-03,0.000000000000000000e+00,0.000000000000000000e+00,0.000000000000000000e+00,0.000000000000000000e+00,0.000000000000000000e+00,0.000000000000000000e+00,0.000000000000000000e+00,0.000000000000000000e+00,0.000000000000000000e+00,0.000000000000000000e+00,0.000000000000000000e+00,4.408121911003976662e-04,0.000000000000000000e+00,2.254556051232667856e-03,1.259704945586601532e-04,3.081038111570007817e-04,4.813437967400053673e-04,8.763723640530837310e-04,1.437843514245535975e-03,1.805280701260393757e-03,1.969433469476513689e-03,1.955443566899992946e-03,1.814086306679688282e-03,1.603536074113781759e-03,1.367120823623564846e-03,1.301675754549604840e-03,1.294697501561189752e-03,1.268665786348972249e-03,1.224472311448945513e-03,1.163131131675740164e-03,1.085735646273057855e-03,9.934186881965752832e-04,8.873201185255197299e-04,7.685621529919858114e-04,6.382320274835491525e-04,4.973757399852525313e-04,3.469972693009363532e-04,1.880665742338897390e-04,2.153433321201263985e-05,0.000000000000000000e+00,0.000000000000000000e+00,0.000000000000000000e+00,0.000000000000000000e+00,0.000000000000000000e+00,0.000000000000000000e+00,3.120897887348640285e-04,1.560136890737432325e-03,2.746406146993611574e-03,3.817050409329821124e-03,4.737483102229462541e-03,5.499528690123092409e-03,6.120255221986247753e-03,6.632208016307791602e-03,7.067570106903460492e-03,7.441188806152233132e-03,7.738441293092979990e-03,7.912962438811784599e-03,0.000000000000000000e+00,0.000000000000000000e+00,0.000000000000000000e+00,0.000000000000000000e+00,0.000000000000000000e+00,0.000000000000000000e+00,6.307681218477345685e-04,2.764088385137831831e-03,0.000000000000000000e+00,0.000000000000000000e+00,0.000000000000000000e+00,0.000000000000000000e+00,0.000000000000000000e+00,0.000000000000000000e+00,0.000000000000000000e+00,0.000000000000000000e+00,0.000000000000000000e+00,7.773418322205351847e-04,2.098042303836106931e-04,3.079854338841833856e-03,0.000000000000000000e+00,0.000000000000000000e+00,0.000000000000000000e+00,0.000000000000000000e+00,0.000000000000000000e+00,0.000000000000000000e+00,0.000000000000000000e+00,0.000000000000000000e+00,0.000000000000000000e+00,6.613966719400478410e-04,1.598190212728199406e-03,2.316622739162469032e-03,2.745157748122913251e-03,2.863117370469593463e-03,2.706113267992986751e-03,2.358052810166386473e-03,2.006156823144555814e-03,2.856660081625556590e-03,3.397827067542399590e-03,3.592808066984531055e-03,3.438314507035279254e-03,2.960254870316458495e-03,2.207218371864350017e-03,1.978076005260162584e-03,2.130181479647086894e-03,2.153769319796609589e-03,2.038541548874411250e-03,1.798523615052334806e-03,1.460996597767043976e-03,1.054205908383078509e-03,5.984053573592988239e-04,1.030666931323158446e-04,0.000000000000000000e+00,0.000000000000000000e+00,0.000000000000000000e+00,0.000000000000000000e+00,0.000000000000000000e+00,0.000000000000000000e+00,0.000000000000000000e+00,0.000000000000000000e+00,0.000000000000000000e+00,0.000000000000000000e+00,0.000000000000000000e+00,0.000000000000000000e+00,0.000000000000000000e+00,7.826689325062624559e-04,1.774193615199468705e-03,2.570141085353124487e-03,3.088352796272632837e-03,3.289827345559091700e-03,3.185913095325024636e-03,2.834442346936981699e-03,0.000000000000000000e+00,0.000000000000000000e+00,0.000000000000000000e+00,0.000000000000000000e+00,1.473271301902134324e-03,0.000000000000000000e+00,0.000000000000000000e+00,0.000000000000000000e+00,4.111669105680792574e-06,1.006416417914274036e-04,1.441263359550563992e-04,2.710861662456465616e-04,5.529220645204387585e-04,8.418214680889148267e-04,1.118930679277547156e-03,1.371180811092736433e-03,1.691381780709969810e-03,2.032596557456924167e-03,2.213924027745152023e-03,2.181045723949010928e-03,2.082467387032601019e-03,2.022810931094677373e-03,1.827672212579212066e-03,1.466298481607496932e-03,9.214802717841426294e-04,1.944248411985549662e-04,0.000000000000000000e+00,0.000000000000000000e+00,0.000000000000000000e+00,0.000000000000000000e+00,0.000000000000000000e+00,0.000000000000000000e+00,0.000000000000000000e+00,0.000000000000000000e+00,0.000000000000000000e+00,0.000000000000000000e+00,0.000000000000000000e+00,0.000000000000000000e+00,0.000000000000000000e+00,0.000000000000000000e+00,0.000000000000000000e+00,0.000000000000000000e+00,0.000000000000000000e+00,0.000000000000000000e+00,0.000000000000000000e+00,0.000000000000000000e+00,1.839838566158646439e-04,3.100369468780794411e-04,3.069318299101382033e-04,1.891397251807112228e-04,0.000000000000000000e+00,0.000000000000000000e+00,0.000000000000000000e+00,0.000000000000000000e+00,0.000000000000000000e+00,0.000000000000000000e+00,0.000000000000000000e+00,0.000000000000000000e+00,0.000000000000000000e+00,0.000000000000000000e+00,0.000000000000000000e+00,0.000000000000000000e+00,0.000000000000000000e+00,6.438663822629875312e-04,9.859173765395269889e-04,0.000000000000000000e+00,0.000000000000000000e+00,0.000000000000000000e+00,0.000000000000000000e+00,0.000000000000000000e+00,0.000000000000000000e+00,0.000000000000000000e+00
6.626745434075661778e-09,1.021895420876185479e-04,0.000000000000000000e+00,0.000000000000000000e+00,0.000000000000000000e+00,0.000000000000000000e+00,0.000000000000000000e+00,0.000000000000000000e+00,0.000000000000000000e+00,0.000000000000000000e+00,0.000000000000000000e+00,0.000000000000000000e+00,0.000000000000000000e+00,4.520472972097183337e-04,0.000000000000000000e+00,0.000000000000000000e+00,0.000000000000000000e+00,0.000000000000000000e+00,0.000000000000000000e+00,0.000000000000000000e+00,0.000000000000000000e+00,0.000000000000000000e+00,0.000000000000000000e+00,0.000000000000000000e+00,0.000000000000000000e+00,2.541821145258527093e-04,7.929869258575376369e-04,1.503296825991518775e-03,2.356412848912658054e-03,3.284434035630509532e-03,4.190244963645376255e-03,4.964826578015962659e-03,5.506691942426518091e-03,5.738493987934613350e-03,5.617893348821382041e-03,5.142213706321382104e-03,4.348043135199846330e-03,3.307145493784799124e-03,2.119234997794673930e-03,9.013684112355479410e-04,0.000000000000000000e+00,0.000000000000000000e+00,0.000000000000000000e+00,1.869939926086381504e-04,9.592348998770505860e-04,1.672395394035056451e-03,2.246223964945882629e-03,2.607501237011050892e-03,2.705206547673060912e-03,2.522058554669140678e-03,2.079387218577020448e-03,1.433902458838880222e-03,1.797602764169643503e-03,2.147176575988212627e-03,2.419758305084307795e-03,2.625710551871134144e-03,2.779102405749395762e-03,2.894741002900266987e-03,2.985096819210600848e-03,3.058179447780121855e-03,3.117144176639458780e-03,3.161670636805576258e-03,3.190443845329798186e-03,3.203715115126363078e-03,3.204946899333811165e-03,3.200762193926802793e-03,3.198702029065387566e-03,3.202815797495058188e-03,3.208019411678958172e-03,3.195323829571204179e-03,3.130793053420630970e-03,2.970677843259382587e-03,2.673196707504479994e-03,2.214529372396061273e-03,1.603990852483421978e-03,8.924760260381576441e-04,1.697411891766273254e-04,0.000000000000000000e+00,0.000000000000000000e+00,0.000000000000000000e+00,0.000000000000000000e+00,0.000000000000000000e+00,6.156891169474541011e-04,1.504789696231431748e-03,2.361735381757050674e-03,3.064566494589125636e-03,3.533415743861012537e-03,3.744456172996820167e-03,3.729039868940121211e-03,3.559275015641919383e-03,3.325289529903235376e-03,3.111504024379716741e-03,2.978755681270269396e-03,2.956393791469931129e-03,3.044721350298839214e-03,3.224751646333706267e-03,3.470321623359855223e-03,3.757494759280898683e-03,4.067797201943450409e-03,4.384492701986562012e-03,4.684027928146742084e-03,4.927053230391859051e-03,5.054179393918127941e-03,4.990458704531909075e-03,4.659579862940309986e-03,4.004909820751835492e-03,3.011177408065769407e-03,1.719195697245947578e-03,2.273223848335205900e-04,0.000000000000000000e+00,5.549213013447720473e-04,1.101184798436790051e-03,0.000000000000000000e+00,0.000000000000000000e+00,0.000000000000000000e+00,0.000000000000000000e+00,0.000000000000000000e+00,0.000000000000000000e+00,2.502019701981359617e-03,4.899127613524530307e-03,9.455672009634252849e-04,1.385877226914777102e-03,2.056647424244903086e-03,2.925479515934662107e-03,3.947131033940788972e-03,0.000000000000000000e+00,0.000000000000000000e+00,0.000000000000000000e+00,0.000000000000000000e+00,0.000000000000000000e+00,0.000000000000000000e+00,0.000000000000000000e+00,0.000000000000000000e+00,0.000000000000000000e+00,0.000000000000000000e+00,0.000000000000000000e+00,0.000000000000000000e+00,0.000000000000000000e+00,0.000000000000000000e+00,0.000000000000000000e+00,0.000000000000000000e+00,0.000000000000000000e+00,0.000000000000000000e+00,0.000000000000000000e+00,0.000000000000000000e+00,0.000000000000000000e+00,0.000000000000000000e+00,0.000000000000000000e+00,2.144682408397562481e-03,1.689293201522896375e-03,1.705635561885269266e-03,1.700752380075201166e-03,0.000000000000000000e+00,0.000000000000000000e+00,0.000000000000000000e+00,0.000000000000000000e+00,0.000000000000000000e+00,0.000000000000000000e+00,0.000000000000000000e+00,0.000000000000000000e+00,0.000000000000000000e+00,0.000000000000000000e+00,0.000000000000000000e+00,0.000000000000000000e+00,2.929439436166745480e-05,7.772182090282688536e-04,1.330795252504101897e-03,1.692023425372930420e-03,1.873067096853287287e-03,1.891000013687598683e-03,1.764978083050815954e-03,1.516542912221845651e-03,1.171975018048733094e-03,7.641106137697496791e-04,5.961486972717134703e-04,6.058927714003326274e-04,6.034079521438689888e-04,5.900639126784687624e-04,5.674654683584875884e-04,5.374157960784899839e-04,5.018741052513346927e-04,4.629164962317561640e-04,4.226871371906779670e-04,3.833561052752450173e-04,3.470712092905441082e-04,3.159150794106190853e-04,2.918620944891869200e-04,2.767389167590798968e-04,2.721865715539006697e-04,2.796316011086694251e-04,3.002562703009511568e-04,3.349795873112964444e-04,3.844397194780455377e-04,4.489867186794222484e-04,5.286774112787903960e-04,6.232781062713191149e-04,7.322718566983413323e-04,1.157641681108845591e-03,1.752285484204505611e-03,2.378120190887013721e-03,3.013591408089512196e-03,3.626815572997224568e-03,4.176045733530875555e-03,4.612721759220067205e-03,4.888231488294323204e-03,4.964198096019200798e-03,4.824096301274880851e-03,5.287330590563494616e-03,5.647633127967848984e-03,5.630765961905526834e-03,5.271254597312317186e-03,4.624541113313489042e-03,3.757253962676185624e-03,3.340267246806500213e-03,3.430729239549960580e-03,3.503761830748118068e-03,3.558533566631758883e-03,3.594467180435461338e-03,3.611248684834882875e-03,3.608835138696876808e-03,3.587456063948834227e-03,3.547610843036364328e-03,3.490061245539474635e-03,3.415817111297193929e-03,3.326120416263404073e-03,3.222422543466931140e-03,4.974608282031942226e-03,3.116331224082050620e-03,0.000000000000000000e+00,0.000000000000000000e+00,0.000000000000000000e+00,0.000000000000000000e+00,0.000000000000000000e+00,0.000000000000000000e+00,0.000000000000000000e+00,0.000000000000000000e+00,0.000000000000000000e+00,0.000000000000000000e+00,0.000000000000000000e+00,0.000000000000000000e+00,0.000000000000000000e+00,0.000000000000000000e+00,0.000000000000000000e+00,0.000000000000000000e+00,8.233190076238428370e-04,5.053205011807311055e-03,0.000000000000000000e+00,0.000000000000000000e+00,0.000000000000000000e+00,0.000000000000000000e+00,0.000000000000000000e+00,0.000000000000000000e+00,0.000000000000000000e+00,0.000000000000000000e+00,0.000000000000000000e+00,0.000000000000000000e+00,1.733896918054284573e-04,2.216667415614272834e-04,1.200460249081136774e-03,6.595578973757675403e-05,1.132528150957048453e-04,6.688067284403425303e-04,1.193678101480744698e-03,1.695239288689750568e-03,1.795264121380437793e-03,2.092984375069287684e-03,2.262479175676517136e-03,2.258604753716388774e-03,0.000000000000000000e+00,0.000000000000000000e+00,0.000000000000000000e+00,0.000000000000000000e+00,8.723739455546811747e-04,0.000000000000000000e+00,1.234898551013177292e-05,4.719096778428344993e-04,9.249068534773057263e-04,1.345833171578564346e-03,0.000000000000000000e+00,0.000000000000000000e+00,0.000000000000000000e+00,0.000000000000000000e+00,7.265794553999370365e-04,1.686371655604739211e-03,2.511435965381604747e-03,3.131715609432917085e-03,0.000000000000000000e+00,0.000000000000000000e+00,0.000000000000000000e+00,0.000000000000000000e+00,0.000000000000000000e+00,3.868856387622755561e-04,0.000000000000000000e+00,0.000000000000000000e+00,0.000000000000000000e+00,0.000000000000000000e+00,0.000000000000000000e+00,0.000000000000000000e+00,0.000000000000000000e+00,1.053998292145089452e-04,3.407544539642704418e-04,5.194649666564031152e-04,6.275850950728935167e-04,6.653376151291668988e-04,6.483031210236791728e-04,6.026266119056165492e-04,5.556860837393754653e-04,5.264546450238615644e-04,5.204280871341881824e-04,0.000000000000000000e+00,0.000000000000000000e+00,0.000000000000000000e+00,0.000000000000000000e+00,0.000000000000000000e+00,0.000000000000000000e+00,0.000000000000000000e+00,2.795572025579226853e-04,0.000000000000000000e+00,0.000000000000000000e+00,0.000000000000000000e+00,0.000000000000000000e+00,0.000000000000000000e+00,0.000000000000000000e+00,5.215431480696605540e-04,1.796689604983965020e-03,3.146793048823760732e-03,2.677322032145192099e-03,2.738664375478427459e-03,2.638383374658753895e-03,2.369168366070015502e-03,1.949383665325755055e-03,1.422286275089985333e-03,8.484814973516757904e-04,2.933782226829181211e-04,0.000000000000000000e+00,0.000000000000000000e+00,0.000000000000000000e+00,0.000000000000000000e+00,0.000000000000000000e+00,0.000000000000000000e+00,0.000000000000000000e+00,0.000000000000000000e+00,0.000000000000000000e+00,0.000000000000000000e+00,0.000000000000000000e+00,0.000000000000000000e+00,0.000000000000000000e+00,0.000000000000000000e+00,0.000000000000000000e+00,0.000000000000000000e+00,0.000000000000000000e+00,0.000000000000000000e+00,0.000000000000000000e+00,0.000000000000000000e+00,0.000000000000000000e+00,0.000000000000000000e+00,0.000000000000000000e+00,0.000000000000000000e+00,0.000000000000000000e+00,0.000000000000000000e+00,0.000000000000000000e+00,0.000000000000000000e+00,0.000000000000000000e+00,0.000000000000000000e+00,0.000000000000000000e+00,0.000000000000000000e+00,0.000000000000000000e+00,0.000000000000000000e+00,0.000000000000000000e+00,0.000000000000000000e+00,0.000000000000000000e+00,0.000000000000000000e+00,0.000000000000000000e+00,0.000000000000000000e+00,0.000000000000000000e+00,0.000000000000000000e+00,0.000000000000000000e+00,0.000000000000000000e+00,1.633534400515973133e-05,2.948313883526563651e-05,3.362913323836047531e-05,3.173691934219066008e-04,5.161534574053633579e-04,6.304047220925414587e-04,6.678150369687837085e-04,6.451606119657380496e-04,1.140592076759172754e-03,1.610614606596727288e-03,2.021225130345717051e-03,2.332926515629505596e-03,2.503615459310745955e-03,2.500562544314978517e-03,2.311160158843015167e-03,1.948050483284249857e-03,1.446577173758586618e-03,8.559368184512311170e-04,2.280352910663864551e-04,0.000000000000000000e+00,0.000000000000000000e+00,0.000000000000000000e+00
2.155344879297094469e-07,3.119680224489649743e-04,0.000000000000000000e+00,0.000000000000000000e+00,1.877297030330765020e-04,0.000000000000000000e+00,0.000000000000000000e+00,0.000000000000000000e+00,0.000000000000000000e+00,0.000000000000000000e+00,0.000000000000000000e+00,2.306028385571171893e-04,0.000000000000000000e+00,0.000000000000000000e+00,1.966338273707678684e-03,3.677484274930561351e-03,0.000000000000000000e+00,0.000000000000000000e+00,0.000000000000000000e+00,0.000000000000000000e+00,0.000000000000000000e+00,1.756142172439274535e-04,0.000000000000000000e+00,0.000000000000000000e+00,5.855356015553994436e-04,6.450097146210581958e-03,1.791398418063821661e-03,2.169806814357599836e-03,0.000000000000000000e+00,0.000000000000000000e+00,0.000000000000000000e+00,0.000000000000000000e+00,0.000000000000000000e+00,3.129726364093968183e-04,9.746446581337724025e-04,9.005279378569109802e-04,3.244798282416137694e-04,0.000000000000000000e+00,0.000000000000000000e+00,0.000000000000000000e+00,0.000000000000000000e+00,0.000000000000000000e+00,0.000000000000000000e+00,0.000000000000000000e+00,0.000000000000000000e+00,3.193352258133984209e-05,2.130883971710548371e-04,4.065360880662071438e-04,4.849152291313372533e-03,1.460309408391200544e-03,0.000000000000000000e+00,0.000000000000000000e+00,0.000000000000000000e+00,0.000000000000000000e+00,0.000000000000000000e+00,0.000000000000000000e+00,0.000000000000000000e+00,0.000000000000000000e+00,5.440450493108988424e-04,1.258372075495295785e-03,0.000000000000000000e+00,0.000000000000000000e+00,0.000000000000000000e+00,0.000000000000000000e+00,0.000000000000000000e+00,0.000000000000000000e+00,0.000000000000000000e+00,0.000000000000000000e+00,0.000000000000000000e+00,0.000000000000000000e+00,0.000000000000000000e+00,0.000000000000000000e+00,5.084193366016562417e-04,1.100616483208204143e-03,1.516197204123683612e-03,1.734916325769071200e-03,1.757677908195454412e-03,1.605830915034644341e-03,1.316941922914867868e-03,1.181912652719174306e-03,1.836307299961846724e-03,2.329803673287021704e-03,2.632447666344572400e-03,0.000000000000000000e+00,0.000000000000000000e+00,0.000000000000000000e+00,0.000000000000000000e+00,0.000000000000000000e+00,5.923889875300952486e-04,0.000000000000000000e+00,5.196332627672793202e-04,1.148249774899672698e-03,1.711929291814931432e-03,2.139160861756723032e-03,2.390310072454173828e-03,2.464792136274145118e-03,2.396827558287880581e-03,2.242029317721810217e-03,2.059664507492827389e-03,1.896049728048724951e-03,1.773352553733608403e-03,1.686008960089658724e-03,1.604763651413994080e-03,1.486608116983223829e-03,1.287785219362302469e-03,9.766058046072952515e-04,8.224741002580006994e-04,8.860671520705559485e-04,9.492002152339701652e-04,1.011149542378161729e-03,1.071153070144053145e-03,1.128441053916907823e-03,1.182266061243990090e-03,1.231931712206534328e-03,1.276817880970431774e-03,1.316404329235212846e-03,1.350286543943653161e-03,1.378186810739053360e-03,2.287993463349542213e-03,3.171875033061776188e-03,3.969857397192255895e-03,4.677658972395581059e-03,5.282373132485249263e-03,5.758784964222634327e-03,6.071198108394530203e-03,6.181071763353270139e-03,6.058272927506979169e-03,5.692085114216439631e-03,5.098042736440568795e-03,4.318317525516700804e-03,3.415860906438482596e-03,2.464610781431883068e-03,1.538877961141924206e-03,1.182472010178074479e-03,1.149942507621926849e-03,1.116605706859481436e-03,1.082459935100140141e-03,1.047465723009058250e-03,1.011560289837783004e-03,9.746722051340320431e-04,9.367360144630294859e-04,8.977024836120613182e-04,8.575519513367982002e-04,8.162984448192485160e-04,7.739954348090725142e-04,7.307369286784980936e-04,6.866523130076357048e-04,6.419016223415292821e-04,5.966662650421719486e-04,5.511360822903352752e-04,5.054970973071247486e-04,4.599171998316139921e-04,4.145343077836457233e-04,3.694408219988307780e-04,3.246759962369147041e-04,2.802180256586324380e-04,2.359782586222146502e-04,1.918041557965738115e-04,1.474801967716789382e-04,1.027401096482166763e-04,5.727600191886566568e-05,1.075588338878907312e-05,0.000000000000000000e+00,0.000000000000000000e+00,0.000000000000000000e+00,0.000000000000000000e+00,0.000000000000000000e+00,0.000000000000000000e+00,0.000000000000000000e+00,0.000000000000000000e+00,0.000000000000000000e+00,0.000000000000000000e+00,5.494431024912664954e-04,1.707690315665403528e-03,2.929746534571847725e-03,4.107035811735816784e-03,5.128148381657943004e-03,5.900847319637155149e-03,6.368886906726088995e-03,6.519079100281289021e-03,6.377675453632762614e-03,5.998859534715750459e-03,5.450384712227682171e-03,4.801381322400486047e-03,4.115443296883333768e-03,3.449345985144860148e-03,2.855370569656123791e-03,3.030695948155225257e-03,3.255504849235730559e-03,3.116276852810235046e-03,2.638673557459969912e-03,2.547534057417383084e-03,3.160698833073920157e-03,3.929085860203022224e-03,4.765679760582532815e-03,5.568791865346900058e-03,0.000000000000000000e+00,0.000000000000000000e+00,0.000000000000000000e+00,0.000000000000000000e+00,0.000000000000000000e+00,0.000000000000000000e+00,0.000000000000000000e+00,0.000000000000000000e+00,5.050397384477138801e-04,1.982948462444524083e-03,0.000000000000000000e+00,0.000000000000000000e+00,0.000000000000000000e+00,0.000000000000000000e+00,0.000000000000000000e+00,0.000000000000000000e+00,0.000000000000000000e+00,0.000000000000000000e+00,0.000000000000000000e+00,0.000000000000000000e+00,0.000000000000000000e+00,0.000000000000000000e+00,0.000000000000000000e+00,0.000000000000000000e+00,0.000000000000000000e+00,0.000000000000000000e+00,0.000000000000000000e+00,2.612732978997150696e-03,1.499548215418904464e-04,0.000000000000000000e+00,0.000000000000000000e+00,6.148237833051747566e-04,1.544093379755257260e-03,2.347504823644497914e-03,2.945230939608080648e-03,3.291793684905384466e-03,3.390901240035918644e-03,3.298545051524257032e-03,3.593006479254785314e-03,0.000000000000000000e+00,0.000000000000000000e+00,0.000000000000000000e+00,0.000000000000000000e+00,0.000000000000000000e+00,0.000000000000000000e+00,0.000000000000000000e+00,0.000000000000000000e+00,0.000000000000000000e+00,0.000000000000000000e+00,0.000000000000000000e+00,0.000000000000000000e+00,0.000000000000000000e+00,0.000000000000000000e+00,0.000000000000000000e+00,0.000000000000000000e+00,0.000000000000000000e+00,0.000000000000000000e+00,0.000000000000000000e+00,0.000000000000000000e+00,0.000000000000000000e+00,0.000000000000000000e+00,0.000000000000000000e+00,0.000000000000000000e+00,0.000000000000000000e+00,0.000000000000000000e+00,0.000000000000000000e+00,6.047576537315101249e-05,7.403946697783934591e-04,1.427852879845599660e-03,2.011114170533055603e-03,3.644049892589889487e-03,0.000000000000000000e+00,0.000000000000000000e+00,0.000000000000000000e+00,0.000000000000000000e+00,1.183027932637698747e-03,2.515654890253285567e-03,3.731684233160497723e-03,4.692918139128107388e-03,5.302891844241339712e-03,5.518077910500135928e-03,5.349258553245144973e-03,4.854260348707488230e-03,4.124194558792790982e-03,3.265719546008097069e-03,2.382091139113973622e-03,1.556116866273885057e-03,1.331394503337465741e-03,1.560468677261890418e-03,1.919549050547732227e-03,2.391423272272187595e-03,2.939754912961179464e-03,3.512611484652159669e-03,4.050106390965119152e-03,4.494478926528209725e-03,4.799392001259739256e-03,4.935288238830664795e-03,4.889417716015694720e-03,4.661687038096761285e-03,4.259347627922275940e-03,3.693713507379633477e-03,2.980556610891216610e-03,2.143531945038926623e-03,1.218261759819333533e-03,2.543857957344647955e-04,0.000000000000000000e+00,0.000000000000000000e+00,0.000000000000000000e+00,0.000000000000000000e+00,0.000000000000000000e+00,0.000000000000000000e+00,1.329180040123818340e-04,2.368905037495443199e-04,7.740302856369648328e-05,0.000000000000000000e+00,0.000000000000000000e+00,8.118840959147065372e-05,3.407936510421938304e-04,4.241716052703337330e-04,3.433748844081608784e-04,1.247090386962940547e-04,0.000000000000000000e+00,0.000000000000000000e+00,0.000000000000000000e+00,0.000000000000000000e+00,0.000000000000000000e+00,0.000000000000000000e+00,0.000000000000000000e+00,0.000000000000000000e+00,0.000000000000000000e+00,8.630952520920406315e-04,6.019983064794960648e-03,0.000000000000000000e+00,0.000000000000000000e+00,0.000000000000000000e+00,0.000000000000000000e+00,0.000000000000000000e+00,0.000000000000000000e+00,0.000000000000000000e+00,0.000000000000000000e+00,0.000000000000000000e+00,0.000000000000000000e+00,0.000000000000000000e+00,0.000000000000000000e+00,0.000000000000000000e+00,0.000000000000000000e+00,0.000000000000000000e+00,0.000000000000000000e+00,0.000000000000000000e+00,0.000000000000000000e+00,0.000000000000000000e+00,0.000000000000000000e+00,0.000000000000000000e+00,9.265053421275655293e-04,9.652694140548730064e-04,6.755293762510196148e-04,1.780523311710730634e-04,0.000000000000000000e+00,0.000000000000000000e+00,0.000000000000000000e+00,0.000000000000000000e+00,0.000000000000000000e+00,0.000000000000000000e+00,0.000000000000000000e+00,0.000000000000000000e+00,0.000000000000000000e+00,0.000000000000000000e+00,0.000000000000000000e+00,0.000000000000000000e+00,0.000000000000000000e+00,0.000000000000000000e+00,0.000000000000000000e+00,0.000000000000000000e+00,0.000000000000000000e+00,0.000000000000000000e+00,0.000000000000000000e+00,0.000000000000000000e+00,0.000000000000000000e+00,0.000000000000000000e+00,0.000000000000000000e+00,0.000000000000000000e+00,0.000000000000000000e+00,0.000000000000000000e+00,0.000000000000000000e+00,0.000000000000000000e+00,0.000000000000000000e+00,0.000000000000000000e+00,0.000000000000000000e+00,2.249154780972332276e-04,7.613708245935956994e-04,1.000740120922340463e-03,9.735962041650921342e-04,7.448807022663906123e-04,3.997887206419544642e-04,2.771431953839276438e-05,0.000000000000000000e+00,0.000000000000000000e+00,0.000000000000000000e+00,0.000000000000000000e+00,0.000000000000000000e+00,0.000000000000000000e+00,0.000000000000000000e+00,5.130601547671755671e-05,5.364793623818766741e-05
2.142002224371243196e-08,2.821881597970574249e-04,0.000000000000000000e+00,0.000000000000000000e+00,0.000000000000000000e+00,0.000000000000000000e+00,0.000000000000000000e+00,0.000000000000000000e+00,0.000000000000000000e+00,0.000000000000000000e+00,0.000000000000000000e+00,0.000000000000000000e+00,0.000000000000000000e+00,0.000000000000000000e+00,0.000000000000000000e+00,0.000000000000000000e+00,0.000000000000000000e+00,0.000000000000000000e+00,0.000000000000000000e+00,0.000000000000000000e+00,0.000000000000000000e+00,0.000000000000000000e+00,0.000000000000000000e+00,0.000000000000000000e+00,0.000000000000000000e+00,0.000000000000000000e+00,2.027537932040135817e-04,6.153222214027260833e-04,1.038757339965810239e-03,1.436622457502710008e-03,0.000000000000000000e+00,0.000000000000000000e+00,0.000000000000000000e+00,0.000000000000000000e+00,0.000000000000000000e+00,0.000000000000000000e+00,0.000000000000000000e+00,0.000000000000000000e+00,0.000000000000000000e+00,4.938565918209934531e-04,8.661552889278060141e-04,9.887899149249813804e-04,7.849260017551254768e-04,2.119273374552994274e-04,0.000000000000000000e+00,0.000000000000000000e+00,0.000000000000000000e+00,0.000000000000000000e+00,0.000000000000000000e+00,0.000000000000000000e+00,0.000000000000000000e+00,0.000000000000000000e+00,0.000000000000000000e+00,0.000000000000000000e+00,0.000000000000000000e+00,0.000000000000000000e+00,0.000000000000000000e+00,0.000000000000000000e+00,0.000000000000000000e+00,0.000000000000000000e+00,0.000000000000000000e+00,0.000000000000000000e+00,0.000000000000000000e+00,0.000000000000000000e+00,0.000000000000000000e+00,0.000000000000000000e+00,0.000000000000000000e+00,0.000000000000000000e+00,0.000000000000000000e+00,0.000000000000000000e+00,0.000000000000000000e+00,0.000000000000000000e+00,5.981866477302791437e-04,1.029250679676544213e-03,1.172299540735593799e-03,1.027011864080171113e-03,6.332907048749312129e-04,6.290073458987537622e-05,0.000000000000000000e+00,0.000000000000000000e+00,8.779216325002160877e-04,2.255367995792328679e-03,3.562131975655625799e-03,4.713148371732458521e-03,5.617247962063292438e-03,7.383327041816126375e-03,7.074505897288393790e-03,0.000000000000000000e+00,0.000000000000000000e+00,0.000000000000000000e+00,0.000000000000000000e+00,1.026852715562071808e-03,0.000000000000000000e+00,0.000000000000000000e+00,0.000000000000000000e+00,0.000000000000000000e+00,0.000000000000000000e+00,0.000000000000000000e+00,0.000000000000000000e+00,0.000000000000000000e+00,0.000000000000000000e+00,0.000000000000000000e+00,0.000000000000000000e+00,0.000000000000000000e+00,0.000000000000000000e+00,0.000000000000000000e+00,1.048789667183561061e-03,0.000000000000000000e+00,0.000000000000000000e+00,0.000000000000000000e+00,0.000000000000000000e+00,0.000000000000000000e+00,0.000000000000000000e+00,0.000000000000000000e+00,0.000000000000000000e+00,0.000000000000000000e+00,0.000000000000000000e+00,0.000000000000000000e+00,0.000000000000000000e+00,0.000000000000000000e+00,0.000000000000000000e+00,0.000000000000000000e+00,0.000000000000000000e+00,0.000000000000000000e+00,0.000000000000000000e+00,2.815109656927156871e-04,7.101435625874269420e-04,8.623277376494829175e-04,7.264421392566106864e-04,3.394233613423500769e-04,0.000000000000000000e+00,0.000000000000000000e+00,0.000000000000000000e+00,0.000000000000000000e+00,0.000000000000000000e+00,0.000000000000000000e+00,0.000000000000000000e+00,0.000000000000000000e+00,0.000000000000000000e+00,0.000000000000000000e+00,1.126541215536407380e-04,2.781974698668637802e-04,4.291507951002821049e-04,6.431695439839910664e-04,9.763053364032328639e-04,1.450124306861006991e-03,4.968429863145428296e-03,2.842123771478871890e-03,0.000000000000000000e+00,0.000000000000000000e+00,0.000000000000000000e+00,0.000000000000000000e+00,0.000000000000000000e+00,0.000000000000000000e+00,0.000000000000000000e+00,0.000000000000000000e+00,0.000000000000000000e+00,0.000000000000000000e+00,0.000000000000000000e+00,7.103615230821469441e-05,3.089809377958466067e-04,5.265734968649769115e-04,7.206757919909102935e-04,8.886325807070889543e-04,1.028293514443874655e-03,1.138022401660374050e-03,1.216690966573172935e-03,1.263665526277556661e-03,1.278781342194301859e-03,1.262310037535897995e-03,1.214923342019318597e-03,1.718542381676807550e-03,1.979253526636752698e-03,2.007797069390401812e-03,1.872286143440537358e-03,1.651553906094221187e-03,1.409955520714773229e-03,1.181166485151713061e-03,9.661638334247384281e-04,7.445368117708474429e-04,4.930410883577605050e-04,2.031360025977383234e-04,0.000000000000000000e+00,0.000000000000000000e+00,0.000000000000000000e+00,0.000000000000000000e+00,0.000000000000000000e+00,0.000000000000000000e+00,0.000000000000000000e+00,2.366008692692182162e-04,6.179136779661867623e-04,8.969127923478940369e-04,1.003276609474751694e-03,9.018855173751005004e-04,6.035112509639183097e-04,1.627722616186701610e-04,0.000000000000000000e+00,0.000000000000000000e+00,0.000000000000000000e+00,0.000000000000000000e+00,0.000000000000000000e+00,0.000000000000000000e+00,0.000000000000000000e+00,0.000000000000000000e+00,0.000000000000000000e+00,0.000000000000000000e+00,0.000000000000000000e+00,2.564156100772974544e-04,5.796965344881104421e-04,8.562034978329079692e-04,1.070773684495301709e-03,1.228383637392683981e-03,1.360253137992538256e-03,1.522856258881097932e-03,1.411563581993796699e-03,1.023851981950787710e-03,1.004135305666049079e-03,1.436154921453881763e-03,2.323770548311543047e-03,3.592872617307035343e-03,5.108273770974555879e-03,6.699386154481106609e-03,8.187703711464055373e-03,0.000000000000000000e+00,0.000000000000000000e+00,0.000000000000000000e+00,0.000000000000000000e+00,0.000000000000000000e+00,0.000000000000000000e+00,0.000000000000000000e+00,0.000000000000000000e+00,0.000000000000000000e+00,0.000000000000000000e+00,0.000000000000000000e+00,3.126144411725390515e-04,1.971182378531190476e-03,4.590457642318078761e-04,7.383192494956469917e-04,0.000000000000000000e+00,0.000000000000000000e+00,0.000000000000000000e+00,0.000000000000000000e+00,0.000000000000000000e+00,0.000000000000000000e+00,0.000000000000000000e+00,0.000000000000000000e+00,2.673563229286866731e-04,1.180113835395464822e-03,1.979150550139766474e-03,2.591250144425988333e-03,2.917464122989121313e-03,0.000000000000000000e+00,0.000000000000000000e+00,0.000000000000000000e+00,0.000000000000000000e+00,0.000000000000000000e+00,0.000000000000000000e+00,0.000000000000000000e+00,0.000000000000000000e+00,0.000000000000000000e+00,0.000000000000000000e+00,0.000000000000000000e+00,0.000000000000000000e+00,0.000000000000000000e+00,0.000000000000000000e+00,0.000000000000000000e+00,0.000000000000000000e+00,0.000000000000000000e+00,0.000000000000000000e+00,0.000000000000000000e+00,0.000000000000000000e+00,0.000000000000000000e+00,0.000000000000000000e+00,0.000000000000000000e+00,0.000000000000000000e+00,0.000000000000000000e+00,0.000000000000000000e+00,0.000000000000000000e+00,0.000000000000000000e+00,0.000000000000000000e+00,0.000000000000000000e+00,0.000000000000000000e+00,0.000000000000000000e+00,0.000000000000000000e+00,0.000000000000000000e+00,0.000000000000000000e+00,0.000000000000000000e+00,0.000000000000000000e+00,0.000000000000000000e+00,0.000000000000000000e+00,0.000000000000000000e+00,0.000000000000000000e+00,0.000000000000000000e+00,3.769215892447975134e-03,1.116964226404177762e-03,0.000000000000000000e+00,0.000000000000000000e+00,0.000000000000000000e+00,0.000000000000000000e+00,0.000000000000000000e+00,1.355828934275575526e-04,1.643814550791151085e-04,2.927579626308599416e-04,4.739576146034803618e-04,3.438531444047857391e-04,0.000000000000000000e+00,0.000000000000000000e+00,0.000000000000000000e+00,0.000000000000000000e+00,0.000000000000000000e+00,0.000000000000000000e+00,0.000000000000000000e+00,0.000000000000000000e+00,0.000000000000000000e+00,0.000000000000000000e+00,0.000000000000000000e+00,0.000000000000000000e+00,0.000000000000000000e+00,3.569023172933625046e-03,1.862338077330106785e-03,0.000000000000000000e+00,0.000000000000000000e+00,0.000000000000000000e+00,0.000000000000000000e+00,6.857359947490497673e-04,1.078683059859108975e-03,7.723983583491939465e-04,0.000000000000000000e+00,0.000000000000000000e+00,1.682121727901480157e-04,0.000000000000000000e+00,0.000000000000000000e+00,0.000000000000000000e+00,0.000000000000000000e+00,0.000000000000000000e+00,0.000000000000000000e+00,0.000000000000000000e+00,0.000000000000000000e+00,0.000000000000000000e+00,4.042003469042440914e-03,4.645466841755546239e-05,0.000000000000000000e+00,0.000000000000000000e+00,0.000000000000000000e+00,0.000000000000000000e+00,0.000000000000000000e+00,0.000000000000000000e+00,1.177000219980977973e-03,3.720730570145351721e-03,6.278770052094885187e-03,8.438752187368996072e-03,0.000000000000000000e+00,0.000000000000000000e+00,0.000000000000000000e+00,0.000000000000000000e+00,0.000000000000000000e+00,0.000000000000000000e+00,0.000000000000000000e+00,0.000000000000000000e+00,0.000000000000000000e+00,0.000000000000000000e+00,0.000000000000000000e+00,0.000000000000000000e+00,0.000000000000000000e+00,3.822210574954405631e-04,2.280161791739884324e-03,3.970356834042250600e-03,5.330200494537771193e-03,6.250010429643646469e-03,6.659121371111008728e-03,6.547178532035834511e-03,5.972173431493222988e-03,5.050523151879539666e-03,3.930960857155764605e-03,2.760530121994717468e-03,0.000000000000000000e+00,0.000000000000000000e+00,1.110929531473606961e-03,0.000000000000000000e+00,0.000000000000000000e+00,0.000000000000000000e+00,0.000000000000000000e+00,0.000000000000000000e+00,0.000000000000000000e+00,0.000000000000000000e+00,0.000000000000000000e+00,2.028906392886036122e-04,8.958743700615993738e-04,1.682694291160539892e-03,2.559398289073092775e-03,3.500200913340150224e-03,4.451885899144723130e-03,5.336514962872132388e-03,6.062988987882075680e-03,6.544953221580582930e-03,6.720053436364974674e-03,6.564635002673841271e-03,6.099220608523190854e-03,5.383082992870343204e-03,4.499878376306454437e-03
5.284888163415684275e-08,3.137613501029097368e-04,5.306557478860058318e-04,0.000000000000000000e+00,3.104050419713844100e-06,4.347498640832820526e-05,9.700148958979600662e-05,1.616547368348227921e-04,2.350717036387191489e-04,3.146132150732410004e-04,3.974265093620594613e-04,4.805165842801372442e-04,5.608216865119286607e-04,6.352897132010652988e-04,7.009539462107003231e-04,7.550097420631295391e-04,7.948794392926883433e-04,8.182753207248175077e-04,8.232523877266499516e-04,8.082484757897274042e-04,7.721159568513226521e-04,7.141390430558327987e-04,1.360360657689333461e-03,2.449906569351328629e-03,3.526051347375672163e-03,4.445279682954985864e-03,5.071831553354808758e-03,5.299910248269671005e-03,5.070976432555530065e-03,4.383038813396207718e-03,3.290629899660858608e-03,1.895883566238012758e-03,3.324051799453132342e-04,0.000000000000000000e+00,0.000000000000000000e+00,0.000000000000000000e+00,0.000000000000000000e+00,0.000000000000000000e+00,0.000000000000000000e+00,0.000000000000000000e+00,0.000000000000000000e+00,0.000000000000000000e+00,0.000000000000000000e+00,0.000000000000000000e+00,0.000000000000000000e+00,0.000000000000000000e+00,0.000000000000000000e+00,0.000000000000000000e+00,0.000000000000000000e+00,0.000000000000000000e+00,0.000000000000000000e+00,0.000000000000000000e+00,0.000000000000000000e+00,0.000000000000000000e+00,0.000000000000000000e+00,0.000000000000000000e+00,0.000000000000000000e+00,0.000000000000000000e+00,0.000000000000000000e+00,0.000000000000000000e+00,0.000000000000000000e+00,7.170113161784078199e-04,1.255650335628366761e-03,1.534326518785090110e-03,1.567912676429810033e-03,1.406919069303822194e-03,1.129473362836392637e-03,8.276081771852736909e-04,5.901056273264255634e-04,4.851798109347684709e-04,5.465718118951499961e-04,7.661216330268364946e-04,1.094773154420070971e-03,1.452500644897980085e-03,1.745863378669117606e-03,1.889965385885525101e-03,1.829765282024621445e-03,4.492675099599653839e-03,0.000000000000000000e+00,0.000000000000000000e+00,0.000000000000000000e+00,0.000000000000000000e+00,0.000000000000000000e+00,0.000000000000000000e+00,0.000000000000000000e+00,0.000000000000000000e+00,0.000000000000000000e+00,0.000000000000000000e+00,0.000000000000000000e+00,0.000000000000000000e+00,0.000000000000000000e+00,0.000000000000000000e+00,0.000000000000000000e+00,0.000000000000000000e+00,6.850572382790882844e-04,1.390883868287172941e-03,1.917990164126012103e-03,2.260189568774197133e-03,2.438855136346594361e-03,2.493324648490958303e-03,2.470288039737731072e-03,2.414218149328807225e-03,2.359877082715759397e-03,2.327346423459459440e-03,2.319877919948806072e-03,2.324797933269548856e-03,2.317304905519792894e-03,2.266389484523650966e-03,2.141573610301327618e-03,1.919102964750076705e-03,1.586641600745179476e-03,1.146041214208473212e-03,6.140094852460564398e-04,2.040099877847518931e-05,0.000000000000000000e+00,0.000000000000000000e+00,0.000000000000000000e+00,0.000000000000000000e+00,0.000000000000000000e+00,0.000000000000000000e+00,0.000000000000000000e+00,3.263620945538507417e-05,3.695856563770994483e-04,6.692157805725967076e-04,9.167786927321189923e-04,1.099820046961095437e-03,1.203934823244628321e-03,1.211518104079926071e-03,1.105274459723349289e-03,8.758392181756561451e-04,5.304950834549363977e-04,9.879547902957099307e-05,9.123798839764735906e-05,2.114518479703076108e-04,3.432116982694034574e-04,4.854526195963057805e-04,6.367296755572894118e-04,2.342771569879979147e-03,1.958151299324332236e-03,0.000000000000000000e+00,0.000000000000000000e+00,5.937397749175172277e-04,1.217348193732859223e-03,1.823299238104703719e-03,2.409670320835459369e-03,2.955523806339584343e-03,3.424505661915352387e-03,3.776210785567193657e-03,3.981779608749761931e-03,4.037788237812978999e-03,3.972352614971794149e-03,3.839942196578375808e-03,0.000000000000000000e+00,0.000000000000000000e+00,0.000000000000000000e+00,0.000000000000000000e+00,0.000000000000000000e+00,0.000000000000000000e+00,0.000000000000000000e+00,0.000000000000000000e+00,0.000000000000000000e+00,0.000000000000000000e+00,0.000000000000000000e+00,0.000000000000000000e+00,0.000000000000000000e+00,0.000000000000000000e+00,4.008716440194148335e-03,0.000000000000000000e+00,0.000000000000000000e+00,0.000000000000000000e+00,0.000000000000000000e+00,0.000000000000000000e+00,0.000000000000000000e+00,0.000000000000000000e+00,0.000000000000000000e+00,0.000000000000000000e+00,0.000000000000000000e+00,0.000000000000000000e+00,0.000000000000000000e+00,0.000000000000000000e+00,0.000000000000000000e+00,0.000000000000000000e+00,0.000000000000000000e+00,0.000000000000000000e+00,0.000000000000000000e+00,0.000000000000000000e+00,0.000000000000000000e+00,0.000000000000000000e+00,0.000000000000000000e+00,1.790278241929694125e-04,3.540882518872117877e-04,5.135123729895894494e-04,6.798399612072190783e-04,8.638937603586378322e-04,1.065566841114551052e-03,1.278648001958270853e-03,1.496313115212222558e-03,1.714119592961726004e-03,1.929222805549170956e-03,2.136968889962930981e-03,2.327624583112481837e-03,3.721338186434350413e-03,0.000000000000000000e+00,0.000000000000000000e+00,2.257189981317880465e-04,1.598442984542675516e-03,2.838018604921834723e-03,3.865111747700391686e-03,4.625085839866196688e-03,5.091347256418079018e-03,5.263842735081975671e-03,5.164105197020331037e-03,4.828865482026364030e-03,4.304163942348599066e-03,3.641144306481670576e-03,2.893702365066517981e-03,2.117149894299250566e-03,1.366606979439685416e-03,6.940636062633514505e-04,1.440301525348923386e-04,0.000000000000000000e+00,0.000000000000000000e+00,0.000000000000000000e+00,0.000000000000000000e+00,0.000000000000000000e+00,8.319464723292128712e-05,4.044108119407372587e-04,6.929961403525807711e-04,8.925444190204605797e-04,9.577903525359435016e-04,8.658860866307529830e-04,6.249259187924405918e-04,2.752027327508300633e-04,0.000000000000000000e+00,0.000000000000000000e+00,4.518695104899281815e-05,3.465740501844767380e-04,7.410361867283549306e-04,1.185228472499464227e-03,2.642434289042110487e-03,0.000000000000000000e+00,0.000000000000000000e+00,0.000000000000000000e+00,0.000000000000000000e+00,0.000000000000000000e+00,0.000000000000000000e+00,0.000000000000000000e+00,4.271863328934073648e-04,7.968766197159808619e-04,1.010843381032872123e-03,1.090793422254443925e-03,1.086743620812308502e-03,1.058011767253474707e-03,1.054237409567008099e-03,1.102803094317219255e-03,1.205854336048895652e-03,1.346067649812241395e-03,1.497239525909024481e-03,1.634986002129485555e-03,1.744213495875191486e-03,1.822404810036443645e-03,1.879602422933760678e-03,1.936415485913436799e-03,2.020653509789741530e-03,2.162280294763451859e-03,2.386286483605148164e-03,2.704046324295294925e-03,3.105216620992098941e-03,3.553192268042493739e-03,3.986833134474961939e-03,4.329482865225141482e-03,4.503928243870920778e-03,4.449814037968962896e-03,4.139002920470368461e-03,3.584723919123731280e-03,2.841882183835189261e-03,2.569391235260458112e-03,0.000000000000000000e+00,2.388486757696599034e-04,0.000000000000000000e+00,0.000000000000000000e+00,2.588885578209322732e-05,1.331359080845407954e-04,1.386670050932952575e-04,5.904616115574487354e-05,0.000000000000000000e+00,0.000000000000000000e+00,0.000000000000000000e+00,0.000000000000000000e+00,0.000000000000000000e+00,1.546800413798985342e-04,3.559646202929029344e-04,4.803212325485624627e-04,4.597498006296172560e-04,2.518157976681416766e-04,0.000000000000000000e+00,0.000000000000000000e+00,0.000000000000000000e+00,0.000000000000000000e+00,0.000000000000000000e+00,0.000000000000000000e+00,0.000000000000000000e+00,0.000000000000000000e+00,7.657593425569622051e-05,1.579160326402732125e-04,5.927671284774169765e-05,0.000000000000000000e+00,0.000000000000000000e+00,0.000000000000000000e+00,0.000000000000000000e+00,0.000000000000000000e+00,0.000000000000000000e+00,0.000000000000000000e+00,0.000000000000000000e+00,0.000000000000000000e+00,3.857518207452448659e-05,2.870134639035377337e-04,5.138348559439760840e-04,7.061256465043884824e-04,8.529015047831614354e-04,9.482013193871513534e-04,9.949324101088429569e-04,1.006515968411091696e-03,1.207375611430992106e-03,1.738340406360152236e-03,2.048017301307759191e-03,2.136030850188074589e-03,2.048150524406041912e-03,0.000000000000000000e+00,0.000000000000000000e+00,0.000000000000000000e+00,0.000000000000000000e+00,0.000000000000000000e+00,0.000000000000000000e+00,0.000000000000000000e+00,0.000000000000000000e+00,0.000000000000000000e+00,0.000000000000000000e+00,0.000000000000000000e+00,0.000000000000000000e+00,4.144534732386443007e-04,3.146550157612473114e-03,0.000000000000000000e+00,0.000000000000000000e+00,0.000000000000000000e+00,0.000000000000000000e+00,0.000000000000000000e+00,0.000000000000000000e+00,0.000000000000000000e+00,0.000000000000000000e+00,0.000000000000000000e+00,0.000000000000000000e+00,0.000000000000000000e+00,0.000000000000000000e+00,0.000000000000000000e+00,0.000000000000000000e+00,0.000000000000000000e+00,0.000000000000000000e+00,0.000000000000000000e+00,0.000000000000000000e+00,0.000000000000000000e+00,0.000000000000000000e+00,0.000000000000000000e+00,0.000000000000000000e+00,0.000000000000000000e+00,0.000000000000000000e+00,4.647833927443664054e-05,1.260579470908509622e-03,2.248001923455242301e-03,2.968036294546184603e-03,3.420710399804940439e-03,3.640387003494091871e-03,3.682318925084194106e-03,3.606324843545609393e-03,3.462241904148264521e-03,3.280889286353886724e-03,3.072344392636925867e-03,2.831095837407459400e-03,2.545721859234975626e-03,2.522794145587549473e-03,2.905451680999918650e-03,3.177549245965456768e-03,3.306620569959900589e-03,3.284880319997170693e-03,3.132530291115183732e-03,2.890452146467310454e-03,2.604261303365636507e-03,2.305743615807553243e-03,2.346998467655449835e-03,2.457265707639475372e-03,2.548606268584930040e-03,2.621261473576303770e-03,2.675774258034892186e-03,2.712971810775832542e-03,0.000000000000000000e+00,0.000000000000000000e+00,0.000000000000000000e+00,0.000000000000000000e+00,0.000000000000000000e+00,0.000000000000000000e+00
0.000000000000000000e+00,4.404240795051244588e-04,1.351238721634529742e-03,0.000000000000000000e+00,0.000000000000000000e+00,0.000000000000000000e+00,0.000000000000000000e+00,0.000000000000000000e+00,0.000000000000000000e+00,0.000000000000000000e+00,0.000000000000000000e+00,0.000000000000000000e+00,0.000000000000000000e+00,2.069579492278140716e-04,2.013873636055551987e-04,0.000000000000000000e+00,2.186011598728241430e-04,6.475047319918653685e-04,8.786529163638577902e-04,9.049301085238285660e-04,7.382616831850731141e-04,4.039877897912920110e-04,7.223115046119810666e-03,4.368878655271355924e-04,1.229875552914615850e-03,0.000000000000000000e+00,0.000000000000000000e+00,1.348673836206018865e-04,6.619902802418366227e-05,1.083743209774937948e-03,6.008155950321570835e-03,4.625852315319893202e-03,6.209308132603623583e-03,0.000000000000000000e+00,0.000000000000000000e+00,0.000000000000000000e+00,0.000000000000000000e+00,0.000000000000000000e+00,0.000000000000000000e+00,0.000000000000000000e+00,0.000000000000000000e+00,0.000000000000000000e+00,9.496736894735208646e-04,0.000000000000000000e+00,0.000000000000000000e+00,0.000000000000000000e+00,0.000000000000000000e+00,0.000000000000000000e+00,0.000000000000000000e+00,0.000000000000000000e+00,0.000000000000000000e+00,0.000000000000000000e+00,0.000000000000000000e+00,0.000000000000000000e+00,0.000000000000000000e+00,0.000000000000000000e+00,0.000000000000000000e+00,0.000000000000000000e+00,0.000000000000000000e+00,0.000000000000000000e+00,0.000000000000000000e+00,0.000000000000000000e+00,0.000000000000000000e+00,0.000000000000000000e+00,0.000000000000000000e+00,0.000000000000000000e+00,0.000000000000000000e+00,0.000000000000000000e+00,0.000000000000000000e+00,0.000000000000000000e+00,0.000000000000000000e+00,0.000000000000000000e+00,0.000000000000000000e+00,0.000000000000000000e+00,0.000000000000000000e+00,0.000000000000000000e+00,0.000000000000000000e+00,0.000000000000000000e+00,5.612826601624521265e-04,1.703719186060074489e-03,2.513798097560564042e-03,2.935439871415008919e-03,2.964561290074090721e-03,2.652369181469182470e-03,2.097077961388378337e-03,1.425983276207392269e-03,7.722990112377965547e-04,2.521593937841190374e-04,0.000000000000000000e+00,0.000000000000000000e+00,7.567822191031099829e-05,0.000000000000000000e+00,2.033957288392531509e-03,3.781519049977412621e-04,0.000000000000000000e+00,0.000000000000000000e+00,0.000000000000000000e+00,0.000000000000000000e+00,0.000000000000000000e+00,0.000000000000000000e+00,0.000000000000000000e+00,0.000000000000000000e+00,0.000000000000000000e+00,3.459469236119354385e-04,9.803073892973807133e-05,0.000000000000000000e+00,0.000000000000000000e+00,0.000000000000000000e+00,0.000000000000000000e+00,0.000000000000000000e+00,0.000000000000000000e+00,0.000000000000000000e+00,0.000000000000000000e+00,0.000000000000000000e+00,0.000000000000000000e+00,2.470402493695348072e-04,0.000000000000000000e+00,0.000000000000000000e+00,0.000000000000000000e+00,0.000000000000000000e+00,6.188347928853338504e-04,9.938590577889012002e-04,0.000000000000000000e+00,0.000000000000000000e+00,0.000000000000000000e+00,0.000000000000000000e+00,0.000000000000000000e+00,0.000000000000000000e+00,0.000000000000000000e+00,0.000000000000000000e+00,0.000000000000000000e+00,0.000000000000000000e+00,0.000000000000000000e+00,0.000000000000000000e+00,0.000000000000000000e+00,0.000000000000000000e+00,0.000000000000000000e+00,5.064143239279835645e-04,1.286188351329252974e-03,0.000000000000000000e+00,0.000000000000000000e+00,0.000000000000000000e+00,0.000000000000000000e+00,0.000000000000000000e+00,0.000000000000000000e+00,0.000000000000000000e+00,0.000000000000000000e+00,0.000000000000000000e+00,0.000000000000000000e+00,7.644812793000184848e-05,1.504324573041703741e-03,0.000000000000000000e+00,0.000000000000000000e+00,0.000000000000000000e+00,0.000000000000000000e+00,0.000000000000000000e+00,0.000000000000000000e+00,1.344086286424590404e-03,0.000000000000000000e+00,7.119154535546904717e-04,7.947877608476514076e-04,9.568382985422027890e-04,1.901355928930401973e-03,0.000000000000000000e+00,0.000000000000000000e+00,0.000000000000000000e+00,0.000000000000000000e+00,0.000000000000000000e+00,0.000000000000000000e+00,0.000000000000000000e+00,0.000000000000000000e+00,0.000000000000000000e+00,0.000000000000000000e+00,7.991728494245298577e-04,1.851942032962068056e-03,2.773338455403593500e-03,3.546201746585108533e-03,4.170371712317768112e-03,4.652167330432329523e-03,0.000000000000000000e+00,0.000000000000000000e+00,0.000000000000000000e+00,0.000000000000000000e+00,0.000000000000000000e+00,0.000000000000000000e+00,0.000000000000000000e+00,0.000000000000000000e+00,0.000000000000000000e+00,4.519268140710104922e-03,0.000000000000000000e+00,0.000000000000000000e+00,0.000000000000000000e+00,0.000000000000000000e+00,0.000000000000000000e+00,0.000000000000000000e+00,0.000000000000000000e+00,0.000000000000000000e+00,0.000000000000000000e+00,0.000000000000000000e+00,0.000000000000000000e+00,0.000000000000000000e+00,0.000000000000000000e+00,0.000000000000000000e+00,0.000000000000000000e+00,0.000000000000000000e+00,0.000000000000000000e+00,0.000000000000000000e+00,0.000000000000000000e+00,0.000000000000000000e+00,0.000000000000000000e+00,0.000000000000000000e+00,0.000000000000000000e+00,0.000000000000000000e+00,0.000000000000000000e+00,0.000000000000000000e+00,0.000000000000000000e+00,0.000000000000000000e+00,0.000000000000000000e+00,0.000000000000000000e+00,0.000000000000000000e+00,0.000000000000000000e+00,0.000000000000000000e+00,0.000000000000000000e+00,0.000000000000000000e+00,0.000000000000000000e+00,0.000000000000000000e+00,0.000000000000000000e+00,0.000000000000000000e+00,0.000000000000000000e+00,0.000000000000000000e+00,0.000000000000000000e+00,0.000000000000000000e+00,0.000000000000000000e+00,0.000000000000000000e+00,0.000000000000000000e+00,7.015201812529623651e-04,1.593640726439026455e-03,2.388245801404468172e-03,3.033874515579229689e-03,3.492689646356034010e-03,3.747846020001705577e-03,3.811501124166258130e-03,3.730291458753990687e-03,5.475424331659794683e-03,0.000000000000000000e+00,0.000000000000000000e+00,0.000000000000000000e+00,0.000000000000000000e+00,0.000000000000000000e+00,0.000000000000000000e+00,0.000000000000000000e+00,0.000000000000000000e+00,0.000000000000000000e+00,0.000000000000000000e+00,0.000000000000000000e+00,0.000000000000000000e+00,0.000000000000000000e+00,0.000000000000000000e+00,0.000000000000000000e+00,0.000000000000000000e+00,0.000000000000000000e+00,0.000000000000000000e+00,0.000000000000000000e+00,0.000000000000000000e+00,0.000000000000000000e+00,0.000000000000000000e+00,2.497996961674019221e-04,7.159145783075326159e-04,1.033173276241808151e-03,1.206406712164595453e-03,1.260994740406823833e-03,1.240753625259537326e-03,1.199996058443357841e-03,1.191774845167255454e-03,1.256402650129522696e-03,1.414584284074431710e-03,1.667587231276924800e-03,2.003650894741195246e-03,0.000000000000000000e+00,0.000000000000000000e+00,7.971370809536442142e-05,1.128666734540495796e-04,0.000000000000000000e+00,0.000000000000000000e+00,0.000000000000000000e+00,0.000000000000000000e+00,0.000000000000000000e+00,0.000000000000000000e+00,0.000000000000000000e+00,0.000000000000000000e+00,0.000000000000000000e+00,0.000000000000000000e+00,0.000000000000000000e+00,0.000000000000000000e+00,1.508830168721822388e-04,2.982922603339617680e-04,4.900138470569438730e-04,7.668855088948417671e-04,1.143482173429781956e-03,1.597696297399748503e-03,2.072889318808907293e-03,2.492157043300488681e-03,2.779766161955939466e-03,2.882077970916370989e-03,2.780484874648837899e-03,2.492024866439456008e-03,2.058299456467791930e-03,1.527988552474585917e-03,9.405942573688079065e-04,3.179762637907226431e-04,0.000000000000000000e+00,0.000000000000000000e+00,0.000000000000000000e+00,0.000000000000000000e+00,0.000000000000000000e+00,0.000000000000000000e+00,0.000000000000000000e+00,0.000000000000000000e+00,0.000000000000000000e+00,0.000000000000000000e+00,0.000000000000000000e+00,0.000000000000000000e+00,0.000000000000000000e+00,0.000000000000000000e+00,0.000000000000000000e+00,0.000000000000000000e+00,0.000000000000000000e+00,0.000000000000000000e+00,0.000000000000000000e+00,0.000000000000000000e+00,0.000000000000000000e+00,0.000000000000000000e+00,0.000000000000000000e+00,0.000000000000000000e+00,0.000000000000000000e+00,0.000000000000000000e+00,0.000000000000000000e+00,0.000000000000000000e+00,0.000000000000000000e+00,0.000000000000000000e+00,0.000000000000000000e+00,0.000000000000000000e+00,0.000000000000000000e+00,1.248148007442463831e-04,4.789856859792979648e-04,7.814761784618981695e-04,9.523951751454051012e-04,9.382220507471656420e-04,7.312020785426320574e-04,3.769122621600259730e-04,0.000000000000000000e+00,0.000000000000000000e+00,0.000000000000000000e+00,0.000000000000000000e+00,0.000000000000000000e+00,0.000000000000000000e+00,1.453358248547259352e-04,1.629758241644933478e-03,3.314175101871698510e-03,5.039834763684104650e-03,0.000000000000000000e+00,0.000000000000000000e+00,0.000000000000000000e+00,0.000000000000000000e+00,0.000000000000000000e+00,0.000000000000000000e+00,0.000000000000000000e+00,0.000000000000000000e+00,0.000000000000000000e+00,0.000000000000000000e+00,0.000000000000000000e+00,0.000000000000000000e+00,0.000000000000000000e+00,6.313970478724591836e-05,1.317388910406897234e-04,5.734420062038621135e-06,0.000000000000000000e+00,0.000000000000000000e+00,0.000000000000000000e+00,0.000000000000000000e+00,0.000000000000000000e+00,0.000000000000000000e+00,0.000000000000000000e+00,0.000000000000000000e+00,0.000000000000000000e+00,1.745024904812411703e-04,9.127348299347651239e-04,1.641890353855090428e-03,2.311317106174882487e-03,2.881291214604606889e-03,0.000000000000000000e+00,0.000000000000000000e+00,0.000000000000000000e+00,0.000000000000000000e+00,0.000000000000000000e+00,0.000000000000000000e+00,0.000000000000000000e+00,0.000000000000000000e+00,0.000000000000000000e+00,0.000000000000000000e+00
3.730776794764786918e-08,1.527692436131798952e-04,5.267736079764886179e-04,1.113132724058387866e-03,1.868689142959218882e-03,2.727303227558614245e-03,3.613380853163565640e-03,4.452315028634960814e-03,5.175211725363607594e-03,5.718974308227922285e-03,6.025608117426683834e-03,6.045051561691163269e-03,5.743582198407532272e-03,5.116032898430351340e-03,4.196699685777286436e-03,3.062802642358928521e-03,1.826455532464119286e-03,6.154864864375701782e-04,0.000000000000000000e+00,0.000000000000000000e+00,0.000000000000000000e+00,0.000000000000000000e+00,0.000000000000000000e+00,0.000000000000000000e+00,0.000000000000000000e+00,0.000000000000000000e+00,0.000000000000000000e+00,0.000000000000000000e+00,3.179698199319161752e-06,1.146220377627033037e-03,2.228286314245415609e-03,3.166026242256603403e-03,3.896936549625717918e-03,4.392190474582016724e-03,0.000000000000000000e+00,0.000000000000000000e+00,0.000000000000000000e+00,0.000000000000000000e+00,0.000000000000000000e+00,0.000000000000000000e+00,0.000000000000000000e+00,0.000000000000000000e+00,0.000000000000000000e+00,0.000000000000000000e+00,0.000000000000000000e+00,0.000000000000000000e+00,0.000000000000000000e+00,0.000000000000000000e+00,0.000000000000000000e+00,0.000000000000000000e+00,0.000000000000000000e+00,0.000000000000000000e+00,0.000000000000000000e+00,0.000000000000000000e+00,0.000000000000000000e+00,0.000000000000000000e+00,0.000000000000000000e+00,0.000000000000000000e+00,0.000000000000000000e+00,0.000000000000000000e+00,0.000000000000000000e+00,0.000000000000000000e+00,0.000000000000000000e+00,0.000000000000000000e+00,0.000000000000000000e+00,0.000000000000000000e+00,0.000000000000000000e+00,2.385702644435637411e-04,6.189969028676377705e-04,8.399045911902263718e-04,9.536448999607974189e-04,1.013871890453967462e-03,1.052754572013751399e-03,1.065834222887863643e-03,1.011138005975063077e-03,8.242851201844137582e-04,4.446934159448589249e-04,0.000000000000000000e+00,0.000000000000000000e+00,0.000000000000000000e+00,0.000000000000000000e+00,0.000000000000000000e+00,0.000000000000000000e+00,0.000000000000000000e+00,0.000000000000000000e+00,0.000000000000000000e+00,0.000000000000000000e+00,0.000000000000000000e+00,0.000000000000000000e+00,0.000000000000000000e+00,0.000000000000000000e+00,0.000000000000000000e+00,0.000000000000000000e+00,2.410720631003488053e-03,1.303170648458837387e-03,0.000000000000000000e+00,0.000000000000000000e+00,0.000000000000000000e+00,0.000000000000000000e+00,0.000000000000000000e+00,0.000000000000000000e+00,0.000000000000000000e+00,2.181914807276301872e-04,8.417215613058057905e-04,1.393297675202257325e-03,1.792661723202158830e-03,1.966815086234404829e-03,1.873586491063189245e-03,1.521219356000010590e-03,9.748832301801187367e-04,3.456286181676060843e-04,3.905295735857227833e-04,4.595542120149860100e-04,5.189187388753870294e-04,5.821515395648346964e-04,6.731583522432102755e-04,0.000000000000000000e+00,0.000000000000000000e+00,0.000000000000000000e+00,0.000000000000000000e+00,0.000000000000000000e+00,0.000000000000000000e+00,0.000000000000000000e+00,0.000000000000000000e+00,0.000000000000000000e+00,0.000000000000000000e+00,0.000000000000000000e+00,4.910457960701480190e-04,1.542971040481632338e-03,2.675729030360690479e-03,3.772570528322769477e-03,4.709234134297502448e-03,5.368996688419881876e-03,5.659667388728399466e-03,0.000000000000000000e+00,0.000000000000000000e+00,0.000000000000000000e+00,0.000000000000000000e+00,0.000000000000000000e+00,0.000000000000000000e+00,8.385985832101819403e-04,1.588678199865614996e-03,2.309895447795564695e-03,2.938978019552083119e-03,3.449213423808490924e-03,3.849494914426148696e-03,4.171136961125119363e-03,4.448334591938493850e-03,4.700167044250838991e-03,4.920895104356861477e-03,5.081747175315673611e-03,5.143019172646158196e-03,0.000000000000000000e+00,0.000000000000000000e+00,0.000000000000000000e+00,0.000000000000000000e+00,0.000000000000000000e+00,0.000000000000000000e+00,0.000000000000000000e+00,0.000000000000000000e+00,0.000000000000000000e+00,0.000000000000000000e+00,0.000000000000000000e+00,0.000000000000000000e+00,0.000000000000000000e+00,0.000000000000000000e+00,0.000000000000000000e+00,0.000000000000000000e+00,0.000000000000000000e+00,0.000000000000000000e+00,0.000000000000000000e+00,0.000000000000000000e+00,3.313574974447602156e-03,0.000000000000000000e+00,2.595377704643333431e-04,1.303429426510689171e-04,1.164794969285847144e-03,2.017988913013489972e-03,2.625528678819689932e-03,2.937349968572242932e-03,2.922935819767046983e-03,2.574255172854407556e-03,1.905949811376537670e-03,9.538226715634710688e-04,0.000000000000000000e+00,0.000000000000000000e+00,0.000000000000000000e+00,0.000000000000000000e+00,0.000000000000000000e+00,0.000000000000000000e+00,0.000000000000000000e+00,0.000000000000000000e+00,0.000000000000000000e+00,0.000000000000000000e+00,0.000000000000000000e+00,0.000000000000000000e+00,0.000000000000000000e+00,0.000000000000000000e+00,0.000000000000000000e+00,6.191176691406996384e-04,1.392113326151401403e-03,1.897580768189886542e-03,6.317483626681604653e-03,0.000000000000000000e+00,0.000000000000000000e+00,0.000000000000000000e+00,0.000000000000000000e+00,0.000000000000000000e+00,5.432943705796612968e-04,1.353590204527387215e-03,8.147895467614063407e-04,6.024886277626007817e-04,3.146675437937047556e-04,5.311113321916302327e-05,1.796957194399808493e-04,6.829852527786855641e-04,4.218482939365518058e-04,5.367005499538894837e-04,6.469735885088022517e-04,7.523274956046402352e-04,8.523765437162355131e-04,9.466653897377552696e-04,1.034659849315628082e-03,1.115744394543035506e-03,1.189231506970145780e-03,1.254382034249742648e-03,1.310432139963737478e-03,1.356632216042571179e-03,1.392287019082549208e-03,1.416802844346279084e-03,1.429734457623370834e-03,1.430829669301239213e-03,1.420069329265975745e-03,1.397703134932428868e-03,1.364271913703840686e-03,1.320623722835028314e-03,1.267914869529327858e-03,1.207600905877422633e-03,1.141413535075541360e-03,1.071327684359780607e-03,9.995162898896469989e-04,9.282954452504908706e-04,8.600666903689129037e-04,7.972465923412200631e-04,7.422008552628530948e-04,6.971749031800433989e-04,6.642255153311221261e-04,6.451585642233439956e-04,6.414728881157064381e-04,6.543110469486917644e-04,6.844186576792634855e-04,7.321170093885545063e-04,7.972864409115338691e-04,8.793569718869449206e-04,9.773186205412032982e-04,1.089734782242897382e-03,1.214773298278947703e-03,1.350243940851131481e-03,5.453696896647986826e-03,4.122257174444816930e-03,0.000000000000000000e+00,0.000000000000000000e+00,0.000000000000000000e+00,0.000000000000000000e+00,0.000000000000000000e+00,0.000000000000000000e+00,0.000000000000000000e+00,0.000000000000000000e+00,0.000000000000000000e+00,0.000000000000000000e+00,0.000000000000000000e+00,0.000000000000000000e+00,0.000000000000000000e+00,0.000000000000000000e+00,0.000000000000000000e+00,0.000000000000000000e+00,0.000000000000000000e+00,0.000000000000000000e+00,0.000000000000000000e+00,0.000000000000000000e+00,0.000000000000000000e+00,0.000000000000000000e+00,0.000000000000000000e+00,0.000000000000000000e+00,0.000000000000000000e+00,0.000000000000000000e+00,3.587503213265460790e-05,5.821668077183322779e-04,1.161425540760372679e-03,1.726526442571846938e-03,2.172051776837393387e-03,0.000000000000000000e+00,0.000000000000000000e+00,0.000000000000000000e+00,0.000000000000000000e+00,9.609383068237297473e-05,7.108889233697849447e-04,1.418398657376106209e-03,2.215861433372553514e-03,0.000000000000000000e+00,0.000000000000000000e+00,0.000000000000000000e+00,0.000000000000000000e+00,0.000000000000000000e+00,0.000000000000000000e+00,0.000000000000000000e+00,0.000000000000000000e+00,0.000000000000000000e+00,0.000000000000000000e+00,0.000000000000000000e+00,0.000000000000000000e+00,0.000000000000000000e+00,0.000000000000000000e+00,0.000000000000000000e+00,0.000000000000000000e+00,9.852886987463543595e-04,1.804488172192598430e-03,2.441468224231707878e-03,2.934087235919000201e-03,3.323092467593156182e-03,3.641204517603312523e-03,2.543011879906890808e-03,2.190641583195680232e-03,1.791180295577247429e-03,1.382948374596337186e-03,1.007776996813295476e-03,7.041686924371739218e-04,5.000608127325224285e-04,4.069729935154585616e-04,0.000000000000000000e+00,0.000000000000000000e+00,0.000000000000000000e+00,0.000000000000000000e+00,7.431202384964623797e-04,1.259835241542360063e-03,2.687774125210175974e-03,4.013809930798827030e-03,5.099937603882929472e-03,0.000000000000000000e+00,0.000000000000000000e+00,0.000000000000000000e+00,0.000000000000000000e+00,0.000000000000000000e+00,0.000000000000000000e+00,0.000000000000000000e+00,0.000000000000000000e+00,8.796938658622616321e-04,1.263624082488448014e-03,0.000000000000000000e+00,0.000000000000000000e+00,0.000000000000000000e+00,0.000000000000000000e+00,0.000000000000000000e+00,0.000000000000000000e+00,0.000000000000000000e+00,0.000000000000000000e+00,0.000000000000000000e+00,0.000000000000000000e+00,0.000000000000000000e+00,0.000000000000000000e+00,0.000000000000000000e+00,8.991664713612068649e-04,0.000000000000000000e+00,2.619917935803141827e-03,1.161757399928605447e-03,1.208692367377807355e-03,1.441273666889379083e-03,0.000000000000000000e+00,0.000000000000000000e+00,0.000000000000000000e+00,0.000000000000000000e+00,7.761640572570004419e-04,1.659705840227536019e-03,2.546733179492589871e-03,3.391351254902284958e-03,4.139098057730902433e-03,4.729785981656471627e-03,5.101819619566643274e-03,0.000000000000000000e+00,0.000000000000000000e+00,0.000000000000000000e+00,0.000000000000000000e+00,0.000000000000000000e+00,0.000000000000000000e+00,8.330999744672269768e-04,1.035960945951433336e-03,0.000000000000000000e+00,0.000000000000000000e+00,0.000000000000000000e+00,0.000000000000000000e+00,2.600364655930783079e-04,4.734091128479907110e-04,5.422546669147193478e-04,6.120035728436479120e-04,6.822544925838143178e-04,7.525982796287780793e-04,8.226161832430746576e-04,8.918742757636559078e-04,1.518002203143868547e-03,2.410770680847943576e-03
3.825179154417962591e-08,6.339825936793866325e-04,1.145546235783692374e-03,1.502676510068587292e-03,0.000000000000000000e+00,0.000000000000000000e+00,0.000000000000000000e+00,0.000000000000000000e+00,6.313324347571133319e-05,3.222986245273421640e-04,4.552665763816340591e-04,4.310100201128936725e-04,2.444386645073114064e-04,2.002441345481230795e-05,0.000000000000000000e+00,0.000000000000000000e+00,0.000000000000000000e+00,0.000000000000000000e+00,0.000000000000000000e+00,0.000000000000000000e+00,0.000000000000000000e+00,0.000000000000000000e+00,0.000000000000000000e+00,0.000000000000000000e+00,0.000000000000000000e+00,0.000000000000000000e+00,0.000000000000000000e+00,0.000000000000000000e+00,0.000000000000000000e+00,0.000000000000000000e+00,0.000000000000000000e+00,0.000000000000000000e+00,0.000000000000000000e+00,0.000000000000000000e+00,0.000000000000000000e+00,0.000000000000000000e+00,0.000000000000000000e+00,0.000000000000000000e+00,0.000000000000000000e+00,0.000000000000000000e+00,0.000000000000000000e+00,0.000000000000000000e+00,0.000000000000000000e+00,0.000000000000000000e+00,2.643894691288743303e-04,6.992627845492192925e-04,3.201004502052687641e-04,0.000000000000000000e+00,2.957228644080189036e-04,6.352544218309216740e-04,6.021697458140330911e-04,9.484264934905081582e-04,0.000000000000000000e+00,0.000000000000000000e+00,0.000000000000000000e+00,0.000000000000000000e+00,0.000000000000000000e+00,0.000000000000000000e+00,0.000000000000000000e+00,0.000000000000000000e+00,0.000000000000000000e+00,0.000000000000000000e+00,0.000000000000000000e+00,0.000000000000000000e+00,0.000000000000000000e+00,0.000000000000000000e+00,0.000000000000000000e+00,0.000000000000000000e+00,0.000000000000000000e+00,0.000000000000000000e+00,0.000000000000000000e+00,0.000000000000000000e+00,0.000000000000000000e+00,0.000000000000000000e+00,0.000000000000000000e+00,0.000000000000000000e+00,0.000000000000000000e+00,0.000000000000000000e+00,0.000000000000000000e+00,0.000000000000000000e+00,0.000000000000000000e+00,0.000000000000000000e+00,0.000000000000000000e+00,0.000000000000000000e+00,0.000000000000000000e+00,0.000000000000000000e+00,0.000000000000000000e+00,0.000000000000000000e+00,2.358215874091357819e-04,9.385981701996870411e-04,1.711532301661820507e-03,2.488209417925796307e-03,3.192728136653986016e-03,3.750227000929152229e-03,4.097933234690999058e-03,4.194689532010502202e-03,4.027457391612217392e-03,3.613775794887774586e-03,2.999404698617627943e-03,2.250811453778988041e-03,1.443105012064628241e-03,6.455903206584178182e-04,0.000000000000000000e+00,0.000000000000000000e+00,0.000000000000000000e+00,0.000000000000000000e+00,0.000000000000000000e+00,0.000000000000000000e+00,0.000000000000000000e+00,9.901318506062941718e-06,1.035050326739898408e-03,1.857291045621419032e-03,6.838319996928014788e-03,0.000000000000000000e+00,0.000000000000000000e+00,0.000000000000000000e+00,0.000000000000000000e+00,0.000000000000000000e+00,4.787727913024993585e-04,0.000000000000000000e+00,0.000000000000000000e+00,5.391983984105963324e-07,3.869548726075037874e-04,1.459118596439897822e-03,0.000000000000000000e+00,0.000000000000000000e+00,0.000000000000000000e+00,0.000000000000000000e+00,0.000000000000000000e+00,0.000000000000000000e+00,0.000000000000000000e+00,0.000000000000000000e+00,0.000000000000000000e+00,3.925263465805199550e-04,1.520167755452427180e-03,0.000000000000000000e+00,0.000000000000000000e+00,0.000000000000000000e+00,0.000000000000000000e+00,0.000000000000000000e+00,0.000000000000000000e+00,0.000000000000000000e+00,0.000000000000000000e+00,0.000000000000000000e+00,1.239497070285077232e-04,2.918717701509466220e-04,4.657057609655226513e-04,1.145419527368891780e-03,2.262554340784594942e-03,3.115574654572471607e-03,3.591794827801120336e-03,3.618658998562886749e-03,3.172425942673460543e-03,2.279272726176023982e-03,1.918065639634362884e-03,2.092306895534636405e-03,2.262641179233020484e-03,2.428705799797193070e-03,2.590242611973577695e-03,2.747085587954895512e-03,2.899150800636032810e-03,3.046421964882975279e-03,3.188937667691528997e-03,3.326776039285812055e-03,3.460043131198992095e-03,3.588858026852293284e-03,3.713340566482565153e-03,3.833598380037459962e-03,3.949716085140252304e-03,4.061747873373169893e-03,4.169704476568138890e-03,7.579477007455949315e-03,7.376328275962278774e-03,0.000000000000000000e+00,0.000000000000000000e+00,0.000000000000000000e+00,0.000000000000000000e+00,0.000000000000000000e+00,0.000000000000000000e+00,0.000000000000000000e+00,0.000000000000000000e+00,4.067812014308439493e-04,9.687853067336348045e-04,1.297819773820806880e-03,1.356026277023883843e-03,1.137450823169015510e-03,1.835590330639573237e-03,2.706477646097927431e-03,3.417639982015943916e-03,3.923538438374789446e-03,6.540689231674800576e-03,0.000000000000000000e+00,0.000000000000000000e+00,0.000000000000000000e+00,0.000000000000000000e+00,0.000000000000000000e+00,0.000000000000000000e+00,0.000000000000000000e+00,0.000000000000000000e+00,0.000000000000000000e+00,2.187526030935095219e-04,1.524756449413004799e-03,2.659578691344348204e-03,3.595730003966025965e-03,0.000000000000000000e+00,0.000000000000000000e+00,0.000000000000000000e+00,0.000000000000000000e+00,0.000000000000000000e+00,0.000000000000000000e+00,0.000000000000000000e+00,0.000000000000000000e+00,0.000000000000000000e+00,0.000000000000000000e+00,0.000000000000000000e+00,0.000000000000000000e+00,0.000000000000000000e+00,0.000000000000000000e+00,6.231616894906737353e-05,6.502257168733400301e-04,1.049608542246400610e-03,2.782552368042432995e-04,6.244739181107150129e-04,1.275843665391020523e-03,2.120574449089418501e-03,2.134925971512044180e-03,3.361938009296164612e-03,4.757973839217007062e-03,0.000000000000000000e+00,0.000000000000000000e+00,0.000000000000000000e+00,0.000000000000000000e+00,0.000000000000000000e+00,0.000000000000000000e+00,0.000000000000000000e+00,0.000000000000000000e+00,0.000000000000000000e+00,0.000000000000000000e+00,0.000000000000000000e+00,0.000000000000000000e+00,4.110311607477297046e-04,0.000000000000000000e+00,0.000000000000000000e+00,0.000000000000000000e+00,0.000000000000000000e+00,0.000000000000000000e+00,2.230497504713907942e-03,0.000000000000000000e+00,1.573224516473144870e-04,8.904949999709165659e-05,0.000000000000000000e+00,0.000000000000000000e+00,0.000000000000000000e+00,1.671681205154749284e-05,0.000000000000000000e+00,0.000000000000000000e+00,0.000000000000000000e+00,0.000000000000000000e+00,0.000000000000000000e+00,0.000000000000000000e+00,0.000000000000000000e+00,0.000000000000000000e+00,1.374878998898196964e-03,0.000000000000000000e+00,0.000000000000000000e+00,0.000000000000000000e+00,1.008403274656586917e-04,9.574846166999035561e-05,0.000000000000000000e+00,0.000000000000000000e+00,0.000000000000000000e+00,0.000000000000000000e+00,0.000000000000000000e+00,0.000000000000000000e+00,0.000000000000000000e+00,0.000000000000000000e+00,0.000000000000000000e+00,0.000000000000000000e+00,0.000000000000000000e+00,6.922176164411037726e-05,8.385515447872083890e-04,0.000000000000000000e+00,0.000000000000000000e+00,0.000000000000000000e+00,2.058456739017221291e-03,0.000000000000000000e+00,9.520330083740921340e-04,5.814464647649019140e-04,0.000000000000000000e+00,0.000000000000000000e+00,0.000000000000000000e+00,1.381687636364558908e-04,8.260494876660720532e-04,4.367173051662653991e-04,5.809084366011322978e-04,7.216430233123172482e-04,3.827708778891466927e-03,1.638454114253161528e-03,1.124565139282314745e-03,1.253402768342268096e-03,1.380154850658015355e-03,1.505260532705714844e-03,1.629150756359890300e-03,1.752216117533291059e-03,1.874771605573258542e-03,1.997025957420209448e-03,2.119050076290087455e-03,2.240751467908125034e-03,2.361853070130019976e-03,2.481878095843297136e-03,2.600144333414057193e-03,2.715762048016765514e-03,2.827647643434814083e-03,2.934537906459580223e-03,3.035017482928210539e-03,3.127552635079098274e-03,4.014904245922780099e-03,5.131246776386069915e-03,6.230519654389417121e-03,7.220586330014462130e-03,8.009839206702760311e-03,8.523558290448157368e-03,8.717065853678354972e-03,8.581734169065475745e-03,8.141876467682435461e-03,7.443501869008566432e-03,6.538969888358687338e-03,5.473400097156011328e-03,4.278241101636418367e-03,3.556579952308274156e-03,3.093616043745483352e-03,2.719648909228133613e-03,2.429133776991444262e-03,2.197473081012790361e-03,1.992217747464698763e-03,1.784308991975803874e-03,1.555659072234085068e-03,1.301479845280285137e-03,1.028296594787627728e-03,7.501919772707306899e-04,5.161738897434115219e-04,2.916489761457408277e-04,8.500905476772568589e-05,1.141928308454328222e-03,2.029584456038032066e-03,2.667133251854347190e-03,3.060087800326241440e-03,3.246167420299168622e-03,3.279419459600593691e-03,3.213584707010033216e-03,3.088907796024354616e-03,2.925366168465432567e-03,2.723377420063500393e-03,2.471036522098663153e-03,2.155269908895113707e-03,1.773468956943730036e-03,1.342169212998906968e-03,1.116643145986637555e-03,1.508322685836577942e-03,1.870272328969231276e-03,2.123665724352013107e-03,2.217013360885730904e-03,2.136025014803841476e-03,1.899768693337649909e-03,1.546420165395566339e-03,1.674499087838070017e-03,1.912892534068920619e-03,1.932016558076857238e-03,1.710365806647577225e-03,1.272276823898392355e-03,6.754392621226992062e-04,0.000000000000000000e+00,0.000000000000000000e+00,0.000000000000000000e+00,0.000000000000000000e+00,0.000000000000000000e+00,0.000000000000000000e+00,0.000000000000000000e+00,0.000000000000000000e+00,0.000000000000000000e+00,0.000000000000000000e+00,0.000000000000000000e+00,0.000000000000000000e+00,0.000000000000000000e+00,0.000000000000000000e+00,0.000000000000000000e+00,0.000000000000000000e+00,0.000000000000000000e+00,0.000000000000000000e+00,0.000000000000000000e+00,0.000000000000000000e+00,0.000000000000000000e+00,0.000000000000000000e+00,0.000000000000000000e+00,0.000000000000000000e+00,0.000000000000000000e+00,0.000000000000000000e+00,0.000000000000000000e+00,7.418076681689612754e-04,1.308137785202217280e-03
8.936801173589911119e-08,0.000000000000000000e+00,2.233273352283662232e-04,2.265342392041597586e-04,8.822558207266996031e-05,3.293968196365317977e-04,1.678635445407506007e-04,1.377737599521394523e-03,3.188103120460482266e-04,1.392830001151731717e-04,9.499281780423887234e-04,1.711159513651129517e-03,2.372604015512839223e-03,2.897686362987758352e-03,3.264697171584727761e-03,3.465774849157297888e-03,3.504118435945582661e-03,3.390623567274552146e-03,3.141555482500291759e-03,2.778502184775635733e-03,2.330657627842569034e-03,2.213361659879031686e-03,0.000000000000000000e+00,7.722711450962390799e-06,5.889705212344197418e-04,1.298138541935164826e-03,0.000000000000000000e+00,4.054470980933141478e-04,1.577581293241930296e-03,3.103093008780641055e-03,2.728793878062763748e-03,0.000000000000000000e+00,0.000000000000000000e+00,0.000000000000000000e+00,0.000000000000000000e+00,0.000000000000000000e+00,0.000000000000000000e+00,0.000000000000000000e+00,0.000000000000000000e+00,0.000000000000000000e+00,0.000000000000000000e+00,0.000000000000000000e+00,0.000000000000000000e+00,0.000000000000000000e+00,1.758059546861169163e-03,0.000000000000000000e+00,0.000000000000000000e+00,0.000000000000000000e+00,0.000000000000000000e+00,2.324085508451198285e-03,3.832052449813284564e-03,1.637131714869391875e-04,2.919009044989943056e-04,5.550392950347804704e-04,1.018380967318430370e-03,1.715861950650162055e-03,0.000000000000000000e+00,0.000000000000000000e+00,0.000000000000000000e+00,0.000000000000000000e+00,0.000000000000000000e+00,0.000000000000000000e+00,0.000000000000000000e+00,0.000000000000000000e+00,0.000000000000000000e+00,0.000000000000000000e+00,0.000000000000000000e+00,0.000000000000000000e+00,0.000000000000000000e+00,0.000000000000000000e+00,0.000000000000000000e+00,0.000000000000000000e+00,0.000000000000000000e+00,0.000000000000000000e+00,0.000000000000000000e+00,0.000000000000000000e+00,0.000000000000000000e+00,8.634628272023511125e-05,3.745321325100108966e-04,5.530261473219111540e-04,6.499901225614768390e-04,7.038093665865358768e-04,7.555458017491600538e-04,8.382995615080786724e-04,9.662598908416909077e-04,1.127217045990317260e-03,1.281722801701838926e-03,1.727474719857358945e-03,2.115933305372106037e-03,2.258858758108138205e-03,2.154173168506650152e-03,1.847118431805751552e-03,1.419041954180365155e-03,9.661691331992665159e-04,5.755133805061266516e-04,3.057107315797932714e-04,1.780985696692648733e-04,1.794083826410798057e-04,2.736956147259933764e-04,4.188146058534254171e-04,5.819907827000807493e-04,7.495563867276202686e-04,9.275853536423624406e-04,1.132922233091758967e-03,1.377619115844762017e-03,1.652901020669859727e-03,1.919903926707820221e-03,2.112407119459675398e-03,2.152122461143838195e-03,1.971741367021573235e-03,1.537527247418159432e-03,8.633624247060780370e-04,1.160926876535069202e-05,0.000000000000000000e+00,0.000000000000000000e+00,0.000000000000000000e+00,0.000000000000000000e+00,0.000000000000000000e+00,0.000000000000000000e+00,0.000000000000000000e+00,0.000000000000000000e+00,0.000000000000000000e+00,0.000000000000000000e+00,0.000000000000000000e+00,0.000000000000000000e+00,0.000000000000000000e+00,0.000000000000000000e+00,0.000000000000000000e+00,0.000000000000000000e+00,0.000000000000000000e+00,0.000000000000000000e+00,0.000000000000000000e+00,0.000000000000000000e+00,0.000000000000000000e+00,0.000000000000000000e+00,0.000000000000000000e+00,0.000000000000000000e+00,0.000000000000000000e+00,0.000000000000000000e+00,0.000000000000000000e+00,1.215254834847709006e-03,2.483673622122779118e-03,3.274317804852342872e-03,3.548839639811056813e-03,3.339123909194169869e-03,2.740312478198730570e-03,1.894955711872400254e-03,9.702459154072890380e-04,7.198608831441173292e-03,4.847882264040383063e-04,3.574179848487578403e-04,0.000000000000000000e+00,0.000000000000000000e+00,1.292756308008728109e-04,8.046046238138754433e-04,1.498462973714512550e-03,2.137295902439966498e-03,0.000000000000000000e+00,0.000000000000000000e+00,0.000000000000000000e+00,0.000000000000000000e+00,0.000000000000000000e+00,0.000000000000000000e+00,0.000000000000000000e+00,0.000000000000000000e+00,0.000000000000000000e+00,0.000000000000000000e+00,0.000000000000000000e+00,0.000000000000000000e+00,0.000000000000000000e+00,0.000000000000000000e+00,0.000000000000000000e+00,0.000000000000000000e+00,5.334800594797211920e-04,1.746810746465636598e-03,2.457061060364766972e-03,2.662370511499017461e-03,2.430673815578738173e-03,1.875423902601805123e-03,1.125770386950034193e-03,2.983032923263378121e-04,0.000000000000000000e+00,0.000000000000000000e+00,0.000000000000000000e+00,0.000000000000000000e+00,0.000000000000000000e+00,0.000000000000000000e+00,0.000000000000000000e+00,0.000000000000000000e+00,0.000000000000000000e+00,0.000000000000000000e+00,0.000000000000000000e+00,0.000000000000000000e+00,0.000000000000000000e+00,0.000000000000000000e+00,1.216194618640356124e-04,1.044715227841630859e-03,1.823238377728195322e-03,2.372136083608388391e-03,2.640654849595931459e-03,5.163277185457963193e-03,3.290017243018222414e-03,0.000000000000000000e+00,0.000000000000000000e+00,0.000000000000000000e+00,0.000000000000000000e+00,0.000000000000000000e+00,0.000000000000000000e+00,9.208936196997501676e-04,1.799997040050191691e-03,2.524501361329265729e-03,3.125656133197261474e-03,3.670502921151044297e-03,9.282134197923749483e-03,4.896319537905072586e-03,0.000000000000000000e+00,0.000000000000000000e+00,0.000000000000000000e+00,0.000000000000000000e+00,0.000000000000000000e+00,0.000000000000000000e+00,0.000000000000000000e+00,0.000000000000000000e+00,0.000000000000000000e+00,0.000000000000000000e+00,0.000000000000000000e+00,0.000000000000000000e+00,0.000000000000000000e+00,0.000000000000000000e+00,0.000000000000000000e+00,0.000000000000000000e+00,0.000000000000000000e+00,0.000000000000000000e+00,0.000000000000000000e+00,0.000000000000000000e+00,0.000000000000000000e+00,0.000000000000000000e+00,0.000000000000000000e+00,0.000000000000000000e+00,0.000000000000000000e+00,0.000000000000000000e+00,6.040713017759626957e-04,5.009140385132073402e-03,0.000000000000000000e+00,0.000000000000000000e+00,0.000000000000000000e+00,0.000000000000000000e+00,0.000000000000000000e+00,0.000000000000000000e+00,0.000000000000000000e+00,0.000000000000000000e+00,0.000000000000000000e+00,0.000000000000000000e+00,0.000000000000000000e+00,0.000000000000000000e+00,0.000000000000000000e+00,6.111355568681959335e-05,2.045726762575326714e-04,3.385553317561605614e-04,4.621403481426670286e-04,5.744429035691140479e-04,6.746423663883467821e-04,7.620094336218185887e-04,9.094949443686542109e-03,7.538870370237288343e-03,0.000000000000000000e+00,0.000000000000000000e+00,0.000000000000000000e+00,0.000000000000000000e+00,0.000000000000000000e+00,0.000000000000000000e+00,0.000000000000000000e+00,0.000000000000000000e+00,0.000000000000000000e+00,0.000000000000000000e+00,0.000000000000000000e+00,0.000000000000000000e+00,0.000000000000000000e+00,0.000000000000000000e+00,0.000000000000000000e+00,0.000000000000000000e+00,0.000000000000000000e+00,4.787922486021043735e-03,5.317436685714329973e-03,0.000000000000000000e+00,0.000000000000000000e+00,0.000000000000000000e+00,0.000000000000000000e+00,0.000000000000000000e+00,4.894117751865209245e-05,0.000000000000000000e+00,0.000000000000000000e+00,8.952096921646466438e-05,0.000000000000000000e+00,1.398771123762068127e-04,3.094254887839505965e-04,2.476972187181645212e-03,1.263673452850150270e-03,0.000000000000000000e+00,0.000000000000000000e+00,0.000000000000000000e+00,0.000000000000000000e+00,0.000000000000000000e+00,0.000000000000000000e+00,0.000000000000000000e+00,0.000000000000000000e+00,0.000000000000000000e+00,0.000000000000000000e+00,0.000000000000000000e+00,0.000000000000000000e+00,0.000000000000000000e+00,0.000000000000000000e+00,0.000000000000000000e+00,0.000000000000000000e+00,0.000000000000000000e+00,0.000000000000000000e+00,0.000000000000000000e+00,0.000000000000000000e+00,0.000000000000000000e+00,0.000000000000000000e+00,0.000000000000000000e+00,0.000000000000000000e+00,0.000000000000000000e+00,0.000000000000000000e+00,0.000000000000000000e+00,0.000000000000000000e+00,0.000000000000000000e+00,1.955945332480070551e-03,4.015907267745202729e-03,5.826077018040833402e-03,0.000000000000000000e+00,0.000000000000000000e+00,0.000000000000000000e+00,0.000000000000000000e+00,0.000000000000000000e+00,0.000000000000000000e+00,0.000000000000000000e+00,0.000000000000000000e+00,0.000000000000000000e+00,0.000000000000000000e+00,0.000000000000000000e+00,0.000000000000000000e+00,0.000000000000000000e+00,0.000000000000000000e+00,0.000000000000000000e+00,4.893988303156277420e-05,9.102267568801713669e-04,0.000000000000000000e+00,0.000000000000000000e+00,0.000000000000000000e+00,0.000000000000000000e+00,0.000000000000000000e+00,0.000000000000000000e+00,0.000000000000000000e+00,0.000000000000000000e+00,0.000000000000000000e+00,0.000000000000000000e+00,0.000000000000000000e+00,0.000000000000000000e+00,0.000000000000000000e+00,0.000000000000000000e+00,0.000000000000000000e+00,0.000000000000000000e+00,0.000000000000000000e+00,0.000000000000000000e+00,0.000000000000000000e+00,0.000000000000000000e+00,0.000000000000000000e+00,0.000000000000000000e+00,0.000000000000000000e+00,0.000000000000000000e+00,7.567078727699327314e-04,0.000000000000000000e+00,0.000000000000000000e+00,0.000000000000000000e+00,0.000000000000000000e+00,0.000000000000000000e+00,0.000000000000000000e+00,0.000000000000000000e+00,0.000000000000000000e+00,0.000000000000000000e+00,0.000000000000000000e+00,0.000000000000000000e+00,0.000000000000000000e+00,0.000000000000000000e+00,0.000000000000000000e+00,0.000000000000000000e+00,1.149913863412275480e-04,7.821953249354129554e-04,1.503229144443020068e-03,2.356862103854921557e-03,3.357242169387069340e-03,4.445151663412833833e-03,5.504730434552788064e-03,6.398724166657673504e-03,7.008078184078258763e-03,7.260987870116462385e-03,7.142539179116688328e-03,6.685531310976777081e-03,5.950954451195775673e-03
0.000000000000000000e+00,1.558548407093999664e-03,0.000000000000000000e+00,0.000000000000000000e+00,0.000000000000000000e+00,0.000000000000000000e+00,0.000000000000000000e+00,0.000000000000000000e+00,0.000000000000000000e+00,0.000000000000000000e+00,0.000000000000000000e+00,0.000000000000000000e+00,0.000000000000000000e+00,0.000000000000000000e+00,0.000000000000000000e+00,7.620768861969787417e-04,0.000000000000000000e+00,0.000000000000000000e+00,0.000000000000000000e+00,0.000000000000000000e+00,0.000000000000000000e+00,0.000000000000000000e+00,0.000000000000000000e+00,0.000000000000000000e+00,0.000000000000000000e+00,2.488202217005553626e-06,7.184400082499118342e-05,1.395554178494616028e-04,2.051444879912578758e-04,2.683208073705720424e-04,3.289720245654896916e-04,3.871415942347336569e-04,4.429977597683861586e-04,4.967973042050962199e-04,5.488390553294126770e-04,5.994170608567938718e-04,6.487745455790520617e-04,6.970530859637645311e-04,7.442532433053053237e-04,7.901972185942187591e-04,8.345004101227403029e-04,8.765548320865565414e-04,9.676705214921207639e-04,1.623884129437179209e-03,2.283112320428045544e-03,2.918051972771976751e-03,3.501327398572241442e-03,4.009388439376545578e-03,4.424027921972605547e-03,4.730813049437597624e-03,4.915846976523225755e-03,4.963693396779271690e-03,4.858997031899663782e-03,4.592314781220860689e-03,4.167971985151188406e-03,3.609967957962892122e-03,3.771217862098096788e-03,4.059870222180788669e-03,4.225472000380654791e-03,4.290911111443572803e-03,4.277240681760653869e-03,4.193911355041291325e-03,4.035867613349726317e-03,3.787894221450544951e-03,3.433518619696865424e-03,2.964345054663098441e-03,2.386361467737945635e-03,1.721816209894327758e-03,1.007391358322659147e-03,2.904044429511587911e-04,0.000000000000000000e+00,0.000000000000000000e+00,0.000000000000000000e+00,0.000000000000000000e+00,0.000000000000000000e+00,0.000000000000000000e+00,0.000000000000000000e+00,0.000000000000000000e+00,0.000000000000000000e+00,2.827120634098885185e-04,6.552474243718667182e-04,9.243128750335616100e-04,1.070050042414337791e-03,1.080644570813857298e-03,9.485701436902637144e-04,6.694727825099402573e-04,2.439698909701996585e-04,0.000000000000000000e+00,0.000000000000000000e+00,0.000000000000000000e+00,0.000000000000000000e+00,0.000000000000000000e+00,0.000000000000000000e+00,3.862642166950358709e-04,6.206674474674879613e-04,6.086848325653867109e-04,3.399734143152976520e-04,0.000000000000000000e+00,0.000000000000000000e+00,0.000000000000000000e+00,2.158862773886953868e-04,3.127888946769719156e-03,5.121748737181794093e-04,1.031072800926703930e-03,1.286149747445141257e-03,1.227108524089375388e-03,8.432426327276971827e-04,1.705580920463349798e-04,0.000000000000000000e+00,0.000000000000000000e+00,0.000000000000000000e+00,0.000000000000000000e+00,0.000000000000000000e+00,0.000000000000000000e+00,0.000000000000000000e+00,0.000000000000000000e+00,0.000000000000000000e+00,0.000000000000000000e+00,0.000000000000000000e+00,0.000000000000000000e+00,0.000000000000000000e+00,0.000000000000000000e+00,0.000000000000000000e+00,0.000000000000000000e+00,0.000000000000000000e+00,0.000000000000000000e+00,0.000000000000000000e+00,0.000000000000000000e+00,0.000000000000000000e+00,0.000000000000000000e+00,0.000000000000000000e+00,0.000000000000000000e+00,0.000000000000000000e+00,0.000000000000000000e+00,0.000000000000000000e+00,3.181955406076833058e-04,4.918029574979802679e-04,5.225855400033972481e-04,4.198228559537395071e-04,2.751270111405610319e-04,5.417962750914376811e-04,6.572688713294191215e-04,5.838286717268999009e-04,2.907994170400927860e-04,0.000000000000000000e+00,0.000000000000000000e+00,0.000000000000000000e+00,0.000000000000000000e+00,0.000000000000000000e+00,1.073878942098219593e-04,8.969163105127229453e-04,1.708953385260938203e-03,2.463916336685000215e-03,3.084812475586328276e-03,3.508969628898541120e-03,3.699603406680647584e-03,3.653161833651112373e-03,3.398946016917104348e-03,2.990107471600365191e-03,2.488542173043460475e-03,1.948802758727611901e-03,1.406714329887154367e-03,8.766557817184366741e-04,3.581880588476965251e-04,0.000000000000000000e+00,0.000000000000000000e+00,0.000000000000000000e+00,0.000000000000000000e+00,0.000000000000000000e+00,0.000000000000000000e+00,0.000000000000000000e+00,0.000000000000000000e+00,1.470553493244352845e-04,9.801888018606862499e-04,1.756183773149271521e-03,2.337787450499778565e-03,2.611523620304664547e-03,2.602116846424350986e-03,3.389101962360568238e-03,4.156409973924195429e-03,4.825436480763388956e-03,5.303928630780003171e-03,5.510955197693146249e-03,5.399731682529154350e-03,4.970801752341044884e-03,4.271183746534601075e-03,3.380123037341169288e-03,2.387020041366844959e-03,1.369771726130649412e-03,3.809668281638520010e-04,0.000000000000000000e+00,0.000000000000000000e+00,0.000000000000000000e+00,0.000000000000000000e+00,0.000000000000000000e+00,0.000000000000000000e+00,0.000000000000000000e+00,0.000000000000000000e+00,0.000000000000000000e+00,0.000000000000000000e+00,0.000000000000000000e+00,0.000000000000000000e+00,0.000000000000000000e+00,0.000000000000000000e+00,0.000000000000000000e+00,0.000000000000000000e+00,0.000000000000000000e+00,0.000000000000000000e+00,0.000000000000000000e+00,0.000000000000000000e+00,0.000000000000000000e+00,0.000000000000000000e+00,0.000000000000000000e+00,0.000000000000000000e+00,3.947305737198369209e-04,1.971838924393424283e-03,3.389206464813598278e-03,4.526430926083987831e-03,5.318146129644081219e-03,5.761922120539911436e-03,5.909749341533200757e-03,5.846743281499105875e-03,5.664774536720591606e-03,5.439584902845452825e-03,5.217623400477163810e-03,5.014631611188087416e-03,4.823797830827497406e-03,4.628661272597558302e-03,7.564925893402056449e-03,0.000000000000000000e+00,0.000000000000000000e+00,0.000000000000000000e+00,0.000000000000000000e+00,0.000000000000000000e+00,0.000000000000000000e+00,0.000000000000000000e+00,0.000000000000000000e+00,0.000000000000000000e+00,0.000000000000000000e+00,0.000000000000000000e+00,3.541612304432554333e-04,6.057030159209868302e-04,0.000000000000000000e+00,0.000000000000000000e+00,0.000000000000000000e+00,0.000000000000000000e+00,0.000000000000000000e+00,0.000000000000000000e+00,0.000000000000000000e+00,0.000000000000000000e+00,0.000000000000000000e+00,0.000000000000000000e+00,1.742488967848633856e-04,1.012033645624289564e-03,1.715033271382733265e-03,2.276991897011650633e-03,2.711068609749336597e-03,3.040679867227164337e-03,3.291083373775473882e-03,3.482689008765528851e-03,3.626471560628761765e-03,3.721778693579690447e-03,3.756834451566005637e-03,3.711902940395507122e-03,3.564422095567114368e-03,3.294806597916943771e-03,2.891560969181892777e-03,2.354868614672743238e-03,1.698585686993419252e-03,1.903591214429674371e-03,2.009748958779012783e-03,1.948602638628300649e-03,1.724364529675932386e-03,1.360328226327612742e-03,8.904740695054291213e-04,3.492343545785615237e-04,0.000000000000000000e+00,0.000000000000000000e+00,0.000000000000000000e+00,0.000000000000000000e+00,0.000000000000000000e+00,0.000000000000000000e+00,0.000000000000000000e+00,0.000000000000000000e+00,0.000000000000000000e+00,0.000000000000000000e+00,0.000000000000000000e+00,0.000000000000000000e+00,0.000000000000000000e+00,0.000000000000000000e+00,0.000000000000000000e+00,0.000000000000000000e+00,0.000000000000000000e+00,0.000000000000000000e+00,0.000000000000000000e+00,0.000000000000000000e+00,0.000000000000000000e+00,2.871578613348258965e-03,0.000000000000000000e+00,0.000000000000000000e+00,0.000000000000000000e+00,0.000000000000000000e+00,0.000000000000000000e+00,0.000000000000000000e+00,0.000000000000000000e+00,0.000000000000000000e+00,0.000000000000000000e+00,0.000000000000000000e+00,0.000000000000000000e+00,0.000000000000000000e+00,0.000000000000000000e+00,0.000000000000000000e+00,0.000000000000000000e+00,0.000000000000000000e+00,0.000000000000000000e+00,0.000000000000000000e+00,0.000000000000000000e+00,0.000000000000000000e+00,0.000000000000000000e+00,4.454567195472283856e-04,2.009196233847274429e-03,4.940714982629526922e-03,0.000000000000000000e+00,0.000000000000000000e+00,0.000000000000000000e+00,0.000000000000000000e+00,0.000000000000000000e+00,0.000000000000000000e+00,0.000000000000000000e+00,0.000000000000000000e+00,0.000000000000000000e+00,0.000000000000000000e+00,0.000000000000000000e+00,0.000000000000000000e+00,0.000000000000000000e+00,0.000000000000000000e+00,0.000000000000000000e+00,0.000000000000000000e+00,0.000000000000000000e+00,0.000000000000000000e+00,0.000000000000000000e+00,0.000000000000000000e+00,0.000000000000000000e+00,0.000000000000000000e+00,0.000000000000000000e+00,0.000000000000000000e+00,0.000000000000000000e+00,0.000000000000000000e+00,0.000000000000000000e+00,0.000000000000000000e+00,0.000000000000000000e+00,0.000000000000000000e+00,0.000000000000000000e+00,0.000000000000000000e+00,0.000000000000000000e+00,0.000000000000000000e+00,0.000000000000000000e+00,9.175894865110326723e-05,1.370740771153912060e-03,0.000000000000000000e+00,2.010260206234485965e-04,9.863551550346725573e-04,1.633188866190093437e-03,2.035193396262961057e-03,2.115625426598691586e-03,1.848908001717219050e-03,1.807964038354688795e-03,1.694966649724315589e-03,1.445372607109598377e-03,1.101830616992973246e-03,7.131362862780105854e-04,3.240510936623696402e-04,0.000000000000000000e+00,0.000000000000000000e+00,0.000000000000000000e+00,0.000000000000000000e+00,2.334527389887076053e-03,1.057499513899234954e-03,1.058568196740133915e-03,0.000000000000000000e+00,0.000000000000000000e+00,0.000000000000000000e+00,0.000000000000000000e+00,0.000000000000000000e+00,0.000000000000000000e+00,0.000000000000000000e+00,0.000000000000000000e+00,0.000000000000000000e+00,4.780302748615892746e-05,2.899629710075969191e-04,5.025891748049449419e-04,5.452621134171209893e-04,4.007165598444768382e-04,1.944727514539941948e-04,1.959212771448008391e-04,1.909181993341719618e-04,1.810800681431546061e-04,1.681351518474806907e-04,1.538673911851142178e-04,1.400603335208610320e-04
4.190887175267954199e-08,0.000000000000000000e+00,0.000000000000000000e+00,0.000000000000000000e+00,0.000000000000000000e+00,0.000000000000000000e+00,0.000000000000000000e+00,4.050830255398896857e-04,1.289107495125299974e-03,2.160723168751444486e-03,2.931789678176627886e-03,3.526511051784115593e-03,3.892061735967990155e-03,4.009192436645975417e-03,3.899113025902534082e-03,3.622931133683391421e-03,3.271951380907238416e-03,2.950332550756296426e-03,2.754445826997539357e-03,2.754449103487401768e-03,2.982503186600463877e-03,3.068601628675341614e-03,3.181186290172907747e-03,0.000000000000000000e+00,0.000000000000000000e+00,0.000000000000000000e+00,0.000000000000000000e+00,0.000000000000000000e+00,0.000000000000000000e+00,0.000000000000000000e+00,0.000000000000000000e+00,0.000000000000000000e+00,3.444450200957424797e-05,0.000000000000000000e+00,7.028197953694724671e-04,0.000000000000000000e+00,0.000000000000000000e+00,0.000000000000000000e+00,0.000000000000000000e+00,0.000000000000000000e+00,0.000000000000000000e+00,0.000000000000000000e+00,0.000000000000000000e+00,0.000000000000000000e+00,0.000000000000000000e+00,0.000000000000000000e+00,0.000000000000000000e+00,0.000000000000000000e+00,0.000000000000000000e+00,0.000000000000000000e+00,0.000000000000000000e+00,0.000000000000000000e+00,0.000000000000000000e+00,0.000000000000000000e+00,0.000000000000000000e+00,0.000000000000000000e+00,0.000000000000000000e+00,0.000000000000000000e+00,4.276694151074819043e-04,1.059552256960882323e-03,3.990710649374893879e-03,0.000000000000000000e+00,0.000000000000000000e+00,0.000000000000000000e+00,0.000000000000000000e+00,0.000000000000000000e+00,0.000000000000000000e+00,0.000000000000000000e+00,0.000000000000000000e+00,0.000000000000000000e+00,0.000000000000000000e+00,0.000000000000000000e+00,0.000000000000000000e+00,0.000000000000000000e+00,0.000000000000000000e+00,0.000000000000000000e+00,7.299048311136811421e-06,3.107577882678803243e-04,5.771062869163937200e-04,7.939162905807005399e-04,9.386707443838175624e-04,9.821531800920471102e-04,9.466143188735804542e-04,1.384380770349627563e-03,1.664000052579964152e-03,1.816224497975248891e-03,1.862994939854087546e-03,1.814325278838797200e-03,1.670962842895884828e-03,1.430766626833724232e-03,1.095796171743268488e-03,6.774299504029482983e-04,1.981347466535260458e-04,0.000000000000000000e+00,0.000000000000000000e+00,0.000000000000000000e+00,0.000000000000000000e+00,0.000000000000000000e+00,0.000000000000000000e+00,0.000000000000000000e+00,0.000000000000000000e+00,0.000000000000000000e+00,0.000000000000000000e+00,1.158950659490204290e-04,8.441358145018185112e-04,1.556849022148853621e-03,2.187747977273318562e-03,2.679879627480560161e-03,2.997086665420844662e-03,3.132196172961456207e-03,3.108693383786003024e-03,2.974589191625462599e-03,2.789980499477708389e-03,2.612178803955213322e-03,2.483079642401808413e-03,2.422321812379400145e-03,2.427380652661140226e-03,2.479266728324256309e-03,2.551066188436066935e-03,2.616510674585014861e-03,2.656654223282125908e-03,2.663737344272049893e-03,2.641901505192641077e-03,2.604659646658068727e-03,2.569398936307821287e-03,2.550028622090771881e-03,2.549932109233887974e-03,2.557903920795160432e-03,2.549044244175770191e-03,2.490788196280627458e-03,2.352132388913249963e-03,2.112865847185789632e-03,1.769753723348527338e-03,1.337967674029506707e-03,8.477218429385250352e-04,3.373941827929392346e-04,0.000000000000000000e+00,0.000000000000000000e+00,0.000000000000000000e+00,0.000000000000000000e+00,0.000000000000000000e+00,0.000000000000000000e+00,0.000000000000000000e+00,0.000000000000000000e+00,0.000000000000000000e+00,0.000000000000000000e+00,0.000000000000000000e+00,0.000000000000000000e+00,0.000000000000000000e+00,0.000000000000000000e+00,0.000000000000000000e+00,0.000000000000000000e+00,0.000000000000000000e+00,0.000000000000000000e+00,1.296918020701232923e-04,8.762335303334092655e-04,1.579997934101079774e-03,2.190803692290098793e-03,2.678782690445762841e-03,3.040079071591679852e-03,3.296153445096451032e-03,3.487133053009968710e-03,3.661020960827670971e-03,3.861312082340256132e-03,4.115801455722420399e-03,4.429150914981473154e-03,4.781105304080065718e-03,5.131048709170184415e-03,5.427980341556072272e-03,5.623387814960438200e-03,5.683419737260454394e-03,5.596809151143468733e-03,5.376297381101968927e-03,5.053555032335187852e-03,4.669966505625203386e-03,4.267045652875164213e-03,3.880030693729247249e-03,3.536364604740882545e-03,3.258207585401409149e-03,3.066197156041844916e-03,2.981281307063630721e-03,3.022762848409924364e-03,3.202825352164565594e-03,3.519629904087572848e-03,0.000000000000000000e+00,0.000000000000000000e+00,0.000000000000000000e+00,0.000000000000000000e+00,0.000000000000000000e+00,0.000000000000000000e+00,0.000000000000000000e+00,0.000000000000000000e+00,0.000000000000000000e+00,0.000000000000000000e+00,0.000000000000000000e+00,0.000000000000000000e+00,0.000000000000000000e+00,0.000000000000000000e+00,0.000000000000000000e+00,0.000000000000000000e+00,0.000000000000000000e+00,0.000000000000000000e+00,0.000000000000000000e+00,0.000000000000000000e+00,0.000000000000000000e+00,0.000000000000000000e+00,0.000000000000000000e+00,0.000000000000000000e+00,0.000000000000000000e+00,0.000000000000000000e+00,1.597813943184633867e-04,9.971846522194413500e-04,1.706398377207473836e-03,2.290054368197463105e-03,0.000000000000000000e+00,0.000000000000000000e+00,1.629661566265094624e-04,7.411471235950512371e-04,1.161959821538713095e-03,1.101821137285139427e-03,1.030935654471111821e-03,9.490909553092542099e-04,8.561422873329529526e-04,7.520299919509660074e-04,6.367935300512110120e-04,5.105872248028645380e-04,3.736944399352648571e-04,2.265355066918669699e-04,6.967849838073443352e-05,0.000000000000000000e+00,0.000000000000000000e+00,0.000000000000000000e+00,4.493690094381451168e-04,1.429726768675127760e-03,2.271602498689708188e-03,2.974584577975360883e-03,3.558334685732991026e-03,4.047103084830421145e-03,4.456245697752316166e-03,4.785416132350019634e-03,5.020321331453903718e-03,5.141286167833370585e-03,5.133896703414614522e-03,4.996199840082523290e-03,4.738945589523806991e-03,4.379275653099100156e-03,3.932018525808400090e-03,3.404224431556697895e-03,2.796843389009526226e-03,2.113427232405221123e-03,1.371629828317351635e-03,6.113276326400454361e-04,0.000000000000000000e+00,0.000000000000000000e+00,0.000000000000000000e+00,0.000000000000000000e+00,0.000000000000000000e+00,0.000000000000000000e+00,0.000000000000000000e+00,2.022657672537503360e-04,8.597521513958254324e-04,1.497380726146832963e-03,2.059660560388645693e-03,2.501295868132709550e-03,2.785099328265926242e-03,2.881122975021594129e-03,3.697825167544848291e-03,0.000000000000000000e+00,0.000000000000000000e+00,0.000000000000000000e+00,1.160645662821174111e-03,1.681661439436186100e-03,2.141616555983023341e-03,2.563139733339691792e-03,2.902112897779262918e-03,3.118474093496309205e-03,3.185793035620066924e-03,3.100050373010229503e-03,2.884068944727165035e-03,2.584938790427575555e-03,2.264218246360540608e-03,1.983571609189055916e-03,1.790415826724540884e-03,1.708111632276198633e-03,1.733300465595479824e-03,1.840171053893035471e-03,1.989145012216209703e-03,2.136722580906127641e-03,2.244009677872282980e-03,2.282944743307438028e-03,2.240344831517766117e-03,2.120044701648679444e-03,1.942887020414210816e-03,1.743855152816274710e-03,1.565911827610593464e-03,1.451106267418972350e-03,1.430727019217171167e-03,1.516960894848843168e-03,1.698284414292090209e-03,1.939827165959317990e-03,2.188718771267411569e-03,2.383466201982925494e-03,2.465810225366180282e-03,2.393157369160511978e-03,2.149268617175205658e-03,1.750590659515340345e-03,1.245834226215896410e-03,7.076436920567891415e-04,4.299831692481366572e-04,4.401661802670188959e-04,2.640084742625809595e-04,3.826679335030356145e-04,4.870586440005082057e-04,0.000000000000000000e+00,9.551151845589676967e-04,5.469479440434456231e-04,0.000000000000000000e+00,0.000000000000000000e+00,0.000000000000000000e+00,0.000000000000000000e+00,0.000000000000000000e+00,0.000000000000000000e+00,0.000000000000000000e+00,0.000000000000000000e+00,0.000000000000000000e+00,0.000000000000000000e+00,0.000000000000000000e+00,0.000000000000000000e+00,0.000000000000000000e+00,0.000000000000000000e+00,0.000000000000000000e+00,0.000000000000000000e+00,3.827774836333633357e-04,2.026972901998529836e-03,0.000000000000000000e+00,0.000000000000000000e+00,0.000000000000000000e+00,0.000000000000000000e+00,0.000000000000000000e+00,0.000000000000000000e+00,0.000000000000000000e+00,0.000000000000000000e+00,0.000000000000000000e+00,0.000000000000000000e+00,4.479519320342372586e-04,1.296294895521432752e-03,2.124585612326708017e-03,2.837264548779631912e-03,3.343216024531680056e-03,3.572393387456961576e-03,3.490548842687937227e-03,3.108247489666417836e-03,2.481273117293950146e-03,1.701518851223755282e-03,1.262031249381934854e-03,1.358360943538352780e-03,1.476585300335119281e-03,1.595836581645754997e-03,1.683136156830596260e-03,1.702420919457749799e-03,1.623913319097712278e-03,1.430479223770532611e-03,1.119494382588031526e-03,7.012703821979156087e-04,1.966594695257848312e-04,0.000000000000000000e+00,0.000000000000000000e+00,0.000000000000000000e+00,0.000000000000000000e+00,0.000000000000000000e+00,0.000000000000000000e+00,0.000000000000000000e+00,0.000000000000000000e+00,0.000000000000000000e+00,0.000000000000000000e+00,0.000000000000000000e+00,0.000000000000000000e+00,0.000000000000000000e+00,0.000000000000000000e+00,1.311744758043948138e-04,4.993616010109842851e-04,7.198142063329570576e-04,8.067489175169104652e-04,7.916010518746633773e-04,7.094677061157981862e-04,5.886360642011926681e-04,4.467011722417604368e-04,2.932968341228921411e-04,1.363552424712697925e-04,0.000000000000000000e+00,0.000000000000000000e+00,0.000000000000000000e+00,5.713416240525136074e-04,1.062484302850868990e-03,1.375235075279965897e-03,1.457118231288403011e-03,1.290566099731731706e-03,8.979655741968889555e-04,3.389711154369140196e-04,0.000000000000000000e+00
1.728805287308160628e-07,8.432399027366886462e-04,0.000000000000000000e+00,0.000000000000000000e+00,0.000000000000000000e+00,0.000000000000000000e+00,0.000000000000000000e+00,0.000000000000000000e+00,0.000000000000000000e+00,3.282814269376691744e-04,0.000000000000000000e+00,0.000000000000000000e+00,0.000000000000000000e+00,0.000000000000000000e+00,0.000000000000000000e+00,0.000000000000000000e+00,4.616845945195481951e-04,1.091203969782780780e-03,1.621350961671894596e-03,2.001897262797678028e-03,2.214008427103461487e-03,2.268205979544931847e-03,2.196571704777127744e-03,2.040347317052918288e-03,1.835461902016356610e-03,1.599878698462778174e-03,1.326937770400443781e-03,9.873697587313371837e-04,5.397510183322935719e-04,0.000000000000000000e+00,0.000000000000000000e+00,0.000000000000000000e+00,0.000000000000000000e+00,0.000000000000000000e+00,0.000000000000000000e+00,0.000000000000000000e+00,0.000000000000000000e+00,0.000000000000000000e+00,0.000000000000000000e+00,0.000000000000000000e+00,0.000000000000000000e+00,0.000000000000000000e+00,1.603405612801163133e-03,5.882461477453343641e-03,0.000000000000000000e+00,1.638517399596073820e-03,0.000000000000000000e+00,0.000000000000000000e+00,0.000000000000000000e+00,0.000000000000000000e+00,0.000000000000000000e+00,5.365642407727202372e-04,3.532125266552690185e-03,1.606914480343342010e-03,1.993651080940613517e-03,0.000000000000000000e+00,0.000000000000000000e+00,0.000000000000000000e+00,0.000000000000000000e+00,0.000000000000000000e+00,0.000000000000000000e+00,0.000000000000000000e+00,0.000000000000000000e+00,0.000000000000000000e+00,0.000000000000000000e+00,0.000000000000000000e+00,3.484454091400988776e-04,3.115710291282109811e-03,0.000000000000000000e+00,0.000000000000000000e+00,0.000000000000000000e+00,0.000000000000000000e+00,0.000000000000000000e+00,0.000000000000000000e+00,0.000000000000000000e+00,0.000000000000000000e+00,0.000000000000000000e+00,0.000000000000000000e+00,0.000000000000000000e+00,0.000000000000000000e+00,0.000000000000000000e+00,1.816684331391611902e-03,3.348585051707385612e-03,4.521752349609785109e-03,5.369915951119058790e-03,0.000000000000000000e+00,0.000000000000000000e+00,0.000000000000000000e+00,0.000000000000000000e+00,0.000000000000000000e+00,0.000000000000000000e+00,0.000000000000000000e+00,0.000000000000000000e+00,0.000000000000000000e+00,0.000000000000000000e+00,0.000000000000000000e+00,0.000000000000000000e+00,0.000000000000000000e+00,0.000000000000000000e+00,0.000000000000000000e+00,0.000000000000000000e+00,0.000000000000000000e+00,0.000000000000000000e+00,0.000000000000000000e+00,0.000000000000000000e+00,0.000000000000000000e+00,0.000000000000000000e+00,0.000000000000000000e+00,0.000000000000000000e+00,0.000000000000000000e+00,0.000000000000000000e+00,0.000000000000000000e+00,0.000000000000000000e+00,0.000000000000000000e+00,0.000000000000000000e+00,0.000000000000000000e+00,3.435073106382795227e-03,1.617049648800999648e-03,2.919047659562406562e-03,0.000000000000000000e+00,0.000000000000000000e+00,0.000000000000000000e+00,0.000000000000000000e+00,0.000000000000000000e+00,0.000000000000000000e+00,0.000000000000000000e+00,0.000000000000000000e+00,0.000000000000000000e+00,1.045728521512229343e-03,7.155803586568796433e-04,5.901358047470568486e-04,1.969427475131981225e-03,9.740171930343110651e-04,1.261397340659035958e-03,1.566943740996003384e-03,1.795400225977803908e-03,1.943909722019873535e-03,2.057456571481521869e-03,2.201307631564769236e-03,0.000000000000000000e+00,0.000000000000000000e+00,0.000000000000000000e+00,0.000000000000000000e+00,0.000000000000000000e+00,0.000000000000000000e+00,0.000000000000000000e+00,0.000000000000000000e+00,0.000000000000000000e+00,7.615258206019581136e-04,1.823771689582556711e-03,2.672714893114095779e-03,3.242647236681676405e-03,3.523174175679297943e-03,3.549739353549693967e-03,3.387051242251207673e-03,3.112309793668902903e-03,2.802350524091612449e-03,2.525199894609227082e-03,2.334282284078543265e-03,2.263551074648936269e-03,2.323450391891274981e-03,2.499260184529291263e-03,2.753742269764845440e-03,3.034785449565958158e-03,0.000000000000000000e+00,5.084689563189077281e-04,1.026003708587617776e-03,1.437714548388371698e-03,1.728496243198131927e-03,1.903933228571311198e-03,1.991862545875898796e-03,2.039449124600825353e-03,2.106810469318307500e-03,2.258053603597881629e-03,2.550259478516365887e-03,3.021276661008406687e-03,3.577588247071561162e-03,0.000000000000000000e+00,0.000000000000000000e+00,0.000000000000000000e+00,0.000000000000000000e+00,0.000000000000000000e+00,0.000000000000000000e+00,0.000000000000000000e+00,0.000000000000000000e+00,0.000000000000000000e+00,0.000000000000000000e+00,0.000000000000000000e+00,0.000000000000000000e+00,0.000000000000000000e+00,0.000000000000000000e+00,0.000000000000000000e+00,0.000000000000000000e+00,0.000000000000000000e+00,0.000000000000000000e+00,0.000000000000000000e+00,0.000000000000000000e+00,0.000000000000000000e+00,0.000000000000000000e+00,0.000000000000000000e+00,0.000000000000000000e+00,0.000000000000000000e+00,0.000000000000000000e+00,0.000000000000000000e+00,0.000000000000000000e+00,0.000000000000000000e+00,0.000000000000000000e+00,0.000000000000000000e+00,3.625358072159026658e-04,5.651582824121922227e-04,5.183859142317607215e-04,2.391560380128847764e-04,8.627756795906159001e-03,7.628614917648050787e-04,4.395236741395310226e-04,0.000000000000000000e+00,0.000000000000000000e+00,0.000000000000000000e+00,3.840032863872153775e-04,0.000000000000000000e+00,1.224794508480260254e-03,1.877099844248456863e-03,2.882356282244518102e-03,3.405763177379267110e-03,1.325885175920360698e-03,3.269002593737490182e-04,0.000000000000000000e+00,0.000000000000000000e+00,0.000000000000000000e+00,0.000000000000000000e+00,0.000000000000000000e+00,0.000000000000000000e+00,0.000000000000000000e+00,0.000000000000000000e+00,0.000000000000000000e+00,1.552339012544911852e-04,6.572454445622965755e-04,1.038581737819860339e-03,0.000000000000000000e+00,0.000000000000000000e+00,0.000000000000000000e+00,0.000000000000000000e+00,0.000000000000000000e+00,0.000000000000000000e+00,0.000000000000000000e+00,0.000000000000000000e+00,4.018233692906450494e-03,0.000000000000000000e+00,0.000000000000000000e+00,0.000000000000000000e+00,0.000000000000000000e+00,2.780517278284592021e-04,6.043117859359620984e-04,8.267405065351716249e-04,1.378731227175317197e-03,1.989400148343511195e-03,2.651226716809259969e-03,3.356575304170186531e-03,4.092800833663057594e-03,0.000000000000000000e+00,0.000000000000000000e+00,0.000000000000000000e+00,0.000000000000000000e+00,0.000000000000000000e+00,0.000000000000000000e+00,0.000000000000000000e+00,0.000000000000000000e+00,0.000000000000000000e+00,0.000000000000000000e+00,0.000000000000000000e+00,0.000000000000000000e+00,0.000000000000000000e+00,0.000000000000000000e+00,0.000000000000000000e+00,3.666315064375924148e-03,0.000000000000000000e+00,0.000000000000000000e+00,0.000000000000000000e+00,4.889007787559079702e-04,1.706440719511518765e-03,2.830927388326667273e-03,3.805511794711092643e-03,4.613509879241285694e-03,5.267961257997722836e-03,5.793706998623433108e-03,6.208263832717873278e-03,6.508288434075699090e-03,6.666423948263314539e-03,6.639455938534873786e-03,6.384473715805080024e-03,5.876838173375640781e-03,5.593294892833831564e-03,5.396177064947102649e-03,5.021943837339043655e-03,4.507243921216061953e-03,3.897526725942147222e-03,3.240082767259837293e-03,2.577161841624963420e-03,1.940809268389958198e-03,1.350768800641925392e-03,8.159894808758344151e-04,3.390832845727704105e-04,0.000000000000000000e+00,0.000000000000000000e+00,5.674146433373519500e-04,1.444084694811543362e-03,2.270665602579951051e-03,2.955750494953246401e-03,3.423889839156969445e-03,3.626530544662831968e-03,3.549596660855245441e-03,3.216300356496163814e-03,2.684084386454710022e-03,2.035200761810506635e-03,1.361635122607238093e-03,1.017363459441723459e-03,1.220287356440185331e-03,1.422545225447279654e-03,1.609633957623435481e-03,1.747383354958656140e-03,1.787023637960191398e-03,1.675595585578750629e-03,1.369039039709006762e-03,8.450738422759986263e-04,1.131566643063060078e-04,1.921841842072783931e-04,2.131784624231059053e-03,1.786255622236559417e-03,0.000000000000000000e+00,0.000000000000000000e+00,0.000000000000000000e+00,0.000000000000000000e+00,0.000000000000000000e+00,0.000000000000000000e+00,0.000000000000000000e+00,0.000000000000000000e+00,0.000000000000000000e+00,0.000000000000000000e+00,0.000000000000000000e+00,0.000000000000000000e+00,0.000000000000000000e+00,7.568499458332928484e-04,1.674768110496342201e-03,2.498206893418019464e-03,3.156430058902293632e-03,3.581690842009038235e-03,3.724956952677234596e-03,3.570163224984851825e-03,3.141416018889234534e-03,2.499396940556597967e-03,1.727319910450606346e-03,9.112325360684197899e-04,1.218358837915023993e-04,0.000000000000000000e+00,0.000000000000000000e+00,0.000000000000000000e+00,0.000000000000000000e+00,9.868282183613864052e-04,2.092014240787627363e-03,3.207893878416674324e-03,4.262850387688786775e-03,5.195194788691419666e-03,5.957854373687824882e-03,6.521795168074055044e-03,6.877626069485969461e-03,7.034523009327449394e-03,7.015687414710681212e-03,6.850301729108666283e-03,6.563214497985161294e-03,6.164817159522339302e-03,5.644136412634137047e-03,4.967757382043133836e-03,4.086093628207876187e-03,2.946989645276269169e-03,1.514920439234450789e-03,6.172948788532715185e-04,1.303527809676085147e-03,1.839171728850045977e-03,2.237010432688603910e-03,2.530618598695101411e-03,2.757118303455239477e-03,2.937779253230239033e-03,3.063553190598604717e-03,3.091138615453774968e-03,2.951820343014627084e-03,2.571232557378520193e-03,1.894584608067455050e-03,9.096767205356675852e-04,0.000000000000000000e+00,0.000000000000000000e+00,0.000000000000000000e+00,0.000000000000000000e+00,0.000000000000000000e+00,0.000000000000000000e+00,0.000000000000000000e+00,0.000000000000000000e+00,0.000000000000000000e+00,6.395860596670246805e-03,3.262766721048989023e-03,3.401530420760755279e-04
0.000000000000000000e+00,0.000000000000000000e+00,0.000000000000000000e+00,0.000000000000000000e+00,1.190050348467075811e-04,3.776847356062721685e-03,0.000000000000000000e+00,9.867978708629693079e-05,0.000000000000000000e+00,0.000000000000000000e+00,0.000000000000000000e+00,6.050549576924374359e-05,7.480448548400588831e-04,1.484629861001131833e-03,2.077212875588505935e-03,2.794574360900805958e-03,3.235490453057013500e-03,3.192471686161207824e-03,3.119101426276664132e-03,0.000000000000000000e+00,0.000000000000000000e+00,0.000000000000000000e+00,0.000000000000000000e+00,2.121900746019382469e-03,0.000000000000000000e+00,0.000000000000000000e+00,0.000000000000000000e+00,0.000000000000000000e+00,0.000000000000000000e+00,0.000000000000000000e+00,0.000000000000000000e+00,0.000000000000000000e+00,0.000000000000000000e+00,0.000000000000000000e+00,0.000000000000000000e+00,0.000000000000000000e+00,0.000000000000000000e+00,0.000000000000000000e+00,0.000000000000000000e+00,0.000000000000000000e+00,0.000000000000000000e+00,0.000000000000000000e+00,0.000000000000000000e+00,4.214872754460398629e-05,3.486940960869811239e-04,4.825938381159825593e-04,4.187598627343836551e-04,1.714980795390899583e-04,0.000000000000000000e+00,0.000000000000000000e+00,0.000000000000000000e+00,0.000000000000000000e+00,0.000000000000000000e+00,0.000000000000000000e+00,0.000000000000000000e+00,0.000000000000000000e+00,0.000000000000000000e+00,0.000000000000000000e+00,3.273557741292970006e-04,6.998388549853033032e-04,9.557773414464665806e-04,1.059178870952378389e-03,9.956375770806004909e-04,7.775830531516806331e-04,5.719638178414138260e-04,7.879773124539986903e-04,1.640252517036521916e-03,2.604932202883423944e-03,3.600467648719457917e-03,4.531921100642777485e-03,5.305297908499685688e-03,0.000000000000000000e+00,0.000000000000000000e+00,0.000000000000000000e+00,0.000000000000000000e+00,0.000000000000000000e+00,7.983616071063815876e-04,3.102876557265966517e-03,5.387628474470758898e-03,7.473332628048325217e-03,9.192555658471442126e-03,1.040622442944107509e-02,1.101676591905703662e-02,1.097662173754138625e-02,1.029197928589036318e-02,9.022363122998897783e-03,7.276951502218319268e-03,5.207929739375703054e-03,3.000256462585516089e-03,8.564009483174694730e-04,0.000000000000000000e+00,0.000000000000000000e+00,0.000000000000000000e+00,1.690245752939667750e-04,8.418747103619114887e-04,4.795086040119991150e-03,0.000000000000000000e+00,0.000000000000000000e+00,0.000000000000000000e+00,0.000000000000000000e+00,0.000000000000000000e+00,0.000000000000000000e+00,0.000000000000000000e+00,0.000000000000000000e+00,0.000000000000000000e+00,0.000000000000000000e+00,0.000000000000000000e+00,0.000000000000000000e+00,0.000000000000000000e+00,1.117167746262378409e-04,7.214747691780675366e-04,1.334688717321227697e-03,1.909956103498252050e-03,2.390100118438964402e-03,2.716286500546836232e-03,2.846742626068392203e-03,2.772066952852325367e-03,1.121659873579335803e-02,0.000000000000000000e+00,0.000000000000000000e+00,0.000000000000000000e+00,0.000000000000000000e+00,0.000000000000000000e+00,2.877022850261051583e-03,8.266741313206254962e-04,0.000000000000000000e+00,0.000000000000000000e+00,0.000000000000000000e+00,0.000000000000000000e+00,0.000000000000000000e+00,0.000000000000000000e+00,0.000000000000000000e+00,0.000000000000000000e+00,0.000000000000000000e+00,0.000000000000000000e+00,0.000000000000000000e+00,0.000000000000000000e+00,0.000000000000000000e+00,1.777982756578529901e-05,3.907270225527589781e-04,5.959832952985280510e-04,6.347989092812127187e-04,5.531976703202837187e-04,4.397722240554080195e-04,4.113792596815044013e-04,5.888276024612913500e-04,1.067799606245864842e-03,1.892081335077221930e-03,0.000000000000000000e+00,0.000000000000000000e+00,0.000000000000000000e+00,0.000000000000000000e+00,0.000000000000000000e+00,0.000000000000000000e+00,0.000000000000000000e+00,0.000000000000000000e+00,0.000000000000000000e+00,0.000000000000000000e+00,0.000000000000000000e+00,0.000000000000000000e+00,4.185144219585953279e-04,3.079753199654376543e-04,3.184313898809169267e-04,8.163339869981376578e-04,1.153000695673341361e-03,1.311000427402183189e-03,1.286532128882822770e-03,1.088920856217919647e-03,0.000000000000000000e+00,0.000000000000000000e+00,0.000000000000000000e+00,0.000000000000000000e+00,2.314868191784166004e-04,1.680453681749198049e-03,0.000000000000000000e+00,0.000000000000000000e+00,0.000000000000000000e+00,0.000000000000000000e+00,0.000000000000000000e+00,0.000000000000000000e+00,0.000000000000000000e+00,0.000000000000000000e+00,0.000000000000000000e+00,0.000000000000000000e+00,0.000000000000000000e+00,0.000000000000000000e+00,0.000000000000000000e+00,0.000000000000000000e+00,0.000000000000000000e+00,0.000000000000000000e+00,0.000000000000000000e+00,0.000000000000000000e+00,0.000000000000000000e+00,0.000000000000000000e+00,1.584669292642120310e-04,5.237220833438578681e-04,8.545700694597699928e-04,1.096110625836868189e-03,1.212596318907105180e-03,1.195371366138337508e-03,1.061306118977320325e-03,8.438667262431968474e-04,5.807612499726342312e-04,3.024887888377779843e-04,2.504789614053334394e-05,5.649116375221423627e-04,1.601111354002170573e-03,0.000000000000000000e+00,0.000000000000000000e+00,0.000000000000000000e+00,0.000000000000000000e+00,0.000000000000000000e+00,0.000000000000000000e+00,0.000000000000000000e+00,3.040750045078798058e-04,1.178017674611822304e-03,2.007270170701140524e-03,2.674393197352418431e-03,3.082764346510729822e-03,3.174658934902223253e-03,2.938991876793415389e-03,2.408631525682935169e-03,1.650279751242692775e-03,7.508615194238674358e-04,1.404249146912867497e-03,2.433312288912090841e-03,3.272506791914489392e-03,3.836813883923282341e-03,4.059694196555068205e-03,3.907975632923327627e-03,3.393524988414417347e-03,2.578111995246754919e-03,1.569024355230282932e-03,5.050544537257956566e-04,5.758196541991778862e-04,6.917021696434927066e-04,7.996079209101209775e-04,8.980404537397469614e-04,9.857825475171335620e-04,1.061957233714824061e-03,1.126068059248714693e-03,1.178032978976841514e-03,1.218194570152262559e-03,1.484224734944513150e-03,1.521540330188645351e-03,1.277434677488063948e-03,1.281764937212736145e-03,1.281596109394218591e-03,1.279125669803360225e-03,1.276612870285870598e-03,1.276286594538994816e-03,1.280253212229581642e-03,1.290407426211372327e-03,1.308350724041484761e-03,1.335320258097505907e-03,1.372131809724087218e-03,1.419136302627812879e-03,1.476195136711390713e-03,1.542672997940708725e-03,1.617448487755539363e-03,1.698942809264820464e-03,1.785162880509142888e-03,1.873761580160165181e-03,1.962106783710936345e-03,2.047361757012909535e-03,2.126570153679204281e-03,2.196741713764375614e-03,2.254942696411421817e-03,2.298376842771375668e-03,2.324464041747342606e-03,2.330907876790053006e-03,2.315754364987689107e-03,2.277437374283483758e-03,2.214812240859688995e-03,2.127176471451687739e-03,2.014277003169096143e-03,1.876307844463343455e-03,1.713894173126557022e-03,1.528070503217432864e-03,1.320248501019550278e-03,1.093796626762189202e-03,1.250388398287568571e-03,1.325121264156704174e-03,1.330334357651320959e-03,1.288590714107851459e-03,1.226320007085176774e-03,1.165549744593890550e-03,1.116972180536090565e-03,1.076944698029393870e-03,1.029455025574210801e-03,9.523186007279835913e-04,8.255259818752573369e-04,6.390541465028324458e-04,3.977049558097223029e-04,1.214608019049979906e-04,0.000000000000000000e+00,0.000000000000000000e+00,0.000000000000000000e+00,0.000000000000000000e+00,0.000000000000000000e+00,0.000000000000000000e+00,0.000000000000000000e+00,0.000000000000000000e+00,0.000000000000000000e+00,0.000000000000000000e+00,0.000000000000000000e+00,0.000000000000000000e+00,0.000000000000000000e+00,0.000000000000000000e+00,0.000000000000000000e+00,0.000000000000000000e+00,0.000000000000000000e+00,0.000000000000000000e+00,2.435076685251384167e-04,5.495609721448609661e-04,7.498186408694562134e-04,8.305921623479400016e-04,8.022556089263431413e-04,6.898505361641027976e-04,5.196196987354064758e-04,3.065122466236113938e-04,4.730528892747550674e-05,0.000000000000000000e+00,0.000000000000000000e+00,0.000000000000000000e+00,1.274359853744240966e-03,3.071402003993585830e-03,4.714245779380599709e-03,6.120030776774500886e-03,7.227026599404430714e-03,7.995242162966337968e-03,8.405405665874126145e-03,8.457813233920828677e-03,8.171756488438038785e-03,7.585280460305642361e-03,6.754376114693439077e-03,5.750635829568912297e-03,4.656767260571579962e-03,3.560079484866444585e-03,2.649019386196901568e-03,2.939997868950883220e-03,3.160399074365818125e-03,3.339972325609457445e-03,3.482900112632459060e-03,3.570611562545880548e-03,3.574004982352325336e-03,3.469348068997397342e-03,3.250903013920654425e-03,2.935116161298139108e-03,2.967219867343342653e-03,3.314744577360030555e-03,3.501854859884650020e-03,0.000000000000000000e+00,0.000000000000000000e+00,0.000000000000000000e+00,0.000000000000000000e+00,0.000000000000000000e+00,0.000000000000000000e+00,0.000000000000000000e+00,0.000000000000000000e+00,0.000000000000000000e+00,0.000000000000000000e+00,0.000000000000000000e+00,0.000000000000000000e+00,0.000000000000000000e+00,0.000000000000000000e+00,0.000000000000000000e+00,0.000000000000000000e+00,0.000000000000000000e+00,4.620504493333355174e-03,0.000000000000000000e+00,0.000000000000000000e+00,0.000000000000000000e+00,0.000000000000000000e+00,0.000000000000000000e+00,0.000000000000000000e+00,4.668441021236092157e-05,1.220016925421653787e-04,1.800405541688857112e-04,2.180906292782061162e-04,2.341498740223148744e-04,2.269973153219477741e-04,1.962491154567217496e-04,1.423832455134165583e-04,6.673311407508161514e-05,0.000000000000000000e+00,0.000000000000000000e+00,0.000000000000000000e+00,0.000000000000000000e+00,0.000000000000000000e+00,0.000000000000000000e+00,0.000000000000000000e+00,0.000000000000000000e+00,0.000000000000000000e+00,0.000000000000000000e+00,0.000000000000000000e+00,0.000000000000000000e+00,0.000000000000000000e+00,0.000000000000000000e+00,0.000000000000000000e+00
1.193203678335617554e-07,6.483416200992037342e-04,1.259466109978331014e-04,1.996949439092471942e-04,2.812818262689216974e-04,3.708439226772723002e-04,4.682484432794898764e-04,5.730999490006690464e-04,0.000000000000000000e+00,0.000000000000000000e+00,4.186744154006141988e-04,1.412196213701439685e-03,2.381928306680579539e-03,3.213086339563566048e-03,3.775222908770805089e-03,3.945171286661091486e-03,3.635004123184745663e-03,2.816469335551807091e-03,1.534071760070681223e-03,0.000000000000000000e+00,0.000000000000000000e+00,0.000000000000000000e+00,0.000000000000000000e+00,0.000000000000000000e+00,0.000000000000000000e+00,0.000000000000000000e+00,0.000000000000000000e+00,0.000000000000000000e+00,0.000000000000000000e+00,0.000000000000000000e+00,0.000000000000000000e+00,9.360343640275950450e-04,2.058879568379271170e-03,2.975839337386901925e-03,3.591754396010098799e-03,3.839451990540795889e-03,3.689394961018865968e-03,3.156474602775396262e-03,2.302026134289595054e-03,1.229272875423567191e-03,3.091650994735774586e-04,0.000000000000000000e+00,0.000000000000000000e+00,0.000000000000000000e+00,0.000000000000000000e+00,0.000000000000000000e+00,0.000000000000000000e+00,0.000000000000000000e+00,0.000000000000000000e+00,0.000000000000000000e+00,0.000000000000000000e+00,0.000000000000000000e+00,0.000000000000000000e+00,0.000000000000000000e+00,0.000000000000000000e+00,0.000000000000000000e+00,0.000000000000000000e+00,0.000000000000000000e+00,0.000000000000000000e+00,0.000000000000000000e+00,0.000000000000000000e+00,0.000000000000000000e+00,0.000000000000000000e+00,0.000000000000000000e+00,0.000000000000000000e+00,0.000000000000000000e+00,0.000000000000000000e+00,0.000000000000000000e+00,0.000000000000000000e+00,0.000000000000000000e+00,0.000000000000000000e+00,0.000000000000000000e+00,0.000000000000000000e+00,0.000000000000000000e+00,0.000000000000000000e+00,0.000000000000000000e+00,8.147284209155286920e-05,2.437829598397502203e-04,3.985179338042489660e-04,5.454773815930254567e-04,6.845539762553360828e-04,8.157115026498233451e-04,9.389592862462913794e-04,1.054330056466979988e-03,1.161852606411447209e-03,1.261531556402075652e-03,1.353326806674509707e-03,1.437138174350647765e-03,1.512800227326019245e-03,1.580075263604058949e-03,1.638661042925743929e-03,1.688200042447316656e-03,1.728298117323728497e-03,1.758546135184823342e-03,1.778548429315142919e-03,1.787952216651367407e-03,1.565919781466240494e-03,8.022154965504680636e-04,1.988428945116989157e-04,0.000000000000000000e+00,0.000000000000000000e+00,0.000000000000000000e+00,0.000000000000000000e+00,0.000000000000000000e+00,1.691785799709055174e-03,3.769567805492192621e-03,0.000000000000000000e+00,0.000000000000000000e+00,0.000000000000000000e+00,0.000000000000000000e+00,0.000000000000000000e+00,0.000000000000000000e+00,0.000000000000000000e+00,0.000000000000000000e+00,0.000000000000000000e+00,0.000000000000000000e+00,0.000000000000000000e+00,0.000000000000000000e+00,0.000000000000000000e+00,0.000000000000000000e+00,4.542784323288774672e-04,9.704863492246999714e-05,3.850086593069129790e-03,2.311991982159947992e-04,3.000035267369236306e-04,3.712958766433891214e-04,4.459687309386966506e-04,5.247710695611115849e-04,6.082712001546544244e-04,0.000000000000000000e+00,0.000000000000000000e+00,0.000000000000000000e+00,0.000000000000000000e+00,0.000000000000000000e+00,0.000000000000000000e+00,0.000000000000000000e+00,6.281819583278287224e-05,9.194303877138670315e-04,1.564204707360404437e-03,1.919607969740104881e-03,1.930405141607221447e-03,1.570532046843448526e-03,8.480798066068319548e-04,5.004405896764111067e-04,9.951280208904350697e-04,1.153663604089955877e-03,1.008152371154788767e-03,6.281234528215797830e-04,9.819155525071181884e-05,0.000000000000000000e+00,0.000000000000000000e+00,0.000000000000000000e+00,0.000000000000000000e+00,0.000000000000000000e+00,0.000000000000000000e+00,0.000000000000000000e+00,0.000000000000000000e+00,0.000000000000000000e+00,0.000000000000000000e+00,0.000000000000000000e+00,1.315499441967917806e-04,8.606782448565209387e-04,1.504562689171862677e-03,2.042618206525978128e-03,2.456639789389447517e-03,2.741389266136758790e-03,2.910945097679919994e-03,2.997705115090432224e-03,1.981736213094761456e-03,1.087083550703337289e-03,2.968503549342195805e-04,0.000000000000000000e+00,0.000000000000000000e+00,0.000000000000000000e+00,0.000000000000000000e+00,0.000000000000000000e+00,0.000000000000000000e+00,1.383627680415430716e-04,4.657733686542359910e-04,0.000000000000000000e+00,0.000000000000000000e+00,0.000000000000000000e+00,0.000000000000000000e+00,0.000000000000000000e+00,0.000000000000000000e+00,0.000000000000000000e+00,0.000000000000000000e+00,3.657186616174066510e-05,4.823613098331457376e-04,9.808651709225554415e-04,1.498634068359290224e-03,2.373043879301433342e-03,3.301130311852652419e-03,3.928002323731024509e-03,1.535512948725354949e-03,1.503014609982865216e-03,1.263911389803237806e-03,8.890263650425435111e-04,4.814077990901415981e-04,1.522862877457957249e-03,1.216573911442258996e-03,1.492445560446640064e-03,1.757150622418903168e-03,2.007735287367311446e-03,2.241539973399902207e-03,2.456244122508599841e-03,2.649892296992929861e-03,3.905979150871761660e-03,5.168599802412801418e-03,6.134565772748915014e-03,0.000000000000000000e+00,0.000000000000000000e+00,0.000000000000000000e+00,0.000000000000000000e+00,0.000000000000000000e+00,0.000000000000000000e+00,0.000000000000000000e+00,9.444807643421809481e-04,2.393379083983241534e-03,3.749846458912451264e-03,4.912415474056470131e-03,5.799138729433118630e-03,0.000000000000000000e+00,0.000000000000000000e+00,0.000000000000000000e+00,9.261297215917973645e-05,7.976859663230128359e-04,1.280827582201234495e-03,0.000000000000000000e+00,0.000000000000000000e+00,0.000000000000000000e+00,0.000000000000000000e+00,0.000000000000000000e+00,0.000000000000000000e+00,8.762090318385932575e-04,1.654603439839758298e-03,2.046897635450007063e-03,2.027347376120752255e-03,2.912244614996293939e-03,5.556307639477506451e-03,3.100694562265872997e-05,1.049870907035513161e-03,0.000000000000000000e+00,0.000000000000000000e+00,0.000000000000000000e+00,0.000000000000000000e+00,0.000000000000000000e+00,0.000000000000000000e+00,0.000000000000000000e+00,0.000000000000000000e+00,0.000000000000000000e+00,4.880967232463947640e-05,8.482552087724639592e-04,1.325500163398870678e-03,1.373367049310734653e-03,9.449742613995374416e-04,6.577343798296835626e-05,0.000000000000000000e+00,0.000000000000000000e+00,0.000000000000000000e+00,0.000000000000000000e+00,3.690877635058405264e-05,2.942268468285486613e-04,5.704176926343831541e-04,8.631216899439611264e-04,1.169589389500063671e-03,1.486732309618061815e-03,1.811192503355155180e-03,2.139411016091754148e-03,2.467710439927181618e-03,2.792373737349710273e-03,3.109727727369203994e-03,3.416226726659912435e-03,3.708529953635701128e-03,2.326841804771952269e-03,2.690393273984664508e-03,3.137973620127820253e-03,3.609820137611910711e-03,4.028803224250874018e-03,4.315633036274009113e-03,5.610378012539027175e-03,0.000000000000000000e+00,0.000000000000000000e+00,0.000000000000000000e+00,0.000000000000000000e+00,0.000000000000000000e+00,0.000000000000000000e+00,0.000000000000000000e+00,0.000000000000000000e+00,0.000000000000000000e+00,0.000000000000000000e+00,0.000000000000000000e+00,0.000000000000000000e+00,0.000000000000000000e+00,0.000000000000000000e+00,0.000000000000000000e+00,0.000000000000000000e+00,0.000000000000000000e+00,0.000000000000000000e+00,0.000000000000000000e+00,0.000000000000000000e+00,0.000000000000000000e+00,0.000000000000000000e+00,0.000000000000000000e+00,0.000000000000000000e+00,0.000000000000000000e+00,0.000000000000000000e+00,0.000000000000000000e+00,0.000000000000000000e+00,0.000000000000000000e+00,0.000000000000000000e+00,0.000000000000000000e+00,0.000000000000000000e+00,7.823209841622134203e-03,6.831297563569284619e-04,2.506726105925255899e-03,0.000000000000000000e+00,0.000000000000000000e+00,0.000000000000000000e+00,0.000000000000000000e+00,2.787725370413984328e-04,1.730279031885719691e-03,2.793371695847251136e-03,3.294926599018017585e-03,3.113139514853082920e-03,2.204147837449665654e-03,6.181118524142898340e-04,0.000000000000000000e+00,0.000000000000000000e+00,0.000000000000000000e+00,0.000000000000000000e+00,0.000000000000000000e+00,0.000000000000000000e+00,0.000000000000000000e+00,0.000000000000000000e+00,0.000000000000000000e+00,0.000000000000000000e+00,0.000000000000000000e+00,0.000000000000000000e+00,0.000000000000000000e+00,1.685611023947370833e-03,0.000000000000000000e+00,0.000000000000000000e+00,0.000000000000000000e+00,0.000000000000000000e+00,0.000000000000000000e+00,0.000000000000000000e+00,0.000000000000000000e+00,0.000000000000000000e+00,0.000000000000000000e+00,0.000000000000000000e+00,0.000000000000000000e+00,0.000000000000000000e+00,0.000000000000000000e+00,0.000000000000000000e+00,0.000000000000000000e+00,0.000000000000000000e+00,0.000000000000000000e+00,0.000000000000000000e+00,7.376808268008562661e-05,3.572489344823545675e-04,5.108366315073363051e-04,5.934379259036739801e-04,3.443015264434597707e-03,1.241031697607561640e-03,0.000000000000000000e+00,0.000000000000000000e+00,2.754724991624869085e-03,1.240675178466615241e-04,5.717566290026718668e-04,1.238723255105141606e-03,4.804050060230961308e-04,5.528045945005511655e-04,5.146958812403667214e-04,3.632913148066231135e-04,1.073934959853833725e-04,0.000000000000000000e+00,0.000000000000000000e+00,0.000000000000000000e+00,0.000000000000000000e+00,0.000000000000000000e+00,0.000000000000000000e+00,0.000000000000000000e+00,0.000000000000000000e+00,0.000000000000000000e+00,0.000000000000000000e+00,0.000000000000000000e+00,0.000000000000000000e+00,0.000000000000000000e+00,0.000000000000000000e+00,0.000000000000000000e+00,0.000000000000000000e+00,0.000000000000000000e+00,0.000000000000000000e+00,0.000000000000000000e+00,0.000000000000000000e+00,0.000000000000000000e+00,0.000000000000000000e+00,0.000000000000000000e+00,6.273737710269029939e-04
2.632358324057630748e-07,5.904400650963341577e-04,8.215589491699062030e-04,6.667340325138725520e-04,1.813422658646011943e-04,0.000000000000000000e+00,0.000000000000000000e+00,0.000000000000000000e+00,0.000000000000000000e+00,0.000000000000000000e+00,0.000000000000000000e+00,0.000000000000000000e+00,0.000000000000000000e+00,8.443415290599026301e-04,1.807885958460792681e-03,2.438750475663920957e-03,2.968750187844878142e-03,3.659777442429269344e-03,0.000000000000000000e+00,0.000000000000000000e+00,0.000000000000000000e+00,0.000000000000000000e+00,0.000000000000000000e+00,3.012220926042663812e-05,3.021886280271676630e-03,0.000000000000000000e+00,0.000000000000000000e+00,0.000000000000000000e+00,2.077264189837904482e-06,6.593720999143422366e-05,1.348633948614498383e-04,2.087753421678103540e-04,2.875758358332809348e-04,3.711522205786111760e-04,4.593804819460706266e-04,5.521285227359490734e-04,1.322374729557107510e-03,2.167817493075656528e-03,2.724902509481708958e-03,2.991216958983402771e-03,0.000000000000000000e+00,0.000000000000000000e+00,0.000000000000000000e+00,0.000000000000000000e+00,0.000000000000000000e+00,0.000000000000000000e+00,0.000000000000000000e+00,0.000000000000000000e+00,0.000000000000000000e+00,0.000000000000000000e+00,0.000000000000000000e+00,0.000000000000000000e+00,0.000000000000000000e+00,0.000000000000000000e+00,0.000000000000000000e+00,0.000000000000000000e+00,0.000000000000000000e+00,0.000000000000000000e+00,0.000000000000000000e+00,6.838830259264866906e-04,1.511986080302213983e-03,2.449411895706954216e-03,3.716663974548315135e-03,0.000000000000000000e+00,0.000000000000000000e+00,0.000000000000000000e+00,0.000000000000000000e+00,0.000000000000000000e+00,0.000000000000000000e+00,0.000000000000000000e+00,0.000000000000000000e+00,0.000000000000000000e+00,0.000000000000000000e+00,0.000000000000000000e+00,0.000000000000000000e+00,0.000000000000000000e+00,0.000000000000000000e+00,6.877974624349856778e-04,1.568765610953379427e-03,2.535224691292750892e-03,3.529392541507925859e-03,4.484816311315698023e-03,5.339000087695900884e-03,6.044355634562882662e-03,6.574794654832098392e-03,6.927010602331854471e-03,0.000000000000000000e+00,0.000000000000000000e+00,1.380003180526360605e-05,5.527373896883429859e-04,6.977516940460256559e-04,4.533490432802202001e-04,0.000000000000000000e+00,0.000000000000000000e+00,0.000000000000000000e+00,0.000000000000000000e+00,0.000000000000000000e+00,0.000000000000000000e+00,0.000000000000000000e+00,0.000000000000000000e+00,0.000000000000000000e+00,2.084413349175280941e-03,8.628709563042235913e-04,1.012941073839426168e-03,1.154369095341385536e-03,1.283285745187649112e-03,1.396223125077875830e-03,1.490175411236378334e-03,1.764633942976346357e-03,1.512617302056686215e-02,2.369526589486165447e-03,7.716704333898864948e-04,6.902923744439644523e-04,5.547505730434132984e-04,4.446306306364483933e-04,4.341435489313859764e-04,5.739799847890928982e-04,8.802512247650894333e-04,1.333456133350899558e-03,1.886829753305883624e-03,2.480123213603577410e-03,3.053366310783162726e-03,0.000000000000000000e+00,0.000000000000000000e+00,0.000000000000000000e+00,0.000000000000000000e+00,0.000000000000000000e+00,0.000000000000000000e+00,0.000000000000000000e+00,0.000000000000000000e+00,0.000000000000000000e+00,0.000000000000000000e+00,0.000000000000000000e+00,0.000000000000000000e+00,0.000000000000000000e+00,0.000000000000000000e+00,0.000000000000000000e+00,0.000000000000000000e+00,0.000000000000000000e+00,0.000000000000000000e+00,0.000000000000000000e+00,0.000000000000000000e+00,0.000000000000000000e+00,0.000000000000000000e+00,0.000000000000000000e+00,0.000000000000000000e+00,6.211568909737360741e-04,1.299081804901875727e-03,1.887511343595514373e-03,4.709739001436777026e-03,0.000000000000000000e+00,0.000000000000000000e+00,0.000000000000000000e+00,0.000000000000000000e+00,0.000000000000000000e+00,0.000000000000000000e+00,0.000000000000000000e+00,0.000000000000000000e+00,0.000000000000000000e+00,0.000000000000000000e+00,9.801134755758283241e-05,3.278695197311510211e-04,5.416742944085679639e-04,7.385093507676285252e-04,9.179256628718191662e-04,1.079912474242416100e-03,1.224862491291297531e-03,1.353520072314529348e-03,1.418932323640321493e-03,1.601636025080467899e-03,1.870264124417922750e-03,0.000000000000000000e+00,0.000000000000000000e+00,0.000000000000000000e+00,9.488093384530560837e-05,4.412271635700725078e-04,6.360236719365156433e-04,6.439132669235579903e-04,4.464148001566721610e-04,4.929522000942545396e-05,0.000000000000000000e+00,0.000000000000000000e+00,0.000000000000000000e+00,0.000000000000000000e+00,0.000000000000000000e+00,0.000000000000000000e+00,0.000000000000000000e+00,2.870820910591913126e-03,1.194989138172952714e-03,0.000000000000000000e+00,1.157756218378919351e-03,2.293857605559017267e-03,3.307683675289221307e-03,4.142798206672296951e-03,4.763239647612761002e-03,5.158711542836352977e-03,5.346501230847534696e-03,5.368583611066341313e-03,0.000000000000000000e+00,0.000000000000000000e+00,0.000000000000000000e+00,0.000000000000000000e+00,0.000000000000000000e+00,0.000000000000000000e+00,0.000000000000000000e+00,0.000000000000000000e+00,0.000000000000000000e+00,0.000000000000000000e+00,0.000000000000000000e+00,0.000000000000000000e+00,0.000000000000000000e+00,0.000000000000000000e+00,0.000000000000000000e+00,0.000000000000000000e+00,0.000000000000000000e+00,0.000000000000000000e+00,0.000000000000000000e+00,0.000000000000000000e+00,0.000000000000000000e+00,0.000000000000000000e+00,0.000000000000000000e+00,1.400184229201682058e-04,1.411693403289378127e-03,0.000000000000000000e+00,0.000000000000000000e+00,0.000000000000000000e+00,0.000000000000000000e+00,0.000000000000000000e+00,0.000000000000000000e+00,0.000000000000000000e+00,0.000000000000000000e+00,0.000000000000000000e+00,0.000000000000000000e+00,0.000000000000000000e+00,0.000000000000000000e+00,0.000000000000000000e+00,0.000000000000000000e+00,4.306536528118264990e-05,3.504081134751224429e-04,6.624412652901764866e-04,9.761163748986681704e-04,1.288513052126713781e-03,4.349805031695084048e-03,9.079221458510564752e-03,0.000000000000000000e+00,0.000000000000000000e+00,0.000000000000000000e+00,0.000000000000000000e+00,0.000000000000000000e+00,0.000000000000000000e+00,0.000000000000000000e+00,0.000000000000000000e+00,0.000000000000000000e+00,0.000000000000000000e+00,0.000000000000000000e+00,0.000000000000000000e+00,0.000000000000000000e+00,0.000000000000000000e+00,0.000000000000000000e+00,0.000000000000000000e+00,0.000000000000000000e+00,0.000000000000000000e+00,0.000000000000000000e+00,0.000000000000000000e+00,4.659220614888465281e-04,1.388867266181294897e-03,2.376427760255242841e-03,3.353267086452331024e-03,4.235948399750583994e-03,4.951432460873378925e-03,5.450059251229827026e-03,5.709309633180052745e-03,5.729003072927592657e-03,5.522029926543575717e-03,5.105726496718279023e-03,4.497536798125920283e-03,0.000000000000000000e+00,0.000000000000000000e+00,0.000000000000000000e+00,0.000000000000000000e+00,1.714171091486758067e-03,0.000000000000000000e+00,0.000000000000000000e+00,0.000000000000000000e+00,0.000000000000000000e+00,0.000000000000000000e+00,2.337950045046400084e-04,1.054497150163384708e-03,1.819506820338794538e-03,0.000000000000000000e+00,0.000000000000000000e+00,0.000000000000000000e+00,0.000000000000000000e+00,0.000000000000000000e+00,0.000000000000000000e+00,0.000000000000000000e+00,0.000000000000000000e+00,0.000000000000000000e+00,0.000000000000000000e+00,0.000000000000000000e+00,0.000000000000000000e+00,0.000000000000000000e+00,0.000000000000000000e+00,0.000000000000000000e+00,3.107773419950636123e-05,9.131835559666001516e-04,1.980399207375748826e-03,3.142783514950662094e-03,0.000000000000000000e+00,0.000000000000000000e+00,0.000000000000000000e+00,0.000000000000000000e+00,0.000000000000000000e+00,0.000000000000000000e+00,0.000000000000000000e+00,0.000000000000000000e+00,0.000000000000000000e+00,0.000000000000000000e+00,0.000000000000000000e+00,5.642750222925579234e-04,1.364874122126131769e-03,2.020560364747289901e-03,2.539159274671879459e-03,2.940631124438088714e-03,3.252757779171484929e-03,3.507045665204406616e-03,0.000000000000000000e+00,0.000000000000000000e+00,0.000000000000000000e+00,0.000000000000000000e+00,0.000000000000000000e+00,0.000000000000000000e+00,0.000000000000000000e+00,0.000000000000000000e+00,0.000000000000000000e+00,0.000000000000000000e+00,0.000000000000000000e+00,0.000000000000000000e+00,0.000000000000000000e+00,0.000000000000000000e+00,0.000000000000000000e+00,0.000000000000000000e+00,0.000000000000000000e+00,0.000000000000000000e+00,0.000000000000000000e+00,0.000000000000000000e+00,0.000000000000000000e+00,0.000000000000000000e+00,0.000000000000000000e+00,0.000000000000000000e+00,0.000000000000000000e+00,0.000000000000000000e+00,0.000000000000000000e+00,0.000000000000000000e+00,0.000000000000000000e+00,0.000000000000000000e+00,0.000000000000000000e+00,0.000000000000000000e+00,0.000000000000000000e+00,0.000000000000000000e+00,0.000000000000000000e+00,0.000000000000000000e+00,0.000000000000000000e+00,0.000000000000000000e+00,0.000000000000000000e+00,0.000000000000000000e+00,0.000000000000000000e+00,0.000000000000000000e+00,0.000000000000000000e+00,0.000000000000000000e+00,0.000000000000000000e+00,0.000000000000000000e+00,0.000000000000000000e+00,0.000000000000000000e+00,0.000000000000000000e+00,0.000000000000000000e+00,0.000000000000000000e+00,0.000000000000000000e+00,2.746244873236543520e-03,0.000000000000000000e+00,3.030744715117991012e-03,0.000000000000000000e+00,0.000000000000000000e+00,0.000000000000000000e+00,0.000000000000000000e+00,0.000000000000000000e+00,6.897467719396107363e-04,5.263175012921313470e-03,0.000000000000000000e+00,0.000000000000000000e+00,3.578358452382924756e-05,0.000000000000000000e+00,0.000000000000000000e+00,0.000000000000000000e+00,0.000000000000000000e+00,0.000000000000000000e+00,0.000000000000000000e+00,0.000000000000000000e+00,0.000000000000000000e+00,0.000000000000000000e+00
9.600082459977122253e-09,0.000000000000000000e+00,0.000000000000000000e+00,0.000000000000000000e+00,0.000000000000000000e+00,0.000000000000000000e+00,0.000000000000000000e+00,0.000000000000000000e+00,0.000000000000000000e+00,0.000000000000000000e+00,0.000000000000000000e+00,0.000000000000000000e+00,0.000000000000000000e+00,0.000000000000000000e+00,0.000000000000000000e+00,0.000000000000000000e+00,0.000000000000000000e+00,1.214991307231923830e-03,2.339805778671285360e-03,3.131778548218251603e-03,3.630276830911639396e-03,3.894942128904389095e-03,0.000000000000000000e+00,0.000000000000000000e+00,0.000000000000000000e+00,0.000000000000000000e+00,0.000000000000000000e+00,0.000000000000000000e+00,0.000000000000000000e+00,0.000000000000000000e+00,0.000000000000000000e+00,0.000000000000000000e+00,0.000000000000000000e+00,0.000000000000000000e+00,0.000000000000000000e+00,0.000000000000000000e+00,0.000000000000000000e+00,0.000000000000000000e+00,0.000000000000000000e+00,0.000000000000000000e+00,0.000000000000000000e+00,2.202801452481589035e-04,6.210527014120784594e-04,7.099854686301976898e-04,4.934530449848109407e-04,3.262940737869065878e-05,0.000000000000000000e+00,0.000000000000000000e+00,0.000000000000000000e+00,0.000000000000000000e+00,0.000000000000000000e+00,0.000000000000000000e+00,0.000000000000000000e+00,0.000000000000000000e+00,2.287353375622573057e-05,1.004830269583496111e-03,1.296168079672532347e-03,9.033015111066999489e-04,1.204977454723968420e-03,1.534517709626792440e-03,1.868915210905029625e-03,2.178102744774497185e-03,0.000000000000000000e+00,0.000000000000000000e+00,0.000000000000000000e+00,0.000000000000000000e+00,5.070901095667123366e-04,1.605139922175826371e-03,2.565727579473884527e-03,3.281866652631131465e-03,3.672547488006639403e-03,3.706405460950269563e-03,3.415249604626859406e-03,2.890767298299710270e-03,2.263846749859449187e-03,2.251659490489173621e-03,1.377153493584182308e-03,1.951225673895836277e-03,2.267341883779427653e-03,2.340571014429747385e-03,2.225934078721955763e-03,2.003017284994839525e-03,1.759459141323704585e-03,1.577290977435989641e-03,1.523648196069910150e-03,1.645273579637576266e-03,1.965444593107228046e-03,2.482503528005062469e-03,3.170184471276847778e-03,3.980468508755002563e-03,0.000000000000000000e+00,0.000000000000000000e+00,0.000000000000000000e+00,0.000000000000000000e+00,0.000000000000000000e+00,0.000000000000000000e+00,0.000000000000000000e+00,0.000000000000000000e+00,0.000000000000000000e+00,0.000000000000000000e+00,0.000000000000000000e+00,0.000000000000000000e+00,0.000000000000000000e+00,1.192109885516115601e-04,2.996501192624814475e-04,4.787178053435979931e-04,1.226506566762437149e-03,2.147881837887597335e-03,2.747368633826375098e-03,2.995826616345782616e-03,2.898383204667759339e-03,2.492421690821259445e-03,1.842698482879046680e-03,1.558677158790679022e-03,1.616836968889677874e-03,1.652858450255132762e-03,1.666127344457708987e-03,1.656404495569283953e-03,1.623827365993954757e-03,1.568903436054253000e-03,1.492493259913317766e-03,1.395786192949557145e-03,1.280270238958228874e-03,1.147692732615338473e-03,1.000017773247962585e-03,8.393770265330071116e-04,6.680195433781310668e-04,4.882573500750301328e-04,3.024134367309897712e-04,1.127669099989945178e-04,0.000000000000000000e+00,1.178950634239764881e-04,4.938453902649022351e-04,1.001094183402502719e-03,1.567218985756607414e-03,2.110637712316606150e-03,2.554936333526085929e-03,2.837384807584478110e-03,2.913129034075265592e-03,2.758259802365880219e-03,2.373738527913715583e-03,1.789278112380828867e-03,1.063940175470126041e-03,2.801979903622284110e-04,0.000000000000000000e+00,0.000000000000000000e+00,0.000000000000000000e+00,0.000000000000000000e+00,0.000000000000000000e+00,0.000000000000000000e+00,2.474046477808123940e-04,5.090916956907335722e-04,6.478675827893047665e-04,6.296674457946693955e-04,4.519244144106891736e-04,1.410690511182596503e-04,0.000000000000000000e+00,0.000000000000000000e+00,0.000000000000000000e+00,0.000000000000000000e+00,0.000000000000000000e+00,0.000000000000000000e+00,0.000000000000000000e+00,1.541444157189659180e-04,1.297499665841254013e-03,2.564420531665314619e-03,3.889808634555909795e-03,5.185391157600985346e-03,6.343760042911786474e-03,7.251006111745453980e-03,7.806424952884405237e-03,7.944548434754193644e-03,7.652974162170969250e-03,6.979932304924978820e-03,6.028255563267475789e-03,4.936534050706269279e-03,3.852263772194698243e-03,2.904202898330675731e-03,2.181040150651064515e-03,1.720936188286398575e-03,1.512703803118619576e-03,1.505895201436832425e-03,1.625248538868150116e-03,1.785286242336666654e-03,1.902739445684581334e-03,1.906618194776856434e-03,1.746827988407527541e-03,1.401651652488207197e-03,8.827534664372482104e-04,2.350173234777348493e-04,0.000000000000000000e+00,0.000000000000000000e+00,0.000000000000000000e+00,0.000000000000000000e+00,0.000000000000000000e+00,0.000000000000000000e+00,0.000000000000000000e+00,0.000000000000000000e+00,0.000000000000000000e+00,0.000000000000000000e+00,0.000000000000000000e+00,0.000000000000000000e+00,0.000000000000000000e+00,0.000000000000000000e+00,0.000000000000000000e+00,0.000000000000000000e+00,0.000000000000000000e+00,1.064725358678947961e-03,0.000000000000000000e+00,0.000000000000000000e+00,0.000000000000000000e+00,0.000000000000000000e+00,0.000000000000000000e+00,0.000000000000000000e+00,0.000000000000000000e+00,0.000000000000000000e+00,0.000000000000000000e+00,7.180823245367981382e-04,1.441610578559071381e-03,1.743316307440653194e-03,1.584619611059492721e-03,9.964687889993952517e-04,6.095198612263536496e-05,0.000000000000000000e+00,0.000000000000000000e+00,0.000000000000000000e+00,0.000000000000000000e+00,0.000000000000000000e+00,0.000000000000000000e+00,0.000000000000000000e+00,0.000000000000000000e+00,0.000000000000000000e+00,0.000000000000000000e+00,0.000000000000000000e+00,0.000000000000000000e+00,0.000000000000000000e+00,0.000000000000000000e+00,0.000000000000000000e+00,0.000000000000000000e+00,0.000000000000000000e+00,0.000000000000000000e+00,0.000000000000000000e+00,0.000000000000000000e+00,0.000000000000000000e+00,0.000000000000000000e+00,0.000000000000000000e+00,0.000000000000000000e+00,5.233843790670553891e-05,3.793616248738476411e-04,6.966784762512046513e-04,9.699712781039646894e-04,1.157312292691505982e-03,1.213422902606327378e-03,1.100871447734476458e-03,8.055595486676467602e-04,3.505338532618341670e-04,0.000000000000000000e+00,0.000000000000000000e+00,0.000000000000000000e+00,0.000000000000000000e+00,0.000000000000000000e+00,0.000000000000000000e+00,7.628468715602251620e-05,5.411554120394843244e-04,1.469991531397543726e-03,0.000000000000000000e+00,0.000000000000000000e+00,0.000000000000000000e+00,0.000000000000000000e+00,0.000000000000000000e+00,0.000000000000000000e+00,0.000000000000000000e+00,0.000000000000000000e+00,0.000000000000000000e+00,0.000000000000000000e+00,0.000000000000000000e+00,0.000000000000000000e+00,0.000000000000000000e+00,2.580508175307079637e-04,0.000000000000000000e+00,1.044686472140202488e-07,1.548455568851911444e-04,1.712095443222551772e-04,5.948340671953569487e-05,0.000000000000000000e+00,0.000000000000000000e+00,0.000000000000000000e+00,0.000000000000000000e+00,2.684154989779349637e-04,1.689686832937606830e-03,3.032005017787209582e-03,4.179230766845617312e-03,5.055329363310741633e-03,5.630453299333234088e-03,5.917151716793485512e-03,5.958668465122622139e-03,5.812800802483221278e-03,8.048149832985452418e-03,0.000000000000000000e+00,0.000000000000000000e+00,0.000000000000000000e+00,0.000000000000000000e+00,0.000000000000000000e+00,0.000000000000000000e+00,0.000000000000000000e+00,0.000000000000000000e+00,2.690654562328813619e-04,5.999837430184151374e-04,0.000000000000000000e+00,0.000000000000000000e+00,0.000000000000000000e+00,0.000000000000000000e+00,0.000000000000000000e+00,3.327730822188702418e-04,1.058867020392574576e-03,1.767643729708826732e-03,2.389565450692554202e-03,2.848198797688289256e-03,3.064381893790446738e-03,2.968845017406506696e-03,2.520429152932231794e-03,1.723416866587494873e-03,6.367263288768377659e-04,0.000000000000000000e+00,0.000000000000000000e+00,0.000000000000000000e+00,4.610364212706784926e-05,2.618593158111337830e-04,2.571084921531656929e-04,5.817878779798730404e-05,0.000000000000000000e+00,0.000000000000000000e+00,0.000000000000000000e+00,0.000000000000000000e+00,0.000000000000000000e+00,0.000000000000000000e+00,1.414430177633761590e-04,6.927971533242033644e-04,1.126659997219990952e-03,1.425755775274567322e-03,1.582284372327458786e-03,1.609155607580889163e-03,1.547071700093606041e-03,1.461636246856931045e-03,1.428758528937012487e-03,1.512044983824901902e-03,1.740123492199499361e-03,2.092856424635440235e-03,2.502606826205787047e-03,2.871215164533188601e-03,3.097420907797075827e-03,3.105583305851630782e-03,3.729844202110193987e-03,0.000000000000000000e+00,0.000000000000000000e+00,0.000000000000000000e+00,0.000000000000000000e+00,1.668624490738784523e-03,0.000000000000000000e+00,0.000000000000000000e+00,0.000000000000000000e+00,0.000000000000000000e+00,0.000000000000000000e+00,2.046547170225867813e-03,0.000000000000000000e+00,0.000000000000000000e+00,0.000000000000000000e+00,2.860283218007031075e-06,2.892794963940634200e-04,3.821130320191744268e-04,2.236079918086741588e-04,0.000000000000000000e+00,0.000000000000000000e+00,0.000000000000000000e+00,5.395029186212270996e-05,1.271023798714842343e-04,1.902403738256094596e-04,2.422621377392022925e-04,2.821975645118855692e-04,3.092462159990911718e-04,3.228085879853526846e-04,1.309566860674414406e-03,2.107918655500622390e-03,2.606871724609844537e-03,2.757581820582513232e-03,2.570234568415891846e-03,2.103456022814001632e-03,1.446325338555900369e-03,6.986150165389370817e-04,0.000000000000000000e+00,0.000000000000000000e+00,0.000000000000000000e+00,0.000000000000000000e+00,0.000000000000000000e+00,0.000000000000000000e+00,0.000000000000000000e+00,0.000000000000000000e+00,0.000000000000000000e+00,0.000000000000000000e+00,0.000000000000000000e+00
1.347855951744831424e-08,3.236359947464581251e-04,4.601109618346449276e-04,0.000000000000000000e+00,0.000000000000000000e+00,0.000000000000000000e+00,0.000000000000000000e+00,0.000000000000000000e+00,0.000000000000000000e+00,0.000000000000000000e+00,0.000000000000000000e+00,0.000000000000000000e+00,0.000000000000000000e+00,0.000000000000000000e+00,0.000000000000000000e+00,0.000000000000000000e+00,0.000000000000000000e+00,0.000000000000000000e+00,0.000000000000000000e+00,0.000000000000000000e+00,0.000000000000000000e+00,0.000000000000000000e+00,0.000000000000000000e+00,0.000000000000000000e+00,9.443679049231064934e-04,1.711847039429031285e-03,0.000000000000000000e+00,0.000000000000000000e+00,0.000000000000000000e+00,0.000000000000000000e+00,0.000000000000000000e+00,0.000000000000000000e+00,0.000000000000000000e+00,0.000000000000000000e+00,0.000000000000000000e+00,0.000000000000000000e+00,0.000000000000000000e+00,0.000000000000000000e+00,0.000000000000000000e+00,0.000000000000000000e+00,0.000000000000000000e+00,0.000000000000000000e+00,0.000000000000000000e+00,0.000000000000000000e+00,0.000000000000000000e+00,0.000000000000000000e+00,0.000000000000000000e+00,5.064153621165540502e-04,1.111156147011331790e-03,1.775956383042296208e-03,2.166702136150409908e-03,0.000000000000000000e+00,0.000000000000000000e+00,0.000000000000000000e+00,0.000000000000000000e+00,0.000000000000000000e+00,0.000000000000000000e+00,0.000000000000000000e+00,0.000000000000000000e+00,0.000000000000000000e+00,0.000000000000000000e+00,0.000000000000000000e+00,0.000000000000000000e+00,0.000000000000000000e+00,0.000000000000000000e+00,0.000000000000000000e+00,4.083005740546823744e-04,3.956069676902955988e-03,7.493717014272174154e-03,0.000000000000000000e+00,0.000000000000000000e+00,0.000000000000000000e+00,0.000000000000000000e+00,0.000000000000000000e+00,0.000000000000000000e+00,0.000000000000000000e+00,0.000000000000000000e+00,0.000000000000000000e+00,0.000000000000000000e+00,1.378936450831044248e-03,2.546831567526030345e-03,3.367656914940967729e-03,0.000000000000000000e+00,0.000000000000000000e+00,0.000000000000000000e+00,0.000000000000000000e+00,0.000000000000000000e+00,0.000000000000000000e+00,0.000000000000000000e+00,3.961091827511252147e-03,0.000000000000000000e+00,0.000000000000000000e+00,1.667181431762033679e-04,5.861360849098891379e-04,1.135316533946755229e-03,1.750275847070343694e-03,2.366928968246836355e-03,2.927936510166664463e-03,3.388181108338054331e-03,3.717911237137167934e-03,3.903157352823592371e-03,3.943971848041932793e-03,3.851736563857358076e-03,3.646691060739069672e-03,3.356121025482543263e-03,3.012784751980148844e-03,2.652811211147005407e-03,2.312564670669125730e-03,2.766657150790330366e-03,3.126878240438626944e-03,3.366854460774294441e-03,3.472277372183688992e-03,3.432090059448976178e-03,3.245682493295355252e-03,2.930163896885640794e-03,2.523343705846301487e-03,2.080005868408393594e-03,1.662186157937407685e-03,1.326777673723770036e-03,1.114710070932030742e-03,1.044895098959908739e-03,1.113878417085641852e-03,1.299931711981565981e-03,1.569132819317627841e-03,1.881203402000732527e-03,2.194000316878370535e-03,2.466909270098392639e-03,2.664167304032382874e-03,2.759053344065771560e-03,2.739026859356146447e-03,2.610694945659775956e-03,2.402563581946557270e-03,2.163403268848338064e-03,1.954958703008090673e-03,1.842827679357872265e-03,1.864677670951128121e-03,2.049721730960216842e-03,2.377034869999773269e-03,2.792348272317764311e-03,3.214063978175430922e-03,3.549824825212731516e-03,3.716178023172245042e-03,3.656311411248156385e-03,3.351508760285707225e-03,2.823869308213618808e-03,2.130200019840469607e-03,1.349025052096619560e-03,5.639185041764600793e-04,0.000000000000000000e+00,0.000000000000000000e+00,0.000000000000000000e+00,0.000000000000000000e+00,0.000000000000000000e+00,0.000000000000000000e+00,0.000000000000000000e+00,0.000000000000000000e+00,0.000000000000000000e+00,0.000000000000000000e+00,0.000000000000000000e+00,0.000000000000000000e+00,2.139897598867038404e-04,1.063675070859483682e-03,1.821106126239632967e-03,2.376965360099278935e-03,2.664790844145546646e-03,2.676970206130852709e-03,2.463326579200193506e-03,2.114401394024584355e-03,1.736349982396365524e-03,1.425822291573863344e-03,1.251368202403837495e-03,1.244312415680238300e-03,1.637760221526836629e-03,0.000000000000000000e+00,0.000000000000000000e+00,2.675755632711846171e-04,7.220144462984508758e-04,1.159000526291623871e-03,1.530833990877685348e-03,1.844583149790882939e-03,2.156885358678351221e-03,2.551598194270766114e-03,0.000000000000000000e+00,0.000000000000000000e+00,0.000000000000000000e+00,0.000000000000000000e+00,0.000000000000000000e+00,0.000000000000000000e+00,0.000000000000000000e+00,0.000000000000000000e+00,0.000000000000000000e+00,4.473789884681807455e-04,1.299468870928965685e-03,0.000000000000000000e+00,0.000000000000000000e+00,0.000000000000000000e+00,0.000000000000000000e+00,0.000000000000000000e+00,0.000000000000000000e+00,0.000000000000000000e+00,0.000000000000000000e+00,0.000000000000000000e+00,0.000000000000000000e+00,0.000000000000000000e+00,0.000000000000000000e+00,0.000000000000000000e+00,0.000000000000000000e+00,0.000000000000000000e+00,1.951251107485179540e-04,5.135732364696351301e-04,6.513001122771905306e-04,6.104584280735645806e-04,4.182912694959997320e-04,1.266564807892023433e-04,0.000000000000000000e+00,0.000000000000000000e+00,0.000000000000000000e+00,0.000000000000000000e+00,0.000000000000000000e+00,3.244377554625434449e-04,1.017194536018214968e-03,1.782179151836266271e-03,2.498417503324209307e-03,3.037620287376903080e-03,3.287344122580009714e-03,3.173023474629204938e-03,2.673075787593751518e-03,1.822261448045936873e-03,7.017963710483548839e-04,0.000000000000000000e+00,0.000000000000000000e+00,0.000000000000000000e+00,0.000000000000000000e+00,0.000000000000000000e+00,0.000000000000000000e+00,0.000000000000000000e+00,0.000000000000000000e+00,0.000000000000000000e+00,0.000000000000000000e+00,0.000000000000000000e+00,0.000000000000000000e+00,0.000000000000000000e+00,0.000000000000000000e+00,0.000000000000000000e+00,0.000000000000000000e+00,0.000000000000000000e+00,0.000000000000000000e+00,0.000000000000000000e+00,0.000000000000000000e+00,5.788011844456334934e-05,1.165846386387562927e-04,1.672089217954335653e-04,2.085868356104916333e-04,2.396832079516798039e-04,2.596123347552890207e-04,2.676564874083475288e-04,2.632803284895154417e-04,2.461364887576655142e-04,2.160703545115116549e-04,5.273811369028017556e-04,1.078432476598014571e-03,1.500421069082017497e-03,1.794615379237393281e-03,2.077695777734938146e-03,0.000000000000000000e+00,0.000000000000000000e+00,0.000000000000000000e+00,0.000000000000000000e+00,0.000000000000000000e+00,0.000000000000000000e+00,9.580796391838397813e-04,1.268595123100094970e-03,8.745172933824572198e-04,1.459807987760876379e-03,1.888790723547046930e-03,2.162686822361659274e-03,2.309378833363447646e-03,2.375451664116376253e-03,2.412444995955557309e-03,2.461683010431032007e-03,2.542415582125773493e-03,2.646655791651919727e-03,2.741733052553194539e-03,2.779302808265778080e-03,2.708123153567758117e-03,3.225370822453273428e-03,3.713826069376910399e-03,4.106169270630321763e-03,4.398004821407047044e-03,4.592006787919870880e-03,4.693613952114252148e-03,4.707797922366543930e-03,4.636554773479868892e-03,4.477056546783865672e-03,4.221528244622923046e-03,3.860562706508821607e-03,3.390733809523733145e-03,1.377799164171723172e-03,0.000000000000000000e+00,0.000000000000000000e+00,0.000000000000000000e+00,0.000000000000000000e+00,0.000000000000000000e+00,0.000000000000000000e+00,0.000000000000000000e+00,1.093311216602487054e-03,0.000000000000000000e+00,0.000000000000000000e+00,0.000000000000000000e+00,0.000000000000000000e+00,0.000000000000000000e+00,0.000000000000000000e+00,0.000000000000000000e+00,0.000000000000000000e+00,0.000000000000000000e+00,0.000000000000000000e+00,0.000000000000000000e+00,0.000000000000000000e+00,0.000000000000000000e+00,0.000000000000000000e+00,0.000000000000000000e+00,0.000000000000000000e+00,0.000000000000000000e+00,0.000000000000000000e+00,0.000000000000000000e+00,0.000000000000000000e+00,0.000000000000000000e+00,0.000000000000000000e+00,0.000000000000000000e+00,0.000000000000000000e+00,0.000000000000000000e+00,0.000000000000000000e+00,0.000000000000000000e+00,2.912155824864989177e-04,6.892476663901865586e-04,1.078642815931183394e-03,1.407127889922509369e-03,1.715361986456182463e-03,2.049120008502514426e-03,2.713758111355737707e-03,0.000000000000000000e+00,0.000000000000000000e+00,0.000000000000000000e+00,0.000000000000000000e+00,0.000000000000000000e+00,0.000000000000000000e+00,0.000000000000000000e+00,0.000000000000000000e+00,0.000000000000000000e+00,0.000000000000000000e+00,0.000000000000000000e+00,0.000000000000000000e+00,0.000000000000000000e+00,0.000000000000000000e+00,0.000000000000000000e+00,0.000000000000000000e+00,0.000000000000000000e+00,0.000000000000000000e+00,0.000000000000000000e+00,0.000000000000000000e+00,0.000000000000000000e+00,0.000000000000000000e+00,0.000000000000000000e+00,0.000000000000000000e+00,0.000000000000000000e+00,4.524746886715812384e-03,2.080296868916091130e-03,7.540249392250117323e-04,0.000000000000000000e+00,0.000000000000000000e+00,0.000000000000000000e+00,2.929464894894914578e-04,9.906614035267518291e-04,1.431495837561292967e-03,1.579744749799754516e-03,1.287196954353541289e-03,4.278309810686508263e-04,0.000000000000000000e+00,0.000000000000000000e+00,0.000000000000000000e+00,0.000000000000000000e+00,0.000000000000000000e+00,0.000000000000000000e+00,0.000000000000000000e+00,0.000000000000000000e+00,0.000000000000000000e+00,0.000000000000000000e+00,0.000000000000000000e+00,0.000000000000000000e+00,0.000000000000000000e+00,0.000000000000000000e+00,0.000000000000000000e+00,0.000000000000000000e+00,0.000000000000000000e+00,0.000000000000000000e+00,0.000000000000000000e+00,0.000000000000000000e+00,0.000000000000000000e+00,0.000000000000000000e+00,0.000000000000000000e+00
0.000000000000000000e+00,6.339863836567518869e-04,1.342679426805824187e-04,0.000000000000000000e+00,0.000000000000000000e+00,0.000000000000000000e+00,0.000000000000000000e+00,0.000000000000000000e+00,0.000000000000000000e+00,0.000000000000000000e+00,0.000000000000000000e+00,1.382163528891387880e-04,3.401857689893573360e-04,4.396276236722644918e-04,4.147791156854510673e-04,2.655645539850758920e-04,1.012369417339218566e-05,0.000000000000000000e+00,0.000000000000000000e+00,0.000000000000000000e+00,0.000000000000000000e+00,0.000000000000000000e+00,0.000000000000000000e+00,0.000000000000000000e+00,0.000000000000000000e+00,0.000000000000000000e+00,0.000000000000000000e+00,0.000000000000000000e+00,0.000000000000000000e+00,0.000000000000000000e+00,0.000000000000000000e+00,0.000000000000000000e+00,0.000000000000000000e+00,0.000000000000000000e+00,0.000000000000000000e+00,0.000000000000000000e+00,0.000000000000000000e+00,0.000000000000000000e+00,0.000000000000000000e+00,0.000000000000000000e+00,0.000000000000000000e+00,1.399984966409031310e-03,2.924893044169196103e-03,4.307230019448007874e-03,5.463261261182828475e-03,6.329169410621433497e-03,6.863478044871381030e-03,7.048220981183427915e-03,6.888805301890233747e-03,6.412030003240519818e-03,5.662086941069911436e-03,4.695355089691826030e-03,3.575478282277604059e-03,2.369987531724889428e-03,1.148539602624943073e-03,0.000000000000000000e+00,0.000000000000000000e+00,0.000000000000000000e+00,0.000000000000000000e+00,0.000000000000000000e+00,0.000000000000000000e+00,0.000000000000000000e+00,0.000000000000000000e+00,0.000000000000000000e+00,0.000000000000000000e+00,0.000000000000000000e+00,0.000000000000000000e+00,0.000000000000000000e+00,0.000000000000000000e+00,9.309301992546267204e-06,9.966733382853422332e-04,1.811217619620053565e-03,2.429758997481066673e-03,2.853818760465926495e-03,3.105470379964471710e-03,2.801547411040447924e-03,2.188994049605174231e-03,1.396230933873382962e-03,5.933109125111692703e-04,0.000000000000000000e+00,0.000000000000000000e+00,0.000000000000000000e+00,6.233906715849777671e-04,1.760589812048275532e-03,3.167972373935375955e-03,0.000000000000000000e+00,0.000000000000000000e+00,0.000000000000000000e+00,0.000000000000000000e+00,0.000000000000000000e+00,0.000000000000000000e+00,0.000000000000000000e+00,0.000000000000000000e+00,0.000000000000000000e+00,0.000000000000000000e+00,0.000000000000000000e+00,0.000000000000000000e+00,0.000000000000000000e+00,0.000000000000000000e+00,0.000000000000000000e+00,0.000000000000000000e+00,0.000000000000000000e+00,0.000000000000000000e+00,0.000000000000000000e+00,0.000000000000000000e+00,0.000000000000000000e+00,0.000000000000000000e+00,0.000000000000000000e+00,0.000000000000000000e+00,0.000000000000000000e+00,0.000000000000000000e+00,0.000000000000000000e+00,1.536438557364841614e-04,8.846238051684924978e-04,1.575461585462370430e-03,2.246114326007253321e-03,2.899587771660416900e-03,3.525257930184414260e-03,4.105558231814280916e-03,4.621290799209958750e-03,5.053320491220396858e-03,5.381678712935885657e-03,5.585015069489902145e-03,5.642879727976456844e-03,5.541141779988304275e-03,6.059263552491130599e-03,0.000000000000000000e+00,0.000000000000000000e+00,0.000000000000000000e+00,0.000000000000000000e+00,0.000000000000000000e+00,0.000000000000000000e+00,0.000000000000000000e+00,0.000000000000000000e+00,1.682455207239267432e-03,0.000000000000000000e+00,1.195713627535203179e-05,2.262804595870286531e-04,0.000000000000000000e+00,6.629148144738539639e-05,8.865467956475140115e-04,1.676069035454047116e-03,2.318835232744736238e-03,2.725185928443145909e-03,2.843178486881971397e-03,2.661530653761130360e-03,2.207196751180003427e-03,1.540698021453663349e-03,7.501475431819737373e-04,3.789925351072731953e-04,9.443444474297114010e-04,1.317345371299516888e-03,1.478088675714283370e-03,1.421619273769187926e-03,1.158861993181737118e-03,7.182606317007883285e-04,1.469280573016956964e-04,0.000000000000000000e+00,0.000000000000000000e+00,0.000000000000000000e+00,0.000000000000000000e+00,0.000000000000000000e+00,0.000000000000000000e+00,0.000000000000000000e+00,0.000000000000000000e+00,0.000000000000000000e+00,0.000000000000000000e+00,0.000000000000000000e+00,0.000000000000000000e+00,0.000000000000000000e+00,0.000000000000000000e+00,0.000000000000000000e+00,0.000000000000000000e+00,0.000000000000000000e+00,0.000000000000000000e+00,0.000000000000000000e+00,0.000000000000000000e+00,0.000000000000000000e+00,0.000000000000000000e+00,0.000000000000000000e+00,0.000000000000000000e+00,0.000000000000000000e+00,0.000000000000000000e+00,0.000000000000000000e+00,6.338470076906070128e-05,8.645487558343716841e-04,1.660426630957066545e-03,2.374697446846660200e-03,2.940794149548743661e-03,3.317139265110228240e-03,3.499170974570286249e-03,3.524598035549943512e-03,3.469105888836959868e-03,3.431856748738994038e-03,1.773926559654367659e-03,1.731400845335185875e-03,2.007600773977120685e-03,2.600162576923505976e-03,3.428880665545946515e-03,4.347918252818532697e-03,5.175641677539991915e-03,5.735187276895186564e-03,5.894989683709836795e-03,5.597787699119441060e-03,4.869705727410016984e-03,3.807154355826783930e-03,2.546369393481471080e-03,1.225836651699293385e-03,0.000000000000000000e+00,0.000000000000000000e+00,0.000000000000000000e+00,0.000000000000000000e+00,0.000000000000000000e+00,0.000000000000000000e+00,0.000000000000000000e+00,0.000000000000000000e+00,0.000000000000000000e+00,0.000000000000000000e+00,0.000000000000000000e+00,0.000000000000000000e+00,0.000000000000000000e+00,0.000000000000000000e+00,0.000000000000000000e+00,0.000000000000000000e+00,0.000000000000000000e+00,0.000000000000000000e+00,0.000000000000000000e+00,0.000000000000000000e+00,0.000000000000000000e+00,1.010396675094475324e-03,2.581100905329724617e-03,0.000000000000000000e+00,0.000000000000000000e+00,0.000000000000000000e+00,4.401904012393251567e-04,1.167205419196224109e-03,1.957784827708557249e-03,0.000000000000000000e+00,0.000000000000000000e+00,0.000000000000000000e+00,0.000000000000000000e+00,0.000000000000000000e+00,0.000000000000000000e+00,0.000000000000000000e+00,0.000000000000000000e+00,0.000000000000000000e+00,0.000000000000000000e+00,0.000000000000000000e+00,0.000000000000000000e+00,0.000000000000000000e+00,4.241548526940822181e-04,8.558489890447001794e-04,1.214432335900836974e-03,1.515432866598347920e-03,1.770722014273331613e-03,1.987898280988353340e-03,2.171453658932630953e-03,2.325052231975212672e-03,2.453680121154974691e-03,2.564444521045455838e-03,2.665383539954543652e-03,2.762568303619619432e-03,2.856542746734632137e-03,2.939548830310354053e-03,2.994970276441620474e-03,3.000018834987183258e-03,2.931873671716844244e-03,2.776195557612189026e-03,2.535502605374188086e-03,2.233951533026194876e-03,1.915435941107318215e-03,1.633991084715880147e-03,1.438661853888671509e-03,1.357853215377741478e-03,1.389128692821779655e-03,1.498648437484365785e-03,1.630569745948079029e-03,1.722606202766514090e-03,1.721650808149158838e-03,1.594033523429079068e-03,1.341516599960373979e-03,9.136935672665243710e-04,1.636669260854606463e-03,2.179324956832995493e-03,0.000000000000000000e+00,0.000000000000000000e+00,2.663243195325483903e-04,0.000000000000000000e+00,0.000000000000000000e+00,0.000000000000000000e+00,0.000000000000000000e+00,0.000000000000000000e+00,0.000000000000000000e+00,0.000000000000000000e+00,0.000000000000000000e+00,0.000000000000000000e+00,0.000000000000000000e+00,1.212049065144740550e-04,3.613599879602607547e-04,0.000000000000000000e+00,0.000000000000000000e+00,0.000000000000000000e+00,0.000000000000000000e+00,0.000000000000000000e+00,3.734083057598029881e-04,1.832634278320856465e-03,3.460641095041084789e-03,5.144555337614246764e-03,0.000000000000000000e+00,0.000000000000000000e+00,0.000000000000000000e+00,0.000000000000000000e+00,0.000000000000000000e+00,0.000000000000000000e+00,0.000000000000000000e+00,0.000000000000000000e+00,0.000000000000000000e+00,0.000000000000000000e+00,0.000000000000000000e+00,0.000000000000000000e+00,0.000000000000000000e+00,0.000000000000000000e+00,0.000000000000000000e+00,0.000000000000000000e+00,0.000000000000000000e+00,0.000000000000000000e+00,4.225591407142100095e-04,5.443608395978795714e-03,0.000000000000000000e+00,0.000000000000000000e+00,0.000000000000000000e+00,0.000000000000000000e+00,0.000000000000000000e+00,0.000000000000000000e+00,0.000000000000000000e+00,0.000000000000000000e+00,0.000000000000000000e+00,0.000000000000000000e+00,0.000000000000000000e+00,0.000000000000000000e+00,0.000000000000000000e+00,0.000000000000000000e+00,0.000000000000000000e+00,0.000000000000000000e+00,2.464111159023541097e-05,5.513247574174343904e-04,1.123912845519614958e-03,1.693901878009814420e-03,2.208753812057088171e-03,2.624289100602784485e-03,2.915249259766035037e-03,3.079625597916926805e-03,3.134921793403742159e-03,3.108231339810177320e-03,3.024929050935802870e-03,2.901182526166900394e-03,2.743230336050973221e-03,2.552725607935100310e-03,2.334426610799771994e-03,2.101689558874432744e-03,1.876814719544383798e-03,1.686320440800073575e-03,1.553891558991277047e-03,1.494721707456051710e-03,1.513795905772294479e-03,1.608162107037196817e-03,0.000000000000000000e+00,0.000000000000000000e+00,0.000000000000000000e+00,0.000000000000000000e+00,0.000000000000000000e+00,0.000000000000000000e+00,0.000000000000000000e+00,0.000000000000000000e+00,0.000000000000000000e+00,0.000000000000000000e+00,0.000000000000000000e+00,2.379007125042813329e-04,3.749194042427823805e-03,0.000000000000000000e+00,0.000000000000000000e+00,0.000000000000000000e+00,0.000000000000000000e+00,0.000000000000000000e+00,0.000000000000000000e+00,0.000000000000000000e+00,0.000000000000000000e+00,0.000000000000000000e+00,0.000000000000000000e+00,0.000000000000000000e+00,0.000000000000000000e+00,0.000000000000000000e+00,1.683945577450811728e-04,3.156661792116961275e-03,1.251334912916294640e-03,0.000000000000000000e+00,0.000000000000000000e+00,0.000000000000000000e+00,0.000000000000000000e+00,0.000000000000000000e+00
1.084413472697046205e-07,1.446104259927143750e-03,1.110977070048735880e-03,1.124219507921030760e-04,0.000000000000000000e+00,0.000000000000000000e+00,0.000000000000000000e+00,0.000000000000000000e+00,0.000000000000000000e+00,0.000000000000000000e+00,0.000000000000000000e+00,0.000000000000000000e+00,0.000000000000000000e+00,6.701595572681462660e-04,5.854623972864552578e-03,3.783518680037311222e-03,0.000000000000000000e+00,0.000000000000000000e+00,0.000000000000000000e+00,0.000000000000000000e+00,0.000000000000000000e+00,0.000000000000000000e+00,0.000000000000000000e+00,0.000000000000000000e+00,3.326511551684874853e-04,1.924945979282490340e-03,0.000000000000000000e+00,0.000000000000000000e+00,0.000000000000000000e+00,0.000000000000000000e+00,0.000000000000000000e+00,0.000000000000000000e+00,0.000000000000000000e+00,0.000000000000000000e+00,0.000000000000000000e+00,0.000000000000000000e+00,0.000000000000000000e+00,0.000000000000000000e+00,0.000000000000000000e+00,5.613847484587933083e-03,0.000000000000000000e+00,0.000000000000000000e+00,0.000000000000000000e+00,0.000000000000000000e+00,0.000000000000000000e+00,0.000000000000000000e+00,0.000000000000000000e+00,0.000000000000000000e+00,0.000000000000000000e+00,0.000000000000000000e+00,0.000000000000000000e+00,0.000000000000000000e+00,7.353497362388312355e-04,0.000000000000000000e+00,0.000000000000000000e+00,0.000000000000000000e+00,2.847296775217028145e-05,0.000000000000000000e+00,0.000000000000000000e+00,0.000000000000000000e+00,0.000000000000000000e+00,0.000000000000000000e+00,0.000000000000000000e+00,0.000000000000000000e+00,0.000000000000000000e+00,0.000000000000000000e+00,0.000000000000000000e+00,0.000000000000000000e+00,0.000000000000000000e+00,0.000000000000000000e+00,0.000000000000000000e+00,0.000000000000000000e+00,0.000000000000000000e+00,0.000000000000000000e+00,0.000000000000000000e+00,0.000000000000000000e+00,1.644166650860547985e-04,3.320378090045230193e-04,4.462494086726857150e-04,5.078634084615284887e-04,5.165840345347028420e-04,4.766585895252146987e-04,3.991967475134296185e-04,2.997103707428596048e-04,1.923427671824962917e-04,8.413731461838272192e-05,0.000000000000000000e+00,0.000000000000000000e+00,0.000000000000000000e+00,0.000000000000000000e+00,0.000000000000000000e+00,0.000000000000000000e+00,0.000000000000000000e+00,0.000000000000000000e+00,0.000000000000000000e+00,2.220709925386681635e-04,1.102297855123549573e-03,2.263298940778342341e-03,0.000000000000000000e+00,0.000000000000000000e+00,0.000000000000000000e+00,0.000000000000000000e+00,0.000000000000000000e+00,0.000000000000000000e+00,0.000000000000000000e+00,0.000000000000000000e+00,0.000000000000000000e+00,0.000000000000000000e+00,0.000000000000000000e+00,0.000000000000000000e+00,0.000000000000000000e+00,0.000000000000000000e+00,0.000000000000000000e+00,0.000000000000000000e+00,0.000000000000000000e+00,1.094462049489934948e-04,9.790858896314962728e-04,1.786441408124230532e-03,2.464328645006958005e-03,2.945933192624806702e-03,3.188155647160376312e-03,3.192021820779581201e-03,3.011048260429390836e-03,2.742104959539050629e-03,2.729512268488949300e-03,3.662673920663400522e-03,4.314258196628153498e-03,4.660416574563057412e-03,4.699300597604167545e-03,4.445485338770324181e-03,3.930115049425210970e-03,3.245314356789443921e-03,2.851886671354728845e-03,2.191108068964342254e-03,1.318812907365017910e-03,3.151543970818052607e-04,0.000000000000000000e+00,0.000000000000000000e+00,0.000000000000000000e+00,0.000000000000000000e+00,0.000000000000000000e+00,0.000000000000000000e+00,0.000000000000000000e+00,0.000000000000000000e+00,0.000000000000000000e+00,0.000000000000000000e+00,0.000000000000000000e+00,0.000000000000000000e+00,0.000000000000000000e+00,0.000000000000000000e+00,0.000000000000000000e+00,0.000000000000000000e+00,0.000000000000000000e+00,0.000000000000000000e+00,0.000000000000000000e+00,0.000000000000000000e+00,0.000000000000000000e+00,0.000000000000000000e+00,0.000000000000000000e+00,0.000000000000000000e+00,0.000000000000000000e+00,0.000000000000000000e+00,0.000000000000000000e+00,0.000000000000000000e+00,0.000000000000000000e+00,0.000000000000000000e+00,0.000000000000000000e+00,0.000000000000000000e+00,0.000000000000000000e+00,0.000000000000000000e+00,0.000000000000000000e+00,0.000000000000000000e+00,0.000000000000000000e+00,0.000000000000000000e+00,0.000000000000000000e+00,0.000000000000000000e+00,0.000000000000000000e+00,0.000000000000000000e+00,0.000000000000000000e+00,0.000000000000000000e+00,0.000000000000000000e+00,0.000000000000000000e+00,0.000000000000000000e+00,0.000000000000000000e+00,3.080334295738478305e-04,5.259932688949379900e-04,6.644233213901259158e-04,7.545107611581160396e-04,8.267100408825401149e-04,9.022372728798785935e-04,9.874078583797375568e-04,1.070603900944318548e-03,1.121916697722695087e-03,1.096421634070221226e-03,9.424143249900297130e-04,6.147482588712897779e-04,9.095051456437052535e-05,0.000000000000000000e+00,0.000000000000000000e+00,0.000000000000000000e+00,0.000000000000000000e+00,0.000000000000000000e+00,0.000000000000000000e+00,0.000000000000000000e+00,0.000000000000000000e+00,0.000000000000000000e+00,0.000000000000000000e+00,0.000000000000000000e+00,0.000000000000000000e+00,0.000000000000000000e+00,0.000000000000000000e+00,0.000000000000000000e+00,0.000000000000000000e+00,0.000000000000000000e+00,0.000000000000000000e+00,0.000000000000000000e+00,0.000000000000000000e+00,0.000000000000000000e+00,0.000000000000000000e+00,0.000000000000000000e+00,0.000000000000000000e+00,0.000000000000000000e+00,0.000000000000000000e+00,0.000000000000000000e+00,0.000000000000000000e+00,0.000000000000000000e+00,2.629314066062397198e-04,9.020512243993338182e-04,1.527224887702375135e-03,2.070870941074275627e-03,2.479205862223081511e-03,2.718270326559449682e-03,2.776472745610814290e-03,2.663583590650825308e-03,2.406166134643640368e-03,2.040237312193997517e-03,1.603190293774659977e-03,1.127694298696305586e-03,6.396539956388319148e-04,1.604539938947933334e-04,0.000000000000000000e+00,0.000000000000000000e+00,0.000000000000000000e+00,1.040410913671513523e-03,2.253584220594267128e-03,3.367744805697569198e-03,4.252160736376236518e-03,5.932317310912223370e-03,0.000000000000000000e+00,0.000000000000000000e+00,0.000000000000000000e+00,0.000000000000000000e+00,7.346004089932748693e-04,0.000000000000000000e+00,0.000000000000000000e+00,0.000000000000000000e+00,0.000000000000000000e+00,0.000000000000000000e+00,0.000000000000000000e+00,0.000000000000000000e+00,0.000000000000000000e+00,0.000000000000000000e+00,0.000000000000000000e+00,0.000000000000000000e+00,0.000000000000000000e+00,0.000000000000000000e+00,0.000000000000000000e+00,0.000000000000000000e+00,0.000000000000000000e+00,0.000000000000000000e+00,0.000000000000000000e+00,0.000000000000000000e+00,0.000000000000000000e+00,0.000000000000000000e+00,0.000000000000000000e+00,0.000000000000000000e+00,0.000000000000000000e+00,0.000000000000000000e+00,0.000000000000000000e+00,0.000000000000000000e+00,0.000000000000000000e+00,0.000000000000000000e+00,0.000000000000000000e+00,0.000000000000000000e+00,0.000000000000000000e+00,0.000000000000000000e+00,0.000000000000000000e+00,0.000000000000000000e+00,0.000000000000000000e+00,5.460145827485054235e-04,1.604914021416670123e-03,2.406532915862817732e-03,2.897022170852542582e-03,3.045024264468013803e-03,2.851732972504798531e-03,2.357559401630429392e-03,1.641895801352561335e-03,8.137041059094454395e-04,0.000000000000000000e+00,0.000000000000000000e+00,0.000000000000000000e+00,0.000000000000000000e+00,0.000000000000000000e+00,0.000000000000000000e+00,0.000000000000000000e+00,0.000000000000000000e+00,0.000000000000000000e+00,0.000000000000000000e+00,0.000000000000000000e+00,0.000000000000000000e+00,0.000000000000000000e+00,0.000000000000000000e+00,0.000000000000000000e+00,0.000000000000000000e+00,0.000000000000000000e+00,0.000000000000000000e+00,0.000000000000000000e+00,0.000000000000000000e+00,0.000000000000000000e+00,0.000000000000000000e+00,0.000000000000000000e+00,0.000000000000000000e+00,0.000000000000000000e+00,0.000000000000000000e+00,0.000000000000000000e+00,0.000000000000000000e+00,0.000000000000000000e+00,0.000000000000000000e+00,0.000000000000000000e+00,0.000000000000000000e+00,4.020648719880528816e-04,6.793785748662450061e-04,6.853585743894067585e-04,4.466445921899512661e-04,1.926888651775356411e-05,0.000000000000000000e+00,0.000000000000000000e+00,0.000000000000000000e+00,0.000000000000000000e+00,0.000000000000000000e+00,0.000000000000000000e+00,0.000000000000000000e+00,0.000000000000000000e+00,0.000000000000000000e+00,0.000000000000000000e+00,0.000000000000000000e+00,0.000000000000000000e+00,1.873629896506375620e-04,4.061089935102577008e-04,4.222589327918082670e-04,5.157256374850499635e-04,5.932055448850255238e-04,6.794484877901973714e-04,7.996116559440271613e-04,9.790124255062457141e-04,1.242380757304906245e-03,1.611426987233148750e-03,2.100102362449974072e-03,2.708255936346869088e-03,3.415920716008859215e-03,4.181314688154641988e-03,4.945013932952232669e-03,5.640629288357411168e-03,6.209506972009147703e-03,6.614818818617291749e-03,6.850074236569938385e-03,6.938909791074302467e-03,6.926265312788117481e-03,6.864244676780133052e-03,6.797591284091082653e-03,6.753108894526248067e-03,6.735100174857139126e-03,6.726324901938934668e-03,6.692505330687775408e-03,6.588448258182562356e-03,6.364824831897530726e-03,5.975492351415981167e-03,5.385251972092556377e-03,0.000000000000000000e+00,0.000000000000000000e+00,0.000000000000000000e+00,0.000000000000000000e+00,2.414635178754875530e-03,0.000000000000000000e+00,0.000000000000000000e+00,3.032728428579255361e-04,1.211368566639948715e-03,1.982252459855287849e-03,2.547455981807944525e-03,2.867547281963637139e-03,2.936287599739291748e-03,2.775382299098214361e-03,2.422443147847702215e-03,1.917421873683192298e-03,1.293112419893436985e-03,5.731569488785110420e-04,2.350378478492042619e-04,3.933425602023633144e-04,5.640423336535771567e-04,7.454842514298958174e-04
0.000000000000000000e+00,0.000000000000000000e+00,2.763195661842506555e-04,4.953258046429979749e-04,8.029952648954668138e-04,0.000000000000000000e+00,0.000000000000000000e+00,0.000000000000000000e+00,0.000000000000000000e+00,0.000000000000000000e+00,0.000000000000000000e+00,0.000000000000000000e+00,0.000000000000000000e+00,0.000000000000000000e+00,0.000000000000000000e+00,0.000000000000000000e+00,0.000000000000000000e+00,0.000000000000000000e+00,0.000000000000000000e+00,0.000000000000000000e+00,0.000000000000000000e+00,0.000000000000000000e+00,0.000000000000000000e+00,0.000000000000000000e+00,0.000000000000000000e+00,0.000000000000000000e+00,0.000000000000000000e+00,0.000000000000000000e+00,0.000000000000000000e+00,0.000000000000000000e+00,0.000000000000000000e+00,0.000000000000000000e+00,5.955037084672751280e-04,2.173820927669202659e-03,0.000000000000000000e+00,0.000000000000000000e+00,0.000000000000000000e+00,0.000000000000000000e+00,0.000000000000000000e+00,0.000000000000000000e+00,5.386564444875497270e-04,1.253776788446940398e-03,2.532142959011037496e-03,0.000000000000000000e+00,0.000000000000000000e+00,0.000000000000000000e+00,0.000000000000000000e+00,0.000000000000000000e+00,0.000000000000000000e+00,0.000000000000000000e+00,1.585319142496877326e-04,1.117525925743428493e-04,0.000000000000000000e+00,0.000000000000000000e+00,0.000000000000000000e+00,0.000000000000000000e+00,0.000000000000000000e+00,0.000000000000000000e+00,0.000000000000000000e+00,0.000000000000000000e+00,0.000000000000000000e+00,0.000000000000000000e+00,0.000000000000000000e+00,0.000000000000000000e+00,0.000000000000000000e+00,0.000000000000000000e+00,0.000000000000000000e+00,0.000000000000000000e+00,0.000000000000000000e+00,0.000000000000000000e+00,0.000000000000000000e+00,0.000000000000000000e+00,0.000000000000000000e+00,1.488158353919398188e-04,9.248592589541187710e-04,1.594161590389082429e-03,2.120407290702563084e-03,2.475068055072287415e-03,2.645483553673292233e-03,2.639864846102383047e-03,2.487115850515899708e-03,2.231212721641817696e-03,2.143164223201191390e-03,2.871721903617622390e-03,3.604023845641320892e-03,4.265211221952392752e-03,4.782410047643408275e-03,5.099931360096498882e-03,5.189860706683295348e-03,5.055965482621611884e-03,4.730431928772566887e-03,4.264544710375786293e-03,3.715767691451307697e-03,3.134595081334244897e-03,2.554660743505241579e-03,1.988736042446888081e-03,4.729898028577892398e-03,0.000000000000000000e+00,0.000000000000000000e+00,6.415761231896499801e-05,6.471873299359657441e-06,0.000000000000000000e+00,0.000000000000000000e+00,0.000000000000000000e+00,2.085128183107846922e-04,0.000000000000000000e+00,0.000000000000000000e+00,1.001204673693399763e-04,0.000000000000000000e+00,0.000000000000000000e+00,0.000000000000000000e+00,0.000000000000000000e+00,0.000000000000000000e+00,0.000000000000000000e+00,0.000000000000000000e+00,3.933182919533655293e-03,0.000000000000000000e+00,2.293518777030250126e-04,0.000000000000000000e+00,0.000000000000000000e+00,0.000000000000000000e+00,0.000000000000000000e+00,0.000000000000000000e+00,0.000000000000000000e+00,0.000000000000000000e+00,0.000000000000000000e+00,0.000000000000000000e+00,0.000000000000000000e+00,8.042606784207996171e-03,3.010019804686348433e-04,5.410450139534709550e-04,1.282066467668775342e-03,1.875150259680376935e-03,2.283591955723794122e-03,2.486322572228668974e-03,2.482981450878955255e-03,2.296316486047946751e-03,1.969864322918335291e-03,1.560196128403581626e-03,1.780212938877068088e-03,2.319866598739955474e-03,2.592497284776494951e-03,2.603305748794334899e-03,2.383585233548109368e-03,1.981650399663480427e-03,1.450088084468396888e-03,8.346160794022412311e-04,1.687786500330616820e-04,0.000000000000000000e+00,0.000000000000000000e+00,0.000000000000000000e+00,0.000000000000000000e+00,0.000000000000000000e+00,0.000000000000000000e+00,2.252506805331856376e-05,4.217290987606700254e-04,6.649468084861958781e-04,7.107120101928649522e-04,5.531402317285821031e-04,2.213867885268920946e-04,0.000000000000000000e+00,6.789723743878977084e-05,2.103005985347556825e-04,3.433309116992831062e-04,4.660228291237857598e-04,5.776621808580351992e-04,6.777933867025997313e-04,7.662210220428074476e-04,8.430054922140037916e-04,1.209472528202811415e-03,2.273281861821523694e-03,3.337046817369868600e-03,4.322036971293514822e-03,5.166374344704458173e-03,0.000000000000000000e+00,0.000000000000000000e+00,0.000000000000000000e+00,0.000000000000000000e+00,0.000000000000000000e+00,0.000000000000000000e+00,0.000000000000000000e+00,0.000000000000000000e+00,0.000000000000000000e+00,0.000000000000000000e+00,0.000000000000000000e+00,0.000000000000000000e+00,0.000000000000000000e+00,0.000000000000000000e+00,0.000000000000000000e+00,0.000000000000000000e+00,0.000000000000000000e+00,0.000000000000000000e+00,0.000000000000000000e+00,0.000000000000000000e+00,0.000000000000000000e+00,0.000000000000000000e+00,0.000000000000000000e+00,0.000000000000000000e+00,0.000000000000000000e+00,0.000000000000000000e+00,0.000000000000000000e+00,0.000000000000000000e+00,0.000000000000000000e+00,0.000000000000000000e+00,0.000000000000000000e+00,0.000000000000000000e+00,0.000000000000000000e+00,0.000000000000000000e+00,0.000000000000000000e+00,0.000000000000000000e+00,0.000000000000000000e+00,0.000000000000000000e+00,4.699059521804740155e-04,7.250194713221284936e-04,3.347240225188266929e-03,0.000000000000000000e+00,0.000000000000000000e+00,0.000000000000000000e+00,0.000000000000000000e+00,0.000000000000000000e+00,0.000000000000000000e+00,2.190437814528329002e-04,1.121764573887963981e-03,1.962537154041205448e-03,2.630592508063510707e-03,3.014511791920585632e-03,3.020106470509678360e-03,2.587465512480054651e-03,1.703430988199715551e-03,4.066659740471172796e-04,0.000000000000000000e+00,0.000000000000000000e+00,0.000000000000000000e+00,0.000000000000000000e+00,0.000000000000000000e+00,0.000000000000000000e+00,0.000000000000000000e+00,0.000000000000000000e+00,0.000000000000000000e+00,0.000000000000000000e+00,0.000000000000000000e+00,0.000000000000000000e+00,0.000000000000000000e+00,0.000000000000000000e+00,0.000000000000000000e+00,0.000000000000000000e+00,0.000000000000000000e+00,0.000000000000000000e+00,0.000000000000000000e+00,0.000000000000000000e+00,0.000000000000000000e+00,0.000000000000000000e+00,0.000000000000000000e+00,0.000000000000000000e+00,0.000000000000000000e+00,0.000000000000000000e+00,0.000000000000000000e+00,0.000000000000000000e+00,0.000000000000000000e+00,0.000000000000000000e+00,0.000000000000000000e+00,0.000000000000000000e+00,0.000000000000000000e+00,0.000000000000000000e+00,0.000000000000000000e+00,0.000000000000000000e+00,0.000000000000000000e+00,0.000000000000000000e+00,0.000000000000000000e+00,0.000000000000000000e+00,0.000000000000000000e+00,0.000000000000000000e+00,0.000000000000000000e+00,0.000000000000000000e+00,0.000000000000000000e+00,0.000000000000000000e+00,0.000000000000000000e+00,0.000000000000000000e+00,0.000000000000000000e+00,0.000000000000000000e+00,0.000000000000000000e+00,0.000000000000000000e+00,0.000000000000000000e+00,0.000000000000000000e+00,0.000000000000000000e+00,1.890482163181595213e-04,5.323054620194904354e-04,7.811962384002521824e-04,9.502489550655264473e-04,1.064051004871438425e-03,1.147617967142806677e-03,1.217535513574649880e-03,1.276562144779537500e-03,1.395645784406833586e-03,1.656656781926925176e-03,1.906424175242205392e-03,2.164925253320242222e-03,2.439824697602432577e-03,2.725876431771157363e-03,2.803870478901037289e-03,3.333152521380945178e-03,0.000000000000000000e+00,0.000000000000000000e+00,0.000000000000000000e+00,0.000000000000000000e+00,0.000000000000000000e+00,5.739721502961000278e-05,2.484129411820897764e-04,3.584511534814851445e-04,5.283547960385747691e-04,8.826009683416836255e-04,1.073074205177963628e-03,1.157547021703745444e-03,1.204924323442391372e-03,1.275588051203295102e-03,1.405583484932763179e-03,1.597900163814384338e-03,1.823134740126768159e-03,2.029822718974544967e-03,8.898306568685368685e-04,9.003735854906974763e-04,8.948547535737433854e-04,8.631407339140173204e-04,7.950332224976679706e-04,6.769074245711383673e-04,4.921370519793493402e-04,3.543272334091057208e-04,6.383564233522192460e-04,8.898862483255284318e-04,1.994800511955109514e-03,1.326253312424603009e-03,4.162730964020522166e-03,0.000000000000000000e+00,0.000000000000000000e+00,0.000000000000000000e+00,0.000000000000000000e+00,0.000000000000000000e+00,1.043837136103392162e-03,2.232074409568233185e-03,3.343356027788881892e-03,4.284766017217759085e-03,4.978693686346048752e-03,5.369477501540693629e-03,0.000000000000000000e+00,0.000000000000000000e+00,0.000000000000000000e+00,0.000000000000000000e+00,0.000000000000000000e+00,0.000000000000000000e+00,0.000000000000000000e+00,5.143777537630775604e-04,1.021662987594098302e-03,1.608063125342683568e-03,0.000000000000000000e+00,0.000000000000000000e+00,0.000000000000000000e+00,0.000000000000000000e+00,0.000000000000000000e+00,0.000000000000000000e+00,0.000000000000000000e+00,0.000000000000000000e+00,0.000000000000000000e+00,0.000000000000000000e+00,0.000000000000000000e+00,0.000000000000000000e+00,0.000000000000000000e+00,0.000000000000000000e+00,0.000000000000000000e+00,0.000000000000000000e+00,0.000000000000000000e+00,0.000000000000000000e+00,7.597003552603935118e-05,2.842887485110094127e-03,0.000000000000000000e+00,0.000000000000000000e+00,0.000000000000000000e+00,0.000000000000000000e+00,0.000000000000000000e+00,0.000000000000000000e+00,0.000000000000000000e+00,0.000000000000000000e+00,0.000000000000000000e+00,0.000000000000000000e+00,0.000000000000000000e+00,0.000000000000000000e+00,0.000000000000000000e+00,0.000000000000000000e+00,0.000000000000000000e+00,0.000000000000000000e+00,0.000000000000000000e+00,0.000000000000000000e+00,0.000000000000000000e+00,0.000000000000000000e+00,0.000000000000000000e+00,0.000000000000000000e+00,0.000000000000000000e+00,0.000000000000000000e+00,0.000000000000000000e+00,0.000000000000000000e+00,0.000000000000000000e+00
1.011091277059707998e-07,0.000000000000000000e+00,0.000000000000000000e+00,0.000000000000000000e+00,0.000000000000000000e+00,0.000000000000000000e+00,0.000000000000000000e+00,0.000000000000000000e+00,0.000000000000000000e+00,4.959514458136289692e-04,1.196819693187669599e-03,5.341876981552924619e-04,4.448707661193430289e-04,4.120238966721477959e-04,4.032376713707011410e-04,3.691048432803360584e-04,2.600278759559691323e-04,4.005895833716623068e-05,0.000000000000000000e+00,0.000000000000000000e+00,0.000000000000000000e+00,0.000000000000000000e+00,0.000000000000000000e+00,0.000000000000000000e+00,0.000000000000000000e+00,0.000000000000000000e+00,1.730763782370810895e-03,4.181014265980305747e-03,0.000000000000000000e+00,9.338202357203831058e-03,0.000000000000000000e+00,0.000000000000000000e+00,0.000000000000000000e+00,0.000000000000000000e+00,0.000000000000000000e+00,0.000000000000000000e+00,0.000000000000000000e+00,0.000000000000000000e+00,1.370484488767455267e-04,6.336518949558594700e-04,0.000000000000000000e+00,0.000000000000000000e+00,0.000000000000000000e+00,0.000000000000000000e+00,3.747161347459605459e-05,4.271761406599725789e-04,0.000000000000000000e+00,0.000000000000000000e+00,0.000000000000000000e+00,1.987809680008860956e-03,9.088291474670606935e-04,1.071935074012375644e-05,1.155917737272302032e-03,2.479107304759783307e-03,3.871263437229413486e-03,5.212394199006992711e-03,0.000000000000000000e+00,0.000000000000000000e+00,0.000000000000000000e+00,0.000000000000000000e+00,0.000000000000000000e+00,0.000000000000000000e+00,0.000000000000000000e+00,0.000000000000000000e+00,0.000000000000000000e+00,0.000000000000000000e+00,0.000000000000000000e+00,0.000000000000000000e+00,0.000000000000000000e+00,0.000000000000000000e+00,0.000000000000000000e+00,0.000000000000000000e+00,0.000000000000000000e+00,0.000000000000000000e+00,0.000000000000000000e+00,5.501797608995406732e-04,1.376585303560578632e-03,4.466452585352508747e-03,0.000000000000000000e+00,0.000000000000000000e+00,0.000000000000000000e+00,0.000000000000000000e+00,0.000000000000000000e+00,0.000000000000000000e+00,0.000000000000000000e+00,0.000000000000000000e+00,0.000000000000000000e+00,0.000000000000000000e+00,0.000000000000000000e+00,0.000000000000000000e+00,3.071912201431481297e-04,7.759983704968045340e-04,1.284916134457157093e-03,1.893710438888785829e-03,1.104611830305359498e-02,0.000000000000000000e+00,0.000000000000000000e+00,0.000000000000000000e+00,0.000000000000000000e+00,0.000000000000000000e+00,0.000000000000000000e+00,0.000000000000000000e+00,0.000000000000000000e+00,0.000000000000000000e+00,0.000000000000000000e+00,4.832702026074243133e-05,2.547483089661734326e-03,0.000000000000000000e+00,0.000000000000000000e+00,0.000000000000000000e+00,0.000000000000000000e+00,0.000000000000000000e+00,0.000000000000000000e+00,0.000000000000000000e+00,0.000000000000000000e+00,1.382578069698188765e-04,5.882209047430033647e-04,1.019682417502751392e-03,1.461471687013519635e-03,1.952614896747501645e-03,2.529338375246400258e-03,3.212301459474104035e-03,3.998405337948672533e-03,4.859058328564105911e-03,5.743744167119909337e-03,6.586038143946367635e-03,7.309770775999688275e-03,7.835316614105043015e-03,8.088096419003324572e-03,8.011480712606853377e-03,0.000000000000000000e+00,0.000000000000000000e+00,0.000000000000000000e+00,0.000000000000000000e+00,0.000000000000000000e+00,4.111139105149659470e-04,6.884093319234118940e-04,6.727239842507268903e-04,5.827810666042191994e-04,2.851668704559965077e-04,0.000000000000000000e+00,0.000000000000000000e+00,0.000000000000000000e+00,4.382580920456996933e-04,1.234686958675433989e-03,2.222449229086387486e-03,3.706368465784773414e-03,0.000000000000000000e+00,0.000000000000000000e+00,0.000000000000000000e+00,0.000000000000000000e+00,0.000000000000000000e+00,0.000000000000000000e+00,0.000000000000000000e+00,0.000000000000000000e+00,0.000000000000000000e+00,0.000000000000000000e+00,0.000000000000000000e+00,0.000000000000000000e+00,0.000000000000000000e+00,0.000000000000000000e+00,0.000000000000000000e+00,5.777953421085331052e-04,1.133352620976714941e-03,1.638779087863256748e-03,2.079619636773203176e-03,2.444406466164807806e-03,2.719212586545176509e-03,2.884386765170207645e-03,2.916123003858714195e-03,2.792731800188907876e-03,2.502902522435416100e-03,2.052315512122961094e-03,1.465930718031511256e-03,7.854728897614397147e-04,6.363614084756374033e-05,0.000000000000000000e+00,0.000000000000000000e+00,0.000000000000000000e+00,0.000000000000000000e+00,0.000000000000000000e+00,0.000000000000000000e+00,0.000000000000000000e+00,0.000000000000000000e+00,0.000000000000000000e+00,2.385008392058453016e-04,1.138386075836089924e-03,1.988742488870170414e-03,2.694115904171051797e-03,3.175032344022944621e-03,3.383021298787725409e-03,3.310390130893838597e-03,2.991492695532723973e-03,2.494484018596623311e-03,1.905348944326398395e-03,1.308402066220155403e-03,7.685335304099155966e-04,3.198979343346573627e-04,2.962052460889418276e-04,1.478831272616659394e-03,2.708695241624748534e-03,3.847978618866673781e-03,4.762612842894585127e-03,5.347866215470667081e-03,5.546829660633810326e-03,5.357550674871900537e-03,4.827981549607313939e-03,4.041324448814857459e-03,3.096586829054392542e-03,2.089567022360317664e-03,1.098298682911291908e-03,8.957714251924391588e-04,8.697140082098202491e-04,8.418044675650801110e-04,8.137456369871607677e-04,7.870332531449776613e-04,4.030206122134840155e-03,4.467603153827320677e-04,1.251956662880436013e-04,0.000000000000000000e+00,0.000000000000000000e+00,0.000000000000000000e+00,0.000000000000000000e+00,0.000000000000000000e+00,0.000000000000000000e+00,4.728932440875405446e-04,0.000000000000000000e+00,0.000000000000000000e+00,5.091281033600954069e-03,0.000000000000000000e+00,7.224957862374598765e-04,1.050150043812305692e-03,0.000000000000000000e+00,0.000000000000000000e+00,0.000000000000000000e+00,0.000000000000000000e+00,1.788939051769426335e-05,0.000000000000000000e+00,0.000000000000000000e+00,0.000000000000000000e+00,0.000000000000000000e+00,0.000000000000000000e+00,0.000000000000000000e+00,0.000000000000000000e+00,0.000000000000000000e+00,0.000000000000000000e+00,0.000000000000000000e+00,4.685550964950264898e-04,0.000000000000000000e+00,0.000000000000000000e+00,0.000000000000000000e+00,0.000000000000000000e+00,0.000000000000000000e+00,0.000000000000000000e+00,0.000000000000000000e+00,0.000000000000000000e+00,0.000000000000000000e+00,0.000000000000000000e+00,0.000000000000000000e+00,0.000000000000000000e+00,0.000000000000000000e+00,2.313537530061332125e-03,5.686267143212037772e-04,1.244165505086593845e-03,0.000000000000000000e+00,0.000000000000000000e+00,0.000000000000000000e+00,0.000000000000000000e+00,0.000000000000000000e+00,0.000000000000000000e+00,0.000000000000000000e+00,0.000000000000000000e+00,0.000000000000000000e+00,1.435621246227268598e-03,3.370158397839431372e-03,5.063628340883642200e-03,0.000000000000000000e+00,0.000000000000000000e+00,0.000000000000000000e+00,0.000000000000000000e+00,0.000000000000000000e+00,0.000000000000000000e+00,0.000000000000000000e+00,0.000000000000000000e+00,0.000000000000000000e+00,0.000000000000000000e+00,0.000000000000000000e+00,3.046635484798831516e-03,6.704059982959704143e-04,0.000000000000000000e+00,7.011855044035406395e-04,0.000000000000000000e+00,0.000000000000000000e+00,0.000000000000000000e+00,0.000000000000000000e+00,0.000000000000000000e+00,1.311322858760787056e-03,0.000000000000000000e+00,0.000000000000000000e+00,4.273216829057431684e-04,8.877374942108790228e-04,1.234853305012245661e-03,1.457462137330014411e-03,1.551124537325960281e-03,1.514459357093512430e-03,1.350016571643708387e-03,1.069027354158734846e-03,6.966416133366742144e-04,2.732797386274884066e-04,0.000000000000000000e+00,0.000000000000000000e+00,0.000000000000000000e+00,0.000000000000000000e+00,0.000000000000000000e+00,0.000000000000000000e+00,0.000000000000000000e+00,3.860079809725729810e-04,8.567489363300317962e-04,1.283062375038555945e-03,1.625567667921700658e-03,1.842634115536681246e-03,1.891437401302326808e-03,1.732211176749065681e-03,1.336425330950368482e-03,6.978079520593181507e-04,0.000000000000000000e+00,0.000000000000000000e+00,0.000000000000000000e+00,0.000000000000000000e+00,0.000000000000000000e+00,0.000000000000000000e+00,0.000000000000000000e+00,0.000000000000000000e+00,0.000000000000000000e+00,0.000000000000000000e+00,0.000000000000000000e+00,0.000000000000000000e+00,0.000000000000000000e+00,0.000000000000000000e+00,0.000000000000000000e+00,0.000000000000000000e+00,0.000000000000000000e+00,0.000000000000000000e+00,1.087259638488565085e-04,3.066106417883230815e-04,6.028214964935165680e-04,9.825971330259526508e-04,1.400171260002336252e-03,0.000000000000000000e+00,0.000000000000000000e+00,0.000000000000000000e+00,0.000000000000000000e+00,0.000000000000000000e+00,0.000000000000000000e+00,2.699449670549373004e-03,0.000000000000000000e+00,1.510906833646053458e-04,8.276401412525188342e-04,1.539284160198294655e-03,1.972568261333230728e-03,2.121472643216479759e-03,2.014745344490865599e-03,1.710312189304736023e-03,1.283207091254513028e-03,8.110701070994147301e-04,3.619797136079871123e-04,0.000000000000000000e+00,0.000000000000000000e+00,0.000000000000000000e+00,0.000000000000000000e+00,0.000000000000000000e+00,8.490470852479530288e-04,1.837750076242809349e-03,2.654414650298461253e-03,3.205166876272863476e-03,3.421185737434616174e-03,3.272966580970900277e-03,2.779728301098059219e-03,2.686172765146853988e-03,3.088775780483649699e-03,3.566698064511156490e-03,4.132872427227619709e-03,4.770051069849843769e-03,5.430172960222452369e-03,6.043026047750312338e-03,6.531249981696312171e-03,6.827010114365003254e-03,6.885790767458147520e-03,6.694276308796445751e-03,6.271431281746031074e-03,5.663727455230502077e-03,4.936546954597088865e-03,4.164072090028719288e-03,3.419735320643770352e-03,2.768849211655008066e-03,2.264425128504941095e-03,1.946447163315201444e-03,1.843833037920985162e-03,1.977306047832307848e-03,2.360827013809907882e-03
1.150538542127803596e-07,4.075797849462168936e-05,1.582204466925772818e-04,3.378369656258488622e-04,3.711788466744503877e-03,0.000000000000000000e+00,1.987678915596965764e-05,5.741999270135919158e-05,1.061107004580750726e-04,1.660366232671329394e-04,2.370815255021530119e-04,3.189268347831916033e-04,4.110517542761462674e-04,5.127414559876619518e-04,6.230969357139123444e-04,7.410479415072549663e-04,8.653675001497313337e-04,9.946931620890429784e-04,1.127547726815082306e-03,1.262363991509581540e-03,1.397512419507855597e-03,1.531328783145981210e-03,2.310671113356491113e-03,0.000000000000000000e+00,4.895238856676240469e-04,9.748001428627593333e-04,1.340293328290142246e-03,1.590233264960368023e-03,1.740744819608369253e-03,1.817793569901316082e-03,1.853123801329279114e-03,1.879226446061670140e-03,1.924798756478030091e-03,2.011684997236820593e-03,2.153294506862408423e-03,2.353507954237142770e-03,2.605055032373848178e-03,2.887457513532382808e-03,3.166204344546359479e-03,3.395692634396495907e-03,3.527526441915946123e-03,3.523135905390922546e-03,3.366672280952824180e-03,3.072586439822375549e-03,2.683585062671181229e-03,2.258488895722860369e-03,1.854169486714213116e-03,1.508790983316570401e-03,1.233317614199071210e-03,1.014685450714822431e-03,8.288237499003436610e-04,6.574414034602921219e-04,5.011356635455710201e-04,3.834553059190847629e-04,3.448157867069533773e-04,4.294411246786395612e-04,6.708185688718837358e-04,1.080767043694351795e-03,1.644853397680745479e-03,2.324070847246389494e-03,3.060855916531842087e-03,3.787131533152997883e-03,4.432714754119235732e-03,4.933208030102845254e-03,5.236848057313105327e-03,5.309721761746600578e-03,5.138708676784623647e-03,4.731842944942105458e-03,4.116452823047479607e-03,3.336011489747117698e-03,2.446674220247849717e-03,1.513921039157063980e-03,7.045945055449139927e-04,8.265929131669061489e-04,9.494589390744446458e-04,2.646927510719319573e-03,0.000000000000000000e+00,0.000000000000000000e+00,0.000000000000000000e+00,0.000000000000000000e+00,0.000000000000000000e+00,0.000000000000000000e+00,0.000000000000000000e+00,0.000000000000000000e+00,0.000000000000000000e+00,0.000000000000000000e+00,0.000000000000000000e+00,0.000000000000000000e+00,0.000000000000000000e+00,0.000000000000000000e+00,0.000000000000000000e+00,0.000000000000000000e+00,0.000000000000000000e+00,0.000000000000000000e+00,0.000000000000000000e+00,0.000000000000000000e+00,0.000000000000000000e+00,0.000000000000000000e+00,0.000000000000000000e+00,0.000000000000000000e+00,0.000000000000000000e+00,0.000000000000000000e+00,0.000000000000000000e+00,0.000000000000000000e+00,4.333250058606005544e-04,1.183883633696056073e-03,0.000000000000000000e+00,1.083078681992149725e-04,7.870382347774532248e-04,1.419821954617955795e-03,1.967377444255947322e-03,2.404775670291639522e-03,2.719961281119276635e-03,2.909662240316700059e-03,2.975676738707637610e-03,2.923574796932754561e-03,2.981814677944403472e-03,3.495274334958763454e-03,3.742366599897020089e-03,3.736898350345445145e-03,3.522450532994936701e-03,3.155978514167866959e-03,2.692095447293374466e-03,2.173258000629409246e-03,1.628303207654360069e-03,1.078069384622074066e-03,7.542159197009522514e-04,8.223369422552253508e-04,9.082815277392700766e-04,9.919004992209898373e-04,1.054854611401678886e-03,1.084162624203599025e-03,1.074983675919709584e-03,1.031010092806977554e-03,9.619130226473916702e-04,9.138689779680629491e-04,1.020104499153103158e-03,4.116859378108441857e-04,5.774827517697065293e-04,7.201808259941010855e-04,8.268573406944562231e-04,8.775364409473964842e-04,8.494381834162302233e-04,7.255360099349382214e-04,5.043999738683804628e-04,2.071473974798543696e-04,0.000000000000000000e+00,0.000000000000000000e+00,0.000000000000000000e+00,0.000000000000000000e+00,0.000000000000000000e+00,0.000000000000000000e+00,7.009112810217905530e-05,1.156740587300764079e-03,0.000000000000000000e+00,0.000000000000000000e+00,4.821697520017706527e-04,1.014661952678592733e-03,1.251323153879209654e-03,1.642072162343938485e-03,2.009795216858465631e-03,2.340666967762183252e-03,0.000000000000000000e+00,0.000000000000000000e+00,3.330955254608692419e-05,8.198036164018814931e-04,1.539387359790934159e-03,2.188531362577340184e-03,2.804607361507915810e-03,3.450440098436393082e-03,4.188075546814053543e-03,5.051919813480810692e-03,6.031884559162407726e-03,0.000000000000000000e+00,0.000000000000000000e+00,0.000000000000000000e+00,0.000000000000000000e+00,0.000000000000000000e+00,0.000000000000000000e+00,0.000000000000000000e+00,0.000000000000000000e+00,0.000000000000000000e+00,0.000000000000000000e+00,0.000000000000000000e+00,0.000000000000000000e+00,0.000000000000000000e+00,0.000000000000000000e+00,0.000000000000000000e+00,0.000000000000000000e+00,0.000000000000000000e+00,2.434697902783289954e-03,0.000000000000000000e+00,0.000000000000000000e+00,4.698228354520118271e-04,0.000000000000000000e+00,0.000000000000000000e+00,0.000000000000000000e+00,0.000000000000000000e+00,0.000000000000000000e+00,0.000000000000000000e+00,0.000000000000000000e+00,0.000000000000000000e+00,0.000000000000000000e+00,0.000000000000000000e+00,0.000000000000000000e+00,0.000000000000000000e+00,4.235662849980027805e-05,2.689509325560502360e-04,7.734986669552721111e-04,1.709264858922901172e-03,2.637129190865381435e-03,3.509233490963149966e-03,4.267360770373561374e-03,4.853884133546370293e-03,3.786230386830224341e-03,3.283884519677917821e-03,2.605523319640980565e-03,1.834426810335084736e-03,1.065631488279794896e-03,3.886452801015804559e-04,0.000000000000000000e+00,0.000000000000000000e+00,0.000000000000000000e+00,1.486878345033949833e-04,6.350500217990679352e-04,1.117225875591635557e-03,1.581962796448144106e-03,1.271841632619330085e-03,1.285280746459208871e-03,1.290010299109726642e-03,1.306275669725030179e-03,1.355196043302316728e-03,1.459473319883626509e-03,0.000000000000000000e+00,0.000000000000000000e+00,0.000000000000000000e+00,0.000000000000000000e+00,0.000000000000000000e+00,0.000000000000000000e+00,0.000000000000000000e+00,0.000000000000000000e+00,0.000000000000000000e+00,0.000000000000000000e+00,0.000000000000000000e+00,0.000000000000000000e+00,0.000000000000000000e+00,0.000000000000000000e+00,0.000000000000000000e+00,7.744656308553894719e-05,1.039853008936055109e-03,7.267549174761865453e-03,0.000000000000000000e+00,0.000000000000000000e+00,0.000000000000000000e+00,0.000000000000000000e+00,0.000000000000000000e+00,0.000000000000000000e+00,0.000000000000000000e+00,0.000000000000000000e+00,0.000000000000000000e+00,4.242165847468677806e-04,1.649994144568622378e-03,2.615409336392426898e-03,3.290499459062683815e-03,3.665341635396486206e-03,3.744341092541436308e-03,3.540802942446248658e-03,3.074836417882105717e-03,2.376578404692905339e-03,1.493788764916159075e-03,4.994851717509844529e-04,0.000000000000000000e+00,0.000000000000000000e+00,0.000000000000000000e+00,0.000000000000000000e+00,0.000000000000000000e+00,0.000000000000000000e+00,0.000000000000000000e+00,0.000000000000000000e+00,0.000000000000000000e+00,6.777057591177953338e-04,1.247899586457388525e-03,1.646116981279773786e-03,1.881447715139681915e-03,1.997245323581548198e-03,2.059653135396779990e-03,2.142312416416286818e-03,2.308721572047809419e-03,0.000000000000000000e+00,0.000000000000000000e+00,0.000000000000000000e+00,0.000000000000000000e+00,0.000000000000000000e+00,0.000000000000000000e+00,0.000000000000000000e+00,0.000000000000000000e+00,0.000000000000000000e+00,0.000000000000000000e+00,0.000000000000000000e+00,0.000000000000000000e+00,0.000000000000000000e+00,0.000000000000000000e+00,0.000000000000000000e+00,0.000000000000000000e+00,0.000000000000000000e+00,0.000000000000000000e+00,0.000000000000000000e+00,0.000000000000000000e+00,0.000000000000000000e+00,0.000000000000000000e+00,0.000000000000000000e+00,0.000000000000000000e+00,0.000000000000000000e+00,0.000000000000000000e+00,0.000000000000000000e+00,0.000000000000000000e+00,0.000000000000000000e+00,0.000000000000000000e+00,0.000000000000000000e+00,0.000000000000000000e+00,0.000000000000000000e+00,2.423818520248871490e-04,1.450993905972605561e-03,2.209166003827682783e-03,3.104660249671644008e-03,0.000000000000000000e+00,0.000000000000000000e+00,0.000000000000000000e+00,0.000000000000000000e+00,0.000000000000000000e+00,0.000000000000000000e+00,0.000000000000000000e+00,8.961452245513567904e-06,7.238264959237498790e-04,1.313557054355004357e-03,1.722620617270087051e-03,1.927255061133744882e-03,1.938237067732268134e-03,1.796297794197955749e-03,1.562371160555584134e-03,1.305561348372539805e-03,1.091225641322234388e-03,9.705921187897649646e-04,9.727088556216117272e-04,1.099592564859012359e-03,1.339455407835176250e-03,7.096570050097440697e-04,1.255691827849607627e-03,1.651564536025758832e-03,1.909300148515761814e-03,2.044793711579946053e-03,2.071801493180383102e-03,1.999968310156083947e-03,1.836337433538465062e-03,1.588282947160309924e-03,1.265648899996852728e-03,8.809792734148514650e-04,4.482696589378305698e-04,0.000000000000000000e+00,0.000000000000000000e+00,2.563326600888218842e-05,3.284259386184307824e-04,6.558798667692720789e-04,3.150631288665301823e-03,0.000000000000000000e+00,0.000000000000000000e+00,0.000000000000000000e+00,0.000000000000000000e+00,0.000000000000000000e+00,0.000000000000000000e+00,0.000000000000000000e+00,0.000000000000000000e+00,0.000000000000000000e+00,0.000000000000000000e+00,0.000000000000000000e+00,9.209479617546914338e-05,2.642867995347361306e-04,3.768211321089255271e-04,4.316599339711708915e-04,4.396161879767417438e-04,4.202762075020447072e-04,4.004539598630328569e-04,4.105102839665479737e-04,4.785675814687099876e-04,6.236411552168262366e-04,8.495177629613844374e-04,1.141372183546366346e-03,1.466553810240614833e-03,1.779810795851975193e-03,2.031855883164129881e-03,2.179132934493097345e-03,2.192280527059737878e-03,2.061263174330065385e-03,1.796304585567209608e-03,1.425034731957337993e-03,9.871874660973879462e-04,5.283960342393563461e-04,9.422567366113560982e-05,0.000000000000000000e+00,0.000000000000000000e+00
1.085129403518815748e-08,1.399702833360137798e-04,9.588400423526433937e-05,1.374753563745721534e-04,1.748871103742452332e-04,2.080473189448687208e-04,2.367733441208502959e-04,2.607718849338280125e-04,2.796413012420775760e-04,2.928823843046593901e-04,2.999139600522906634e-04,3.000882269854912793e-04,2.927206665167901133e-04,2.771137737832708031e-04,2.525913832215328299e-04,2.185323442895347758e-04,1.744071781167151559e-04,1.198125807640267650e-04,5.450815037885139384e-05,0.000000000000000000e+00,0.000000000000000000e+00,0.000000000000000000e+00,0.000000000000000000e+00,0.000000000000000000e+00,0.000000000000000000e+00,0.000000000000000000e+00,0.000000000000000000e+00,0.000000000000000000e+00,1.070288290213340734e-05,7.347095692017472073e-04,1.187650357730516597e-03,1.290588391751828524e-03,1.014613328934272545e-03,3.887631385234702869e-04,0.000000000000000000e+00,0.000000000000000000e+00,0.000000000000000000e+00,0.000000000000000000e+00,0.000000000000000000e+00,0.000000000000000000e+00,0.000000000000000000e+00,7.995023598406157499e-05,1.221402808848461908e-04,1.282475508085552949e-04,1.657067265160151563e-04,2.792750216242363085e-04,4.792462373683375630e-04,7.379887489686933486e-04,9.964070621492338280e-04,1.179155415778307490e-03,2.274186307230626446e-03,0.000000000000000000e+00,0.000000000000000000e+00,8.833495563939628738e-04,5.748663564678243828e-04,0.000000000000000000e+00,5.904275661073656869e-05,0.000000000000000000e+00,1.368363119111165637e-03,0.000000000000000000e+00,0.000000000000000000e+00,0.000000000000000000e+00,0.000000000000000000e+00,0.000000000000000000e+00,0.000000000000000000e+00,0.000000000000000000e+00,0.000000000000000000e+00,0.000000000000000000e+00,0.000000000000000000e+00,0.000000000000000000e+00,0.000000000000000000e+00,0.000000000000000000e+00,0.000000000000000000e+00,0.000000000000000000e+00,0.000000000000000000e+00,0.000000000000000000e+00,0.000000000000000000e+00,0.000000000000000000e+00,0.000000000000000000e+00,0.000000000000000000e+00,0.000000000000000000e+00,0.000000000000000000e+00,0.000000000000000000e+00,0.000000000000000000e+00,0.000000000000000000e+00,4.134666061433111368e-04,1.178206300634045004e-03,1.953912737781917514e-03,2.675062731067017439e-03,3.273132614886670871e-03,0.000000000000000000e+00,0.000000000000000000e+00,0.000000000000000000e+00,0.000000000000000000e+00,0.000000000000000000e+00,0.000000000000000000e+00,0.000000000000000000e+00,0.000000000000000000e+00,0.000000000000000000e+00,0.000000000000000000e+00,0.000000000000000000e+00,0.000000000000000000e+00,0.000000000000000000e+00,0.000000000000000000e+00,0.000000000000000000e+00,0.000000000000000000e+00,0.000000000000000000e+00,0.000000000000000000e+00,0.000000000000000000e+00,0.000000000000000000e+00,0.000000000000000000e+00,1.328909036479233451e-04,3.023848089266449580e-04,5.298795650746939865e-04,8.203458672921681979e-04,1.156593279117903083e-03,0.000000000000000000e+00,0.000000000000000000e+00,0.000000000000000000e+00,0.000000000000000000e+00,0.000000000000000000e+00,0.000000000000000000e+00,3.337663439635312574e-04,8.341797474136807477e-04,1.290790566638808133e-03,1.702549777359754291e-03,2.067476162108759525e-03,2.376732110121669485e-03,2.611050802862976365e-03,2.741630733308578032e-03,2.736007293838645191e-03,2.567621290042908060e-03,2.226465298468719746e-03,1.727718657234407137e-03,1.115758099130078826e-03,4.620497807443041350e-04,0.000000000000000000e+00,0.000000000000000000e+00,0.000000000000000000e+00,1.826665710162641822e-05,4.275550679023670196e-05,2.279341920449619947e-04,1.074024880252962997e-03,2.010536015892415689e-03,2.903898721350225889e-03,3.622755028960120832e-03,4.061710810822498179e-03,4.160687445503211297e-03,3.914921529688876987e-03,3.372718978351556696e-03,2.621292463642402575e-03,1.764459253765820112e-03,8.984782066333656635e-04,1.593339774322711079e-04,3.183172459788155312e-04,2.949160610531862629e-04,1.543624828596746993e-04,1.506813714523767269e-04,1.461768017106910027e-04,1.410475612766228285e-04,1.355600832715177836e-04,1.300516520032031693e-04,1.249277562321227044e-04,1.206596545612873044e-04,1.177746367190863784e-04,1.168461825360587227e-04,1.184779522520062355e-04,1.232871670549190522e-04,1.318856826392106362e-04,1.448594192888132267e-04,1.627467753871548637e-04,1.860196054522690449e-04,2.150623741943393820e-04,2.501540770904043089e-04,2.914559325536168820e-04,3.389961596974833645e-04,3.926660935105146097e-04,4.522145506425418078e-04,5.172515891507674900e-04,7.030536130176985934e-04,8.498142708446232646e-04,8.763436956437905320e-04,8.201099028302776244e-04,3.551078974273087167e-03,9.939659434294995360e-04,0.000000000000000000e+00,0.000000000000000000e+00,0.000000000000000000e+00,8.663538426499708684e-05,5.456079239068129623e-04,8.990265934186350127e-04,1.146106710512059595e-03,1.287156312711980463e-03,1.326113924216398583e-03,1.273290642690944790e-03,1.146714575079215868e-03,9.713188301743528588e-04,7.761327239833059385e-04,5.901109877114642938e-04,4.373968420486729200e-04,3.328704714537708553e-04,2.789486219608094605e-04,2.646416309116319415e-04,2.674700044188931610e-04,6.355905059449066348e-04,1.246685771150367501e-03,1.889906086349375141e-03,2.513556477515889800e-03,3.052870137802237132e-03,3.441940936470984196e-03,3.628446903221660674e-03,3.586848029404195344e-03,3.325937290184505495e-03,2.888408119237476958e-03,2.342724558508450013e-03,1.769912236438170262e-03,1.249105139392176541e-03,8.454003911405667164e-04,6.022323871818298542e-04,5.386017094095296980e-04,6.499070811061682463e-04,9.843548285887056791e-04,1.594165941067316340e-03,2.170988796410142693e-03,2.701361415153999065e-03,3.174800895633953911e-03,3.585513916536175755e-03,3.937997194894313734e-03,4.253830148843331868e-03,4.574561486130537293e-03,4.955762542361352718e-03,5.450644139429099491e-03,6.086889727924642279e-03,6.844950488687275361e-03,7.647414718310979222e-03,8.366131727079189132e-03,1.160384612081371940e-02,0.000000000000000000e+00,0.000000000000000000e+00,0.000000000000000000e+00,0.000000000000000000e+00,0.000000000000000000e+00,0.000000000000000000e+00,2.151438614626898351e-04,4.185468435041795471e-03,2.437400182271621564e-03,0.000000000000000000e+00,0.000000000000000000e+00,0.000000000000000000e+00,0.000000000000000000e+00,0.000000000000000000e+00,0.000000000000000000e+00,0.000000000000000000e+00,0.000000000000000000e+00,0.000000000000000000e+00,4.876935607589293433e-04,4.878554785750990755e-04,0.000000000000000000e+00,0.000000000000000000e+00,0.000000000000000000e+00,0.000000000000000000e+00,0.000000000000000000e+00,0.000000000000000000e+00,0.000000000000000000e+00,0.000000000000000000e+00,0.000000000000000000e+00,0.000000000000000000e+00,0.000000000000000000e+00,0.000000000000000000e+00,0.000000000000000000e+00,0.000000000000000000e+00,0.000000000000000000e+00,0.000000000000000000e+00,0.000000000000000000e+00,0.000000000000000000e+00,0.000000000000000000e+00,0.000000000000000000e+00,0.000000000000000000e+00,0.000000000000000000e+00,0.000000000000000000e+00,0.000000000000000000e+00,0.000000000000000000e+00,0.000000000000000000e+00,0.000000000000000000e+00,0.000000000000000000e+00,0.000000000000000000e+00,0.000000000000000000e+00,2.276232466397389183e-04,1.524028430675175398e-03,0.000000000000000000e+00,0.000000000000000000e+00,0.000000000000000000e+00,0.000000000000000000e+00,0.000000000000000000e+00,0.000000000000000000e+00,0.000000000000000000e+00,0.000000000000000000e+00,0.000000000000000000e+00,0.000000000000000000e+00,0.000000000000000000e+00,0.000000000000000000e+00,0.000000000000000000e+00,0.000000000000000000e+00,6.187449270710822387e-05,3.115007390259382468e-04,4.635552136038350755e-04,4.823959694171693602e-04,3.408958581529104620e-04,2.416074029631467638e-05,0.000000000000000000e+00,0.000000000000000000e+00,0.000000000000000000e+00,0.000000000000000000e+00,0.000000000000000000e+00,0.000000000000000000e+00,0.000000000000000000e+00,0.000000000000000000e+00,0.000000000000000000e+00,0.000000000000000000e+00,0.000000000000000000e+00,0.000000000000000000e+00,0.000000000000000000e+00,0.000000000000000000e+00,0.000000000000000000e+00,0.000000000000000000e+00,0.000000000000000000e+00,0.000000000000000000e+00,0.000000000000000000e+00,0.000000000000000000e+00,5.458044919855468058e-04,1.241627885888158108e-03,1.809384467677301435e-03,2.169667467085784236e-03,2.258313611977157392e-03,2.036285130806138148e-03,1.497748740192307105e-03,6.743565203391804676e-04,0.000000000000000000e+00,0.000000000000000000e+00,0.000000000000000000e+00,5.581690864952343302e-04,1.367508543188747589e-03,1.952968861891280156e-03,2.240560947368698628e-03,2.184156257348918682e-03,1.779590088436640771e-03,1.069019021585394759e-03,1.345563626175919362e-04,0.000000000000000000e+00,0.000000000000000000e+00,2.267626242582427361e-05,3.971786700692008068e-05,4.679690438111835813e-05,4.288397377758915185e-05,2.720162217186431391e-05,0.000000000000000000e+00,0.000000000000000000e+00,0.000000000000000000e+00,0.000000000000000000e+00,0.000000000000000000e+00,0.000000000000000000e+00,0.000000000000000000e+00,5.910637612559354204e-04,1.266701403700473292e-03,1.852697881948137939e-03,2.292979850824599687e-03,2.519826503448978870e-03,2.466867953942037100e-03,2.086834382866711510e-03,1.369086421614400988e-03,3.513984968899887891e-04,0.000000000000000000e+00,0.000000000000000000e+00,0.000000000000000000e+00,0.000000000000000000e+00,0.000000000000000000e+00,0.000000000000000000e+00,0.000000000000000000e+00,0.000000000000000000e+00,0.000000000000000000e+00,1.900669668541899371e-04,5.439331998171891870e-04,8.026372381401471754e-04,1.478596169046458028e-03,2.525237609026303835e-03,3.321680451093616052e-03,3.880401492598171357e-03,4.257972873675741621e-03,4.533522373734093051e-03,4.782556447025103873e-03,5.055116642578228597e-03,5.365116094341428402e-03,5.692827746705820570e-03,5.997324760589294729e-03,6.232564704378279127e-03,6.360894845207655350e-03,6.360335955807833869e-03,6.225428254669504100e-03,5.963853339428355944e-03,5.591624492372458677e-03
0.000000000000000000e+00,3.734101448101231121e-04,5.611332725124441520e-04,5.642676618262841212e-04,3.996463365901151837e-04,9.477785304918026176e-05,0.000000000000000000e+00,0.000000000000000000e+00,0.000000000000000000e+00,0.000000000000000000e+00,0.000000000000000000e+00,0.000000000000000000e+00,0.000000000000000000e+00,0.000000000000000000e+00,0.000000000000000000e+00,0.000000000000000000e+00,0.000000000000000000e+00,0.000000000000000000e+00,0.000000000000000000e+00,0.000000000000000000e+00,0.000000000000000000e+00,0.000000000000000000e+00,0.000000000000000000e+00,6.212524108376677942e-04,1.395144376850075739e-03,8.792564518323831664e-04,1.161852903623432917e-03,1.634551734956988427e-03,0.000000000000000000e+00,0.000000000000000000e+00,0.000000000000000000e+00,0.000000000000000000e+00,0.000000000000000000e+00,0.000000000000000000e+00,0.000000000000000000e+00,0.000000000000000000e+00,0.000000000000000000e+00,6.641694144880558738e-05,6.595480641897217156e-04,1.210460714002249260e-03,1.695794457106071561e-03,2.099586526864385093e-03,2.415005341116745544e-03,2.641951528878295780e-03,2.781992065158312832e-03,2.833899538970969818e-03,2.987640656994245206e-03,3.209710051182160240e-03,3.333950521472896569e-03,3.328330886934849787e-03,3.169311911297111733e-03,2.851779409585747729e-03,2.395443809184459160e-03,1.843554512565919248e-03,1.253254968536094945e-03,7.874129041696412059e-04,9.761683075216667912e-04,1.307654610861574323e-03,1.764195010200775423e-03,2.316117413664760347e-03,2.920111093000479253e-03,3.518139475245329190e-03,4.039025995454874687e-03,4.404273190971931193e-03,6.038175765430310073e-03,0.000000000000000000e+00,0.000000000000000000e+00,0.000000000000000000e+00,1.249404841829321062e-03,3.111335499629669463e-03,0.000000000000000000e+00,0.000000000000000000e+00,0.000000000000000000e+00,0.000000000000000000e+00,0.000000000000000000e+00,0.000000000000000000e+00,0.000000000000000000e+00,0.000000000000000000e+00,0.000000000000000000e+00,0.000000000000000000e+00,0.000000000000000000e+00,0.000000000000000000e+00,0.000000000000000000e+00,0.000000000000000000e+00,0.000000000000000000e+00,0.000000000000000000e+00,0.000000000000000000e+00,0.000000000000000000e+00,0.000000000000000000e+00,0.000000000000000000e+00,1.207969399972065648e-04,3.825623715711628636e-04,0.000000000000000000e+00,0.000000000000000000e+00,0.000000000000000000e+00,0.000000000000000000e+00,0.000000000000000000e+00,0.000000000000000000e+00,0.000000000000000000e+00,0.000000000000000000e+00,0.000000000000000000e+00,0.000000000000000000e+00,0.000000000000000000e+00,0.000000000000000000e+00,0.000000000000000000e+00,0.000000000000000000e+00,0.000000000000000000e+00,0.000000000000000000e+00,0.000000000000000000e+00,0.000000000000000000e+00,2.561088181092319085e-03,3.528514897757052899e-04,0.000000000000000000e+00,8.834049151169488670e-04,7.953565192651981071e-04,1.467412677025101315e-03,2.015885784191997609e-03,4.549587931670425606e-03,2.745186668897723389e-03,2.940744104989038640e-03,3.038759213630981646e-03,3.057102397102549971e-03,0.000000000000000000e+00,0.000000000000000000e+00,0.000000000000000000e+00,0.000000000000000000e+00,0.000000000000000000e+00,0.000000000000000000e+00,0.000000000000000000e+00,0.000000000000000000e+00,0.000000000000000000e+00,0.000000000000000000e+00,0.000000000000000000e+00,0.000000000000000000e+00,0.000000000000000000e+00,0.000000000000000000e+00,0.000000000000000000e+00,0.000000000000000000e+00,0.000000000000000000e+00,0.000000000000000000e+00,0.000000000000000000e+00,0.000000000000000000e+00,0.000000000000000000e+00,0.000000000000000000e+00,0.000000000000000000e+00,2.049252021406455381e-04,9.238983420611206763e-04,1.212659328983081925e-03,1.661387249590250224e-03,0.000000000000000000e+00,0.000000000000000000e+00,0.000000000000000000e+00,0.000000000000000000e+00,0.000000000000000000e+00,0.000000000000000000e+00,0.000000000000000000e+00,0.000000000000000000e+00,0.000000000000000000e+00,0.000000000000000000e+00,0.000000000000000000e+00,0.000000000000000000e+00,0.000000000000000000e+00,0.000000000000000000e+00,0.000000000000000000e+00,0.000000000000000000e+00,0.000000000000000000e+00,0.000000000000000000e+00,0.000000000000000000e+00,0.000000000000000000e+00,0.000000000000000000e+00,0.000000000000000000e+00,0.000000000000000000e+00,0.000000000000000000e+00,0.000000000000000000e+00,0.000000000000000000e+00,0.000000000000000000e+00,0.000000000000000000e+00,0.000000000000000000e+00,0.000000000000000000e+00,0.000000000000000000e+00,0.000000000000000000e+00,1.281113429450072519e-04,3.234374358874339897e-04,5.059961399692306351e-04,6.744195924604104789e-04,8.276990823414323833e-04,9.651785074509955245e-04,1.086538489105413246e-03,1.348004157029759941e-03,1.877070897555496286e-03,1.383788337985803352e-03,1.792785886600302588e-03,2.306264442885069474e-03,2.901583556009701501e-03,3.540819364055534588e-03,4.179261867692250602e-03,4.773419482737021463e-03,0.000000000000000000e+00,0.000000000000000000e+00,0.000000000000000000e+00,0.000000000000000000e+00,0.000000000000000000e+00,0.000000000000000000e+00,0.000000000000000000e+00,0.000000000000000000e+00,0.000000000000000000e+00,0.000000000000000000e+00,4.975383002306739730e-05,3.347241309835164076e-04,4.127980126166021268e-04,8.595870830367666800e-04,1.471490689285118126e-03,1.780001991657328107e-03,1.779029161076458926e-03,1.504442432021715209e-03,1.024658606977361941e-03,4.249219878680905314e-04,0.000000000000000000e+00,0.000000000000000000e+00,0.000000000000000000e+00,0.000000000000000000e+00,0.000000000000000000e+00,0.000000000000000000e+00,0.000000000000000000e+00,0.000000000000000000e+00,0.000000000000000000e+00,0.000000000000000000e+00,0.000000000000000000e+00,0.000000000000000000e+00,0.000000000000000000e+00,0.000000000000000000e+00,0.000000000000000000e+00,0.000000000000000000e+00,0.000000000000000000e+00,0.000000000000000000e+00,0.000000000000000000e+00,2.836521521374717430e-04,5.374731290722528946e-04,7.165687765598953820e-04,8.577826488762851356e-04,9.977883407140922430e-04,1.165337610450900129e-03,1.689011732605341870e-03,2.131502087045528734e-03,2.447120015787706323e-03,2.666505961984419210e-03,0.000000000000000000e+00,0.000000000000000000e+00,0.000000000000000000e+00,0.000000000000000000e+00,0.000000000000000000e+00,0.000000000000000000e+00,0.000000000000000000e+00,0.000000000000000000e+00,0.000000000000000000e+00,0.000000000000000000e+00,0.000000000000000000e+00,0.000000000000000000e+00,0.000000000000000000e+00,0.000000000000000000e+00,0.000000000000000000e+00,0.000000000000000000e+00,0.000000000000000000e+00,0.000000000000000000e+00,0.000000000000000000e+00,0.000000000000000000e+00,0.000000000000000000e+00,0.000000000000000000e+00,0.000000000000000000e+00,0.000000000000000000e+00,0.000000000000000000e+00,0.000000000000000000e+00,0.000000000000000000e+00,0.000000000000000000e+00,5.575850629430592208e-05,6.156971639414424635e-04,1.102927406656056993e-03,1.520904514060947245e-03,1.869962050020411394e-03,3.486964225746701663e-03,7.259801703990591054e-04,2.984506112540670736e-04,0.000000000000000000e+00,0.000000000000000000e+00,0.000000000000000000e+00,0.000000000000000000e+00,0.000000000000000000e+00,0.000000000000000000e+00,0.000000000000000000e+00,6.798693614379352915e-05,1.768366018238223976e-04,1.924175329744837583e-04,1.043455613485459797e-04,0.000000000000000000e+00,0.000000000000000000e+00,0.000000000000000000e+00,0.000000000000000000e+00,0.000000000000000000e+00,0.000000000000000000e+00,0.000000000000000000e+00,0.000000000000000000e+00,0.000000000000000000e+00,0.000000000000000000e+00,2.318774749864263465e-04,8.703708237935555911e-04,1.423770237129080027e-03,1.861915433662120548e-03,2.172767420502293070e-03,1.158105836811051644e-03,5.728817289590724861e-04,8.044807445761672105e-04,2.119459286710513590e-03,1.230853354444218402e-03,0.000000000000000000e+00,0.000000000000000000e+00,0.000000000000000000e+00,0.000000000000000000e+00,0.000000000000000000e+00,0.000000000000000000e+00,0.000000000000000000e+00,0.000000000000000000e+00,0.000000000000000000e+00,0.000000000000000000e+00,0.000000000000000000e+00,0.000000000000000000e+00,0.000000000000000000e+00,3.876563153756910061e-04,1.727298125065978131e-03,3.172386500294594944e-03,4.610876736938410332e-03,5.915064996420176663e-03,6.965243310888260750e-03,7.669678256466233753e-03,7.976300236249412798e-03,0.000000000000000000e+00,0.000000000000000000e+00,0.000000000000000000e+00,0.000000000000000000e+00,0.000000000000000000e+00,0.000000000000000000e+00,0.000000000000000000e+00,6.876291385894266498e-04,6.579091051070566631e-04,1.609659401557321078e-03,2.492659850857616936e-03,3.218869289976685963e-03,0.000000000000000000e+00,0.000000000000000000e+00,0.000000000000000000e+00,0.000000000000000000e+00,0.000000000000000000e+00,0.000000000000000000e+00,0.000000000000000000e+00,0.000000000000000000e+00,0.000000000000000000e+00,0.000000000000000000e+00,0.000000000000000000e+00,0.000000000000000000e+00,0.000000000000000000e+00,0.000000000000000000e+00,0.000000000000000000e+00,0.000000000000000000e+00,4.404959627537963934e-04,1.419841142884503086e-03,2.481230641733790741e-03,3.571830716852536763e-03,0.000000000000000000e+00,0.000000000000000000e+00,0.000000000000000000e+00,0.000000000000000000e+00,0.000000000000000000e+00,0.000000000000000000e+00,0.000000000000000000e+00,0.000000000000000000e+00,3.119878378380880584e-05,7.831532808688713206e-04,1.331898208631900797e-03,1.599608545738793325e-03,1.565892689615106708e-03,1.611624552349845202e-03,1.823644768149162033e-03,1.840722754786758199e-03,1.709738998066556628e-03,1.461682733581993500e-03,1.103690445474117500e-03,6.239122164455717648e-04,6.513365140187398776e-06,0.000000000000000000e+00,0.000000000000000000e+00,0.000000000000000000e+00,0.000000000000000000e+00,0.000000000000000000e+00,0.000000000000000000e+00,0.000000000000000000e+00,0.000000000000000000e+00,0.000000000000000000e+00,0.000000000000000000e+00,0.000000000000000000e+00,0.000000000000000000e+00,0.000000000000000000e+00
6.669065094897442193e-09,4.973381874620807445e-04,8.096788785838653644e-04,1.317650375311971676e-03,1.506217652185253735e-03,3.692818065490721842e-03,0.000000000000000000e+00,0.000000000000000000e+00,0.000000000000000000e+00,0.000000000000000000e+00,0.000000000000000000e+00,0.000000000000000000e+00,0.000000000000000000e+00,0.000000000000000000e+00,0.000000000000000000e+00,0.000000000000000000e+00,0.000000000000000000e+00,0.000000000000000000e+00,0.000000000000000000e+00,0.000000000000000000e+00,0.000000000000000000e+00,0.000000000000000000e+00,0.000000000000000000e+00,0.000000000000000000e+00,0.000000000000000000e+00,0.000000000000000000e+00,0.000000000000000000e+00,0.000000000000000000e+00,0.000000000000000000e+00,0.000000000000000000e+00,0.000000000000000000e+00,0.000000000000000000e+00,0.000000000000000000e+00,0.000000000000000000e+00,0.000000000000000000e+00,0.000000000000000000e+00,3.043558769143862343e-04,1.826351803631522802e-03,2.963545006837411868e-03,0.000000000000000000e+00,0.000000000000000000e+00,0.000000000000000000e+00,0.000000000000000000e+00,2.745246190862536510e-03,0.000000000000000000e+00,0.000000000000000000e+00,0.000000000000000000e+00,0.000000000000000000e+00,0.000000000000000000e+00,0.000000000000000000e+00,0.000000000000000000e+00,0.000000000000000000e+00,4.969553501305478066e-04,5.249063284451173546e-04,5.205328093996630526e-04,4.945220067518617171e-04,4.561308775099039451e-04,4.000308589505891530e-04,3.007168074940970047e-04,1.170880837910743269e-04,0.000000000000000000e+00,6.690088132035033582e-04,3.275212037310054245e-04,7.047505290419861903e-04,1.410332857238671576e-03,2.380358499230681053e-03,3.507231372531320439e-03,4.656100931886053389e-03,5.683138660272632481e-03,6.454669457606613744e-03,6.865796807991060742e-03,6.855780680149124208e-03,6.416502730574341617e-03,5.591170449962151213e-03,4.463136010274301735e-03,3.138138541553191999e-03,1.725580904090223688e-03,3.242904283186269585e-04,0.000000000000000000e+00,0.000000000000000000e+00,0.000000000000000000e+00,0.000000000000000000e+00,0.000000000000000000e+00,0.000000000000000000e+00,0.000000000000000000e+00,0.000000000000000000e+00,0.000000000000000000e+00,0.000000000000000000e+00,0.000000000000000000e+00,0.000000000000000000e+00,0.000000000000000000e+00,0.000000000000000000e+00,0.000000000000000000e+00,0.000000000000000000e+00,0.000000000000000000e+00,0.000000000000000000e+00,0.000000000000000000e+00,0.000000000000000000e+00,0.000000000000000000e+00,0.000000000000000000e+00,0.000000000000000000e+00,0.000000000000000000e+00,0.000000000000000000e+00,0.000000000000000000e+00,0.000000000000000000e+00,0.000000000000000000e+00,0.000000000000000000e+00,0.000000000000000000e+00,0.000000000000000000e+00,0.000000000000000000e+00,0.000000000000000000e+00,3.426633263787623365e-04,5.700842329239490074e-04,5.778362306686884433e-04,6.593535765846338798e-04,9.080593864102122189e-04,1.153193891949285755e-03,1.394523266617576267e-03,1.631961551621202841e-03,1.865549414185588587e-03,2.095425920492071607e-03,2.321798836961577652e-03,2.544904433533172212e-03,2.764971245127557323e-03,2.982176828900981284e-03,3.196604177112367332e-03,3.408200097945947912e-03,3.616735038947360790e-03,3.821769612891005776e-03,8.154437250242852972e-03,5.756723027781586108e-03,0.000000000000000000e+00,0.000000000000000000e+00,0.000000000000000000e+00,0.000000000000000000e+00,0.000000000000000000e+00,0.000000000000000000e+00,0.000000000000000000e+00,1.319004362138236964e-04,1.429487886518375755e-03,2.559698236522303053e-03,3.449682834775914114e-03,4.043440433947258911e-03,4.308929086678680263e-03,4.242844746587572102e-03,3.872194525168727759e-03,3.252594674999836118e-03,2.463825072825744349e-03,1.603273403128030418e-03,7.775613343159802453e-04,9.233563352062234425e-05,0.000000000000000000e+00,0.000000000000000000e+00,0.000000000000000000e+00,1.534955470279510332e-04,8.879558408104462836e-04,1.761916254172361199e-03,2.643597464235631408e-03,3.398989301468368762e-03,3.917632757687062282e-03,4.166425501869930673e-03,1.236250349186641560e-03,2.316039316757682355e-03,3.090081586478585912e-03,3.396660055541670352e-03,3.114689751816863885e-03,2.181832085062709349e-03,6.075267568137420436e-04,0.000000000000000000e+00,0.000000000000000000e+00,0.000000000000000000e+00,0.000000000000000000e+00,0.000000000000000000e+00,0.000000000000000000e+00,0.000000000000000000e+00,0.000000000000000000e+00,0.000000000000000000e+00,0.000000000000000000e+00,0.000000000000000000e+00,9.880348725617004585e-04,4.653753925041094128e-03,0.000000000000000000e+00,0.000000000000000000e+00,0.000000000000000000e+00,0.000000000000000000e+00,0.000000000000000000e+00,0.000000000000000000e+00,0.000000000000000000e+00,0.000000000000000000e+00,0.000000000000000000e+00,0.000000000000000000e+00,0.000000000000000000e+00,0.000000000000000000e+00,0.000000000000000000e+00,0.000000000000000000e+00,0.000000000000000000e+00,0.000000000000000000e+00,0.000000000000000000e+00,8.648871172447649509e-04,1.418385734244996923e-03,1.604018402099648306e-03,1.419375888088458305e-03,9.217035223152353959e-04,2.238345434940504223e-04,0.000000000000000000e+00,0.000000000000000000e+00,0.000000000000000000e+00,0.000000000000000000e+00,0.000000000000000000e+00,0.000000000000000000e+00,0.000000000000000000e+00,7.537763155028750746e-04,1.500864492567493928e-03,2.097066116125176610e-03,2.490971974254034028e-03,2.673680607236434206e-03,2.672150846624099692e-03,2.537029282387093850e-03,2.327571586909970344e-03,2.095608816681369772e-03,1.870609976208811561e-03,1.702347716586133201e-03,1.946769076416083417e-03,2.170569207466064091e-03,3.958868874496611345e-03,2.874498486163620282e-03,0.000000000000000000e+00,0.000000000000000000e+00,0.000000000000000000e+00,0.000000000000000000e+00,0.000000000000000000e+00,0.000000000000000000e+00,0.000000000000000000e+00,0.000000000000000000e+00,0.000000000000000000e+00,0.000000000000000000e+00,0.000000000000000000e+00,0.000000000000000000e+00,0.000000000000000000e+00,0.000000000000000000e+00,0.000000000000000000e+00,0.000000000000000000e+00,0.000000000000000000e+00,0.000000000000000000e+00,0.000000000000000000e+00,0.000000000000000000e+00,0.000000000000000000e+00,0.000000000000000000e+00,0.000000000000000000e+00,0.000000000000000000e+00,0.000000000000000000e+00,0.000000000000000000e+00,0.000000000000000000e+00,0.000000000000000000e+00,6.594052103237367859e-04,1.238392707548927702e-03,1.645823677935026510e-03,1.846712361499245605e-03,1.824443077853008790e-03,1.584374170081185836e-03,1.154646468707666703e-03,5.833216609903745572e-04,3.085558345631761782e-04,4.257085318256973697e-04,5.425662944474365619e-04,6.579633650741333745e-04,7.705359260949742883e-04,8.787545696276495566e-04,9.809676530854660390e-04,1.075445944697353291e-03,1.160435854517167771e-03,1.234215124800202602e-03,1.295146526667946075e-03,1.341736298334138483e-03,1.372685543009727902e-03,1.386939787155022164e-03,1.383735191437426761e-03,1.362631204516983642e-03,1.323540908354867238e-03,1.266747560913010192e-03,1.192910799980046984e-03,1.103066376439717274e-03,9.986065572419799627e-04,8.812572654449987546e-04,7.530391983126382815e-04,6.162244906518421408e-04,4.732803296209906808e-04,3.268105524276189726e-04,1.794901717153484335e-04,3.399883159021678802e-05,0.000000000000000000e+00,0.000000000000000000e+00,0.000000000000000000e+00,0.000000000000000000e+00,0.000000000000000000e+00,0.000000000000000000e+00,0.000000000000000000e+00,0.000000000000000000e+00,0.000000000000000000e+00,0.000000000000000000e+00,0.000000000000000000e+00,0.000000000000000000e+00,0.000000000000000000e+00,0.000000000000000000e+00,0.000000000000000000e+00,0.000000000000000000e+00,0.000000000000000000e+00,0.000000000000000000e+00,0.000000000000000000e+00,0.000000000000000000e+00,0.000000000000000000e+00,0.000000000000000000e+00,2.189137486826238464e-03,3.984846163959198002e-03,0.000000000000000000e+00,0.000000000000000000e+00,7.540087882826415492e-04,1.714451213676561770e-03,2.667538554249261618e-03,0.000000000000000000e+00,0.000000000000000000e+00,0.000000000000000000e+00,0.000000000000000000e+00,0.000000000000000000e+00,0.000000000000000000e+00,3.828336729499168863e-04,1.691322261393578318e-03,3.017017401168692759e-03,0.000000000000000000e+00,0.000000000000000000e+00,0.000000000000000000e+00,0.000000000000000000e+00,0.000000000000000000e+00,0.000000000000000000e+00,0.000000000000000000e+00,0.000000000000000000e+00,0.000000000000000000e+00,0.000000000000000000e+00,3.546721774978215573e-04,0.000000000000000000e+00,0.000000000000000000e+00,0.000000000000000000e+00,0.000000000000000000e+00,0.000000000000000000e+00,0.000000000000000000e+00,0.000000000000000000e+00,0.000000000000000000e+00,0.000000000000000000e+00,0.000000000000000000e+00,0.000000000000000000e+00,0.000000000000000000e+00,0.000000000000000000e+00,0.000000000000000000e+00,0.000000000000000000e+00,0.000000000000000000e+00,0.000000000000000000e+00,0.000000000000000000e+00,0.000000000000000000e+00,0.000000000000000000e+00,0.000000000000000000e+00,0.000000000000000000e+00,0.000000000000000000e+00,1.967241060041617293e-03,8.227315721915165470e-04,0.000000000000000000e+00,0.000000000000000000e+00,0.000000000000000000e+00,0.000000000000000000e+00,1.056935590090758378e-04,2.668185809757716610e-04,4.349545370245122447e-04,6.091542062099915625e-04,7.884083745005746394e-04,1.355618809560090897e-03,1.157750142481302940e-03,1.345550148822186173e-03,1.533845175432738258e-03,1.721406574065569798e-03,1.906990754377848284e-03,7.773675954248411048e-03,2.267267498294424713e-03,3.260498615443968053e-03,2.605003513040194795e-03,2.762596924278562949e-03,2.911317452376458847e-03,3.050270481634915001e-03,3.178678043256482049e-03,3.295889815566558495e-03,7.554689645993535423e-03,3.494812189760786864e-03,0.000000000000000000e+00,0.000000000000000000e+00,0.000000000000000000e+00,0.000000000000000000e+00,0.000000000000000000e+00,1.719669764059810651e-04,6.287726153701199763e-04,7.665813491754329368e-04,6.197320894297840077e-04,2.453857138305931963e-04
4.248295640900526053e-08,0.000000000000000000e+00,0.000000000000000000e+00,0.000000000000000000e+00,0.000000000000000000e+00,0.000000000000000000e+00,0.000000000000000000e+00,0.000000000000000000e+00,0.000000000000000000e+00,0.000000000000000000e+00,0.000000000000000000e+00,0.000000000000000000e+00,0.000000000000000000e+00,0.000000000000000000e+00,0.000000000000000000e+00,0.000000000000000000e+00,8.759259870558112719e-04,1.601588414894232612e-03,2.209754059483394744e-03,2.769596953860485860e-03,3.355291571211794274e-03,0.000000000000000000e+00,0.000000000000000000e+00,0.000000000000000000e+00,0.000000000000000000e+00,0.000000000000000000e+00,0.000000000000000000e+00,0.000000000000000000e+00,0.000000000000000000e+00,0.000000000000000000e+00,0.000000000000000000e+00,0.000000000000000000e+00,0.000000000000000000e+00,0.000000000000000000e+00,0.000000000000000000e+00,0.000000000000000000e+00,0.000000000000000000e+00,0.000000000000000000e+00,0.000000000000000000e+00,0.000000000000000000e+00,0.000000000000000000e+00,0.000000000000000000e+00,2.139287484547526923e-05,2.286874369339880354e-05,1.920114657717989342e-06,8.380981539865945440e-06,6.449431593996181062e-05,1.588273538353550071e-04,2.516620039899651953e-04,2.898752714386051933e-04,2.258212341430680442e-04,3.325497042329720443e-05,0.000000000000000000e+00,0.000000000000000000e+00,0.000000000000000000e+00,0.000000000000000000e+00,0.000000000000000000e+00,0.000000000000000000e+00,0.000000000000000000e+00,0.000000000000000000e+00,0.000000000000000000e+00,0.000000000000000000e+00,1.717580176500957051e-06,2.333666633039850765e-04,4.504000358355141867e-04,7.222657764826120787e-04,1.112564058666262517e-03,1.654123987792574480e-03,2.335116787477491563e-03,2.814431955996336398e-03,0.000000000000000000e+00,0.000000000000000000e+00,0.000000000000000000e+00,0.000000000000000000e+00,0.000000000000000000e+00,0.000000000000000000e+00,0.000000000000000000e+00,0.000000000000000000e+00,0.000000000000000000e+00,0.000000000000000000e+00,0.000000000000000000e+00,0.000000000000000000e+00,0.000000000000000000e+00,0.000000000000000000e+00,0.000000000000000000e+00,0.000000000000000000e+00,0.000000000000000000e+00,0.000000000000000000e+00,0.000000000000000000e+00,0.000000000000000000e+00,0.000000000000000000e+00,0.000000000000000000e+00,0.000000000000000000e+00,0.000000000000000000e+00,0.000000000000000000e+00,0.000000000000000000e+00,0.000000000000000000e+00,0.000000000000000000e+00,0.000000000000000000e+00,0.000000000000000000e+00,0.000000000000000000e+00,0.000000000000000000e+00,0.000000000000000000e+00,0.000000000000000000e+00,0.000000000000000000e+00,0.000000000000000000e+00,0.000000000000000000e+00,0.000000000000000000e+00,0.000000000000000000e+00,0.000000000000000000e+00,7.111533584591597746e-04,7.898570348738405064e-03,3.363604141392259519e-03,0.000000000000000000e+00,0.000000000000000000e+00,0.000000000000000000e+00,0.000000000000000000e+00,0.000000000000000000e+00,0.000000000000000000e+00,0.000000000000000000e+00,0.000000000000000000e+00,0.000000000000000000e+00,0.000000000000000000e+00,0.000000000000000000e+00,0.000000000000000000e+00,0.000000000000000000e+00,3.231293581106425658e-06,3.548694742837148479e-04,4.767153955334289318e-04,4.179749407629605815e-04,2.455558250160380738e-04,2.888252985035295525e-04,4.448412530574222582e-05,0.000000000000000000e+00,0.000000000000000000e+00,5.649172020626108914e-05,2.543353622363692741e-04,4.387560534426642464e-04,6.073632579904836640e-04,7.579468552289600350e-04,8.885345372569440799e-04,9.974511197401406560e-04,1.083369999443565710e-03,1.145362033229187226e-03,1.182933366500053341e-03,1.196057768168252468e-03,1.185193051154809522e-03,1.151286560780483310e-03,1.095767174582852610e-03,1.020522448619657100e-03,9.278607259636522265e-04,8.204616724420565497e-04,7.013099161080787233e-04,5.736252590362686966e-04,4.407735082255069699e-04,3.061813553197413368e-04,1.732417681595931210e-04,4.521989653642429131e-05,0.000000000000000000e+00,0.000000000000000000e+00,0.000000000000000000e+00,8.528604678112718606e-05,7.109649623391236638e-04,1.387675633946225265e-03,2.065852138434709408e-03,2.683932576868142648e-03,3.176066176201542465e-03,3.479814753330850302e-03,3.543292963257447300e-03,3.331286716552013180e-03,2.829593487150613724e-03,2.046761812935010780e-03,1.012903030149594303e-03,0.000000000000000000e+00,0.000000000000000000e+00,0.000000000000000000e+00,4.334008376666436953e-05,9.424871793316690527e-05,1.346847355596698817e-04,1.629251899846866092e-04,1.775830038795148569e-04,1.776277267268301879e-04,1.623968787007956465e-04,1.315932042671756283e-04,8.528261797886813891e-05,2.387978908674906009e-05,0.000000000000000000e+00,0.000000000000000000e+00,0.000000000000000000e+00,0.000000000000000000e+00,0.000000000000000000e+00,0.000000000000000000e+00,1.913476437766580636e-04,5.924654986908815856e-04,5.875329160497723717e-04,1.722176196159344423e-04,0.000000000000000000e+00,0.000000000000000000e+00,0.000000000000000000e+00,0.000000000000000000e+00,0.000000000000000000e+00,0.000000000000000000e+00,0.000000000000000000e+00,0.000000000000000000e+00,0.000000000000000000e+00,0.000000000000000000e+00,0.000000000000000000e+00,0.000000000000000000e+00,0.000000000000000000e+00,0.000000000000000000e+00,0.000000000000000000e+00,0.000000000000000000e+00,0.000000000000000000e+00,0.000000000000000000e+00,0.000000000000000000e+00,1.731060207936057889e-04,4.646417670781375123e-04,7.661854890020223163e-04,1.074632126370295149e-03,2.626004680023511818e-03,0.000000000000000000e+00,0.000000000000000000e+00,0.000000000000000000e+00,0.000000000000000000e+00,0.000000000000000000e+00,0.000000000000000000e+00,3.675911791246519716e-04,7.463539655225056441e-04,1.131259493688156455e-03,1.552687314731350217e-03,2.049546024191607231e-03,2.653029288294054752e-03,3.370732199710143370e-03,0.000000000000000000e+00,0.000000000000000000e+00,0.000000000000000000e+00,0.000000000000000000e+00,0.000000000000000000e+00,0.000000000000000000e+00,0.000000000000000000e+00,0.000000000000000000e+00,0.000000000000000000e+00,0.000000000000000000e+00,0.000000000000000000e+00,1.184662932063163584e-03,2.060467222948101675e-03,2.467987646497608531e-03,2.406183410887898031e-03,1.944224908206435010e-03,1.197371748300782692e-03,5.746443493004485059e-04,9.112646338671985926e-04,1.229951062829742888e-03,1.541591877467979278e-03,0.000000000000000000e+00,0.000000000000000000e+00,0.000000000000000000e+00,0.000000000000000000e+00,0.000000000000000000e+00,0.000000000000000000e+00,0.000000000000000000e+00,0.000000000000000000e+00,0.000000000000000000e+00,0.000000000000000000e+00,0.000000000000000000e+00,0.000000000000000000e+00,0.000000000000000000e+00,0.000000000000000000e+00,0.000000000000000000e+00,0.000000000000000000e+00,1.316172569809949877e-03,5.776779782533350598e-05,0.000000000000000000e+00,0.000000000000000000e+00,0.000000000000000000e+00,0.000000000000000000e+00,0.000000000000000000e+00,0.000000000000000000e+00,0.000000000000000000e+00,0.000000000000000000e+00,0.000000000000000000e+00,0.000000000000000000e+00,0.000000000000000000e+00,0.000000000000000000e+00,0.000000000000000000e+00,0.000000000000000000e+00,0.000000000000000000e+00,0.000000000000000000e+00,0.000000000000000000e+00,0.000000000000000000e+00,0.000000000000000000e+00,0.000000000000000000e+00,0.000000000000000000e+00,0.000000000000000000e+00,0.000000000000000000e+00,0.000000000000000000e+00,0.000000000000000000e+00,0.000000000000000000e+00,0.000000000000000000e+00,0.000000000000000000e+00,0.000000000000000000e+00,0.000000000000000000e+00,0.000000000000000000e+00,0.000000000000000000e+00,0.000000000000000000e+00,1.015395875308003831e-04,4.962088995263235890e-04,9.268301850386849103e-04,1.334323885779200311e-03,3.079421234234061989e-03,0.000000000000000000e+00,0.000000000000000000e+00,0.000000000000000000e+00,0.000000000000000000e+00,9.451737223592594295e-04,2.075461806944893951e-03,3.218875649312141762e-03,4.316739246977902532e-03,3.698778868535757859e-03,4.089814903130974295e-03,4.278133972360292914e-03,4.216951141940406510e-03,3.887567685084562189e-03,3.311174957813173454e-03,2.550604319652132173e-03,1.699915699503809019e-03,8.640894844958920415e-04,1.348514013429015805e-04,0.000000000000000000e+00,0.000000000000000000e+00,0.000000000000000000e+00,0.000000000000000000e+00,0.000000000000000000e+00,0.000000000000000000e+00,0.000000000000000000e+00,0.000000000000000000e+00,0.000000000000000000e+00,0.000000000000000000e+00,0.000000000000000000e+00,0.000000000000000000e+00,9.374540766014017353e-05,6.548518889479138915e-04,1.047756290183718365e-03,1.153396992215860797e-03,9.029209103416524105e-04,2.967064431953450490e-04,0.000000000000000000e+00,0.000000000000000000e+00,0.000000000000000000e+00,0.000000000000000000e+00,0.000000000000000000e+00,0.000000000000000000e+00,0.000000000000000000e+00,0.000000000000000000e+00,0.000000000000000000e+00,0.000000000000000000e+00,3.302254200973417505e-04,1.763413219739417984e-03,3.087861536256976229e-03,4.219582259559502731e-03,5.110730530036345504e-03,5.750074608851981836e-03,7.229922134301747412e-03,0.000000000000000000e+00,0.000000000000000000e+00,0.000000000000000000e+00,0.000000000000000000e+00,0.000000000000000000e+00,0.000000000000000000e+00,0.000000000000000000e+00,0.000000000000000000e+00,0.000000000000000000e+00,0.000000000000000000e+00,0.000000000000000000e+00,0.000000000000000000e+00,0.000000000000000000e+00,5.931706742003205321e-04,0.000000000000000000e+00,0.000000000000000000e+00,0.000000000000000000e+00,0.000000000000000000e+00,0.000000000000000000e+00,0.000000000000000000e+00,0.000000000000000000e+00,0.000000000000000000e+00,0.000000000000000000e+00,0.000000000000000000e+00,0.000000000000000000e+00,0.000000000000000000e+00,0.000000000000000000e+00,0.000000000000000000e+00,0.000000000000000000e+00,0.000000000000000000e+00,0.000000000000000000e+00,0.000000000000000000e+00,0.000000000000000000e+00,0.000000000000000000e+00,0.000000000000000000e+00,0.000000000000000000e+00,4.391655991105814449e-04
1.658172752631504390e-08,0.000000000000000000e+00,0.000000000000000000e+00,0.000000000000000000e+00,0.000000000000000000e+00,0.000000000000000000e+00,0.000000000000000000e+00,0.000000000000000000e+00,0.000000000000000000e+00,0.000000000000000000e+00,0.000000000000000000e+00,0.000000000000000000e+00,0.000000000000000000e+00,0.000000000000000000e+00,0.000000000000000000e+00,0.000000000000000000e+00,0.000000000000000000e+00,0.000000000000000000e+00,0.000000000000000000e+00,0.000000000000000000e+00,0.000000000000000000e+00,0.000000000000000000e+00,0.000000000000000000e+00,0.000000000000000000e+00,0.000000000000000000e+00,0.000000000000000000e+00,0.000000000000000000e+00,0.000000000000000000e+00,0.000000000000000000e+00,0.000000000000000000e+00,0.000000000000000000e+00,0.000000000000000000e+00,0.000000000000000000e+00,0.000000000000000000e+00,3.793911470687733219e-03,0.000000000000000000e+00,8.470327199520652538e-04,0.000000000000000000e+00,0.000000000000000000e+00,0.000000000000000000e+00,0.000000000000000000e+00,0.000000000000000000e+00,0.000000000000000000e+00,1.617104193157705230e-04,8.012112923404787800e-04,1.416349379793003160e-03,1.950255386276370179e-03,2.369127934491780350e-03,2.668718407008456063e-03,2.871301772344040867e-03,3.013802696770410787e-03,3.130838338551716546e-03,3.238219717371490849e-03,3.322469346051145841e-03,3.340190113414922245e-03,3.228195067240243864e-03,2.921941372625345024e-03,2.376997323965731896e-03,1.586948422597057743e-03,5.920275858194271089e-04,0.000000000000000000e+00,0.000000000000000000e+00,0.000000000000000000e+00,0.000000000000000000e+00,0.000000000000000000e+00,0.000000000000000000e+00,0.000000000000000000e+00,0.000000000000000000e+00,0.000000000000000000e+00,0.000000000000000000e+00,0.000000000000000000e+00,6.520791571042859223e-04,1.406792851925334122e-03,1.831551362506068838e-03,1.860311357696447674e-03,1.480900311754013935e-03,7.392385810438233248e-04,0.000000000000000000e+00,0.000000000000000000e+00,1.284983490142782873e-03,2.583610200491899631e-03,3.633402557448898659e-03,4.338048225414195720e-03,4.649995035876262547e-03,4.580397463168957989e-03,4.195689404307347860e-03,3.601244708265362998e-03,2.916868159667718261e-03,2.251497988672291478e-03,2.672242913687534506e-03,2.865825610311931431e-03,2.677571985516052997e-03,2.163918589883339141e-03,1.408458836658292145e-03,7.694170560167474431e-04,8.155465990764901307e-04,8.804717603832022243e-04,9.499787225747439393e-04,1.013436394306013342e-03,1.062208776205274784e-03,1.089447998157778335e-03,1.132726327450057652e-03,1.407789020998838738e-03,1.676188280929254582e-03,1.936532540468265985e-03,5.755344984474703926e-03,1.297076410345747053e-03,1.343869687035179755e-03,1.282003602364996733e-03,1.123830993610975973e-03,8.937101487106491890e-04,6.165673180924208328e-04,3.063845238449763885e-04,0.000000000000000000e+00,0.000000000000000000e+00,0.000000000000000000e+00,0.000000000000000000e+00,0.000000000000000000e+00,0.000000000000000000e+00,0.000000000000000000e+00,0.000000000000000000e+00,0.000000000000000000e+00,0.000000000000000000e+00,0.000000000000000000e+00,0.000000000000000000e+00,0.000000000000000000e+00,0.000000000000000000e+00,0.000000000000000000e+00,0.000000000000000000e+00,0.000000000000000000e+00,0.000000000000000000e+00,0.000000000000000000e+00,0.000000000000000000e+00,0.000000000000000000e+00,9.595122068599983532e-04,1.683588671543595006e-03,0.000000000000000000e+00,0.000000000000000000e+00,0.000000000000000000e+00,0.000000000000000000e+00,0.000000000000000000e+00,0.000000000000000000e+00,0.000000000000000000e+00,0.000000000000000000e+00,0.000000000000000000e+00,0.000000000000000000e+00,0.000000000000000000e+00,0.000000000000000000e+00,0.000000000000000000e+00,0.000000000000000000e+00,0.000000000000000000e+00,0.000000000000000000e+00,0.000000000000000000e+00,0.000000000000000000e+00,0.000000000000000000e+00,0.000000000000000000e+00,0.000000000000000000e+00,0.000000000000000000e+00,0.000000000000000000e+00,0.000000000000000000e+00,0.000000000000000000e+00,6.427570257516711997e-07,3.611577312075348566e-03,0.000000000000000000e+00,0.000000000000000000e+00,0.000000000000000000e+00,0.000000000000000000e+00,0.000000000000000000e+00,0.000000000000000000e+00,0.000000000000000000e+00,0.000000000000000000e+00,0.000000000000000000e+00,0.000000000000000000e+00,0.000000000000000000e+00,0.000000000000000000e+00,0.000000000000000000e+00,0.000000000000000000e+00,0.000000000000000000e+00,0.000000000000000000e+00,0.000000000000000000e+00,0.000000000000000000e+00,0.000000000000000000e+00,3.879222040145425925e-03,4.065314848836446004e-03,0.000000000000000000e+00,0.000000000000000000e+00,0.000000000000000000e+00,0.000000000000000000e+00,0.000000000000000000e+00,0.000000000000000000e+00,0.000000000000000000e+00,0.000000000000000000e+00,0.000000000000000000e+00,0.000000000000000000e+00,0.000000000000000000e+00,0.000000000000000000e+00,0.000000000000000000e+00,0.000000000000000000e+00,0.000000000000000000e+00,0.000000000000000000e+00,0.000000000000000000e+00,0.000000000000000000e+00,0.000000000000000000e+00,0.000000000000000000e+00,0.000000000000000000e+00,0.000000000000000000e+00,2.771828648134242183e-04,9.503675998014705657e-04,1.530692440887051206e-03,1.961673187936523264e-03,2.187123066901330848e-03,2.164054761601940258e-03,1.230936832591492027e-03,0.000000000000000000e+00,0.000000000000000000e+00,0.000000000000000000e+00,0.000000000000000000e+00,0.000000000000000000e+00,0.000000000000000000e+00,0.000000000000000000e+00,0.000000000000000000e+00,0.000000000000000000e+00,0.000000000000000000e+00,0.000000000000000000e+00,0.000000000000000000e+00,0.000000000000000000e+00,0.000000000000000000e+00,0.000000000000000000e+00,0.000000000000000000e+00,0.000000000000000000e+00,0.000000000000000000e+00,0.000000000000000000e+00,0.000000000000000000e+00,0.000000000000000000e+00,1.799025041610853430e-04,3.215522742299343692e-03,0.000000000000000000e+00,0.000000000000000000e+00,0.000000000000000000e+00,0.000000000000000000e+00,0.000000000000000000e+00,0.000000000000000000e+00,0.000000000000000000e+00,0.000000000000000000e+00,0.000000000000000000e+00,0.000000000000000000e+00,0.000000000000000000e+00,1.683257478837097646e-03,0.000000000000000000e+00,0.000000000000000000e+00,0.000000000000000000e+00,0.000000000000000000e+00,0.000000000000000000e+00,0.000000000000000000e+00,0.000000000000000000e+00,0.000000000000000000e+00,0.000000000000000000e+00,0.000000000000000000e+00,0.000000000000000000e+00,0.000000000000000000e+00,0.000000000000000000e+00,0.000000000000000000e+00,0.000000000000000000e+00,0.000000000000000000e+00,0.000000000000000000e+00,0.000000000000000000e+00,0.000000000000000000e+00,0.000000000000000000e+00,0.000000000000000000e+00,0.000000000000000000e+00,0.000000000000000000e+00,0.000000000000000000e+00,0.000000000000000000e+00,0.000000000000000000e+00,0.000000000000000000e+00,0.000000000000000000e+00,0.000000000000000000e+00,0.000000000000000000e+00,0.000000000000000000e+00,0.000000000000000000e+00,0.000000000000000000e+00,0.000000000000000000e+00,0.000000000000000000e+00,0.000000000000000000e+00,0.000000000000000000e+00,0.000000000000000000e+00,0.000000000000000000e+00,0.000000000000000000e+00,0.000000000000000000e+00,0.000000000000000000e+00,0.000000000000000000e+00,0.000000000000000000e+00,2.091161351587188851e-03,1.602158152599007009e-03,0.000000000000000000e+00,0.000000000000000000e+00,0.000000000000000000e+00,0.000000000000000000e+00,0.000000000000000000e+00,1.494978483259860728e-04,3.115429936724487870e-04,0.000000000000000000e+00,0.000000000000000000e+00,0.000000000000000000e+00,6.542975061564264240e-04,1.262234484398010734e-03,1.702405004218360404e-03,1.909208571938238001e-03,1.866343100466682191e-03,1.613232640721864054e-03,1.235113815936628515e-03,8.378958624227154494e-04,5.154499503648902635e-04,3.213578347262959303e-04,2.566471960482946072e-04,2.789557984890384001e-04,3.292742434259467231e-04,3.642535178028533669e-04,3.794854264789982107e-04,4.137066228311619292e-04,5.332884320317326891e-04,8.055678355330347755e-04,1.531052618588450405e-03,0.000000000000000000e+00,0.000000000000000000e+00,0.000000000000000000e+00,0.000000000000000000e+00,0.000000000000000000e+00,0.000000000000000000e+00,0.000000000000000000e+00,0.000000000000000000e+00,0.000000000000000000e+00,0.000000000000000000e+00,5.733568874864534851e-04,1.213003873330393287e-03,1.811406522555154526e-03,2.349725542263683600e-03,2.816261052252964567e-03,3.205184560024387352e-03,3.513695022098752355e-03,3.737604433187737690e-03,3.866967027670187122e-03,3.884508959302053650e-03,3.769209292701932498e-03,3.505155674974327548e-03,3.092843368217497359e-03,2.558048188861298828e-03,1.953618028314455229e-03,1.352084689574364765e-03,8.306734261038036969e-04,4.533398268025600961e-04,2.554476060804890822e-04,2.354195547331743845e-04,4.717974751080000165e-04,9.870047495226734035e-04,1.450585890541395513e-03,1.828536611718807950e-03,2.100334737716176917e-03,2.257460117409905778e-03,2.302831605325022287e-03,2.251547564010967714e-03,2.131248921731825931e-03,1.979811750529114275e-03,1.839192522948151706e-03,1.746318471288373303e-03,1.723634072450957490e-03,1.772411318935344276e-03,1.871187654166791767e-03,1.980238469369294783e-03,2.051501403276821938e-03,2.042035239404551943e-03,1.927914097874564763e-03,1.714580867037735932e-03,2.937336149134620912e-03,0.000000000000000000e+00,0.000000000000000000e+00,0.000000000000000000e+00,0.000000000000000000e+00,0.000000000000000000e+00,0.000000000000000000e+00,0.000000000000000000e+00,0.000000000000000000e+00,0.000000000000000000e+00,0.000000000000000000e+00,0.000000000000000000e+00,0.000000000000000000e+00,0.000000000000000000e+00,1.918845892860217370e-03,0.000000000000000000e+00,0.000000000000000000e+00,0.000000000000000000e+00,0.000000000000000000e+00,0.000000000000000000e+00,0.000000000000000000e+00,0.000000000000000000e+00,0.000000000000000000e+00,4.755789888902150955e-04,1.619692549806678534e-03,1.916564196655162798e-03,1.984756888272511382e-03
2.818820405237257275e-08,8.331873576952912369e-04,2.500582263045152175e-04,4.223498571498649520e-04,8.313991967515273153e-04,1.383143669576125103e-03,2.045440660016844062e-03,2.751575856283358049e-03,3.405335616545535765e-03,3.897048801761964724e-03,4.126820372631781128e-03,4.027899647791028867e-03,3.582530758223021698e-03,2.825184737637288605e-03,1.832688327113470277e-03,1.603932523381929563e-03,1.613794973459884092e-03,1.605430643070677793e-03,1.579392430183793094e-03,1.536580902523751978e-03,1.478195601390900043e-03,1.405676999090388129e-03,1.320644007778473336e-03,1.224827016519574934e-03,1.120004839341018745e-03,1.007943333712525572e-03,8.903389292382270139e-04,7.687731533420087346e-04,6.446757729566332052e-04,1.035160827509684503e-03,1.676117058813076776e-03,2.128112961280054401e-03,2.396614597007052337e-03,2.500496233491082861e-03,2.460157531845473186e-03,2.290300368055396378e-03,1.999815327805883405e-03,2.039989026694501075e-03,7.435696032128129469e-04,1.867546327712120121e-03,0.000000000000000000e+00,0.000000000000000000e+00,0.000000000000000000e+00,0.000000000000000000e+00,0.000000000000000000e+00,0.000000000000000000e+00,0.000000000000000000e+00,0.000000000000000000e+00,0.000000000000000000e+00,0.000000000000000000e+00,0.000000000000000000e+00,0.000000000000000000e+00,0.000000000000000000e+00,0.000000000000000000e+00,0.000000000000000000e+00,0.000000000000000000e+00,0.000000000000000000e+00,0.000000000000000000e+00,0.000000000000000000e+00,0.000000000000000000e+00,0.000000000000000000e+00,0.000000000000000000e+00,0.000000000000000000e+00,0.000000000000000000e+00,5.885412827644628201e-04,3.266015992735814711e-03,0.000000000000000000e+00,0.000000000000000000e+00,0.000000000000000000e+00,0.000000000000000000e+00,0.000000000000000000e+00,0.000000000000000000e+00,0.000000000000000000e+00,0.000000000000000000e+00,0.000000000000000000e+00,2.119102140616448159e-04,9.084768372791392167e-04,1.516063902745621748e-03,0.000000000000000000e+00,0.000000000000000000e+00,0.000000000000000000e+00,0.000000000000000000e+00,0.000000000000000000e+00,0.000000000000000000e+00,0.000000000000000000e+00,0.000000000000000000e+00,0.000000000000000000e+00,0.000000000000000000e+00,0.000000000000000000e+00,2.538104466116436475e-04,7.803956912202981468e-04,1.327475313629698219e-03,1.791552899938105231e-03,2.074334584857449090e-03,2.108375290965125264e-03,1.873818907394486774e-03,1.401674178769923883e-03,7.639080785648079712e-04,5.496750170515789783e-05,0.000000000000000000e+00,0.000000000000000000e+00,0.000000000000000000e+00,0.000000000000000000e+00,0.000000000000000000e+00,0.000000000000000000e+00,0.000000000000000000e+00,0.000000000000000000e+00,0.000000000000000000e+00,0.000000000000000000e+00,7.787007270646145501e-05,6.238019077557854699e-04,1.238414086841224497e-03,1.909288947498787850e-03,2.600490805121744887e-03,3.254049392150280742e-03,3.798588476496261163e-03,4.162811155276422564e-03,4.290707213585463059e-03,4.155136468040712336e-03,3.766576223179015411e-03,3.174331985104925872e-03,2.458896005204336006e-03,1.716416035195084599e-03,1.038895190338688787e-03,4.954180912185504734e-04,1.195258934128428432e-04,0.000000000000000000e+00,0.000000000000000000e+00,0.000000000000000000e+00,0.000000000000000000e+00,0.000000000000000000e+00,0.000000000000000000e+00,0.000000000000000000e+00,0.000000000000000000e+00,0.000000000000000000e+00,0.000000000000000000e+00,0.000000000000000000e+00,0.000000000000000000e+00,0.000000000000000000e+00,0.000000000000000000e+00,0.000000000000000000e+00,0.000000000000000000e+00,0.000000000000000000e+00,0.000000000000000000e+00,0.000000000000000000e+00,0.000000000000000000e+00,0.000000000000000000e+00,0.000000000000000000e+00,0.000000000000000000e+00,0.000000000000000000e+00,0.000000000000000000e+00,0.000000000000000000e+00,1.113372183968737954e-04,1.955807495899626049e-04,2.576811165310902802e-04,3.415220439142776241e-04,4.821028526290876536e-04,6.894748916586557978e-04,9.419938021373523273e-04,1.341475141182736251e-03,0.000000000000000000e+00,0.000000000000000000e+00,0.000000000000000000e+00,0.000000000000000000e+00,0.000000000000000000e+00,0.000000000000000000e+00,1.000117163928393015e-03,1.149906812182482311e-03,8.650525181297389265e-04,0.000000000000000000e+00,0.000000000000000000e+00,6.520338520987014903e-04,0.000000000000000000e+00,0.000000000000000000e+00,0.000000000000000000e+00,0.000000000000000000e+00,0.000000000000000000e+00,0.000000000000000000e+00,1.464723028246875131e-03,3.458880743659140024e-03,2.835497393767726949e-03,3.375929908624105379e-03,3.539408519276279492e-03,3.328251330276416411e-03,2.815369618951442474e-03,2.121863628652512733e-03,1.384984775181668333e-03,7.255085248251226309e-04,2.228868775996158558e-04,0.000000000000000000e+00,0.000000000000000000e+00,0.000000000000000000e+00,0.000000000000000000e+00,0.000000000000000000e+00,0.000000000000000000e+00,0.000000000000000000e+00,0.000000000000000000e+00,0.000000000000000000e+00,0.000000000000000000e+00,0.000000000000000000e+00,0.000000000000000000e+00,0.000000000000000000e+00,0.000000000000000000e+00,0.000000000000000000e+00,0.000000000000000000e+00,3.243115310341503337e-04,7.625581806701488578e-04,1.296575912120030228e-03,1.936161652791849484e-03,2.665371811623988649e-03,3.440032269654250303e-03,4.191608954486610722e-03,4.838094273467069550e-03,5.299766337854223790e-03,5.515169692142328148e-03,5.452045267574933546e-03,5.109822927321105296e-03,4.513819374879278305e-03,3.704676940354448018e-03,2.728108439464293437e-03,1.629097404836764296e-03,4.519936563609639325e-04,2.355208003752187328e-04,1.717674007653727079e-04,9.954382106104027537e-05,2.087672478536443081e-05,0.000000000000000000e+00,0.000000000000000000e+00,0.000000000000000000e+00,0.000000000000000000e+00,0.000000000000000000e+00,0.000000000000000000e+00,1.039961047827874121e-04,3.841091388252038737e-04,5.706360940634780518e-04,6.693676632995282892e-04,6.910294400175750161e-04,6.464087610228670200e-04,5.440598729028995424e-04,3.909711474996249215e-04,1.951268993946809116e-04,0.000000000000000000e+00,0.000000000000000000e+00,0.000000000000000000e+00,0.000000000000000000e+00,0.000000000000000000e+00,0.000000000000000000e+00,0.000000000000000000e+00,0.000000000000000000e+00,0.000000000000000000e+00,6.606481096877054053e-05,1.602568793363900578e-04,2.518156202818697185e-04,3.394000211246038664e-04,4.218314646948239147e-04,4.981197462472831440e-04,5.674832040615115317e-04,6.293639972263502958e-04,6.834341410328271431e-04,7.295958649208290599e-04,7.679741319580362302e-04,7.989028466242489943e-04,8.229065355039341494e-04,8.406757188727555230e-04,8.530389107789337986e-04,8.609340339268203857e-04,8.653764323058698704e-04,8.674272456912070044e-04,8.681633078680087851e-04,8.686487113285090841e-04,8.699079490916339016e-04,8.729031804572131518e-04,8.785137478841677184e-04,1.259475456551909693e-03,2.166442552961584701e-03,2.937504888398586537e-03,3.549236628450342431e-03,3.994763434493090945e-03,4.281392405407211457e-03,4.427884061054038548e-03,4.461665597618508575e-03,4.415575627348055157e-03,4.323575561203686461e-03,0.000000000000000000e+00,0.000000000000000000e+00,0.000000000000000000e+00,0.000000000000000000e+00,0.000000000000000000e+00,0.000000000000000000e+00,0.000000000000000000e+00,0.000000000000000000e+00,0.000000000000000000e+00,0.000000000000000000e+00,2.263881565800386771e-04,8.700660325225129631e-04,5.115397723725355512e-03,0.000000000000000000e+00,0.000000000000000000e+00,0.000000000000000000e+00,0.000000000000000000e+00,0.000000000000000000e+00,0.000000000000000000e+00,0.000000000000000000e+00,0.000000000000000000e+00,0.000000000000000000e+00,0.000000000000000000e+00,0.000000000000000000e+00,0.000000000000000000e+00,0.000000000000000000e+00,0.000000000000000000e+00,0.000000000000000000e+00,0.000000000000000000e+00,0.000000000000000000e+00,9.245716672355102056e-05,8.592454265990370375e-04,1.553577785751260060e-03,2.105699312421831400e-03,2.460597316956955605e-03,2.591615902759365764e-03,2.507012638507171050e-03,2.247260788276353970e-03,1.874063031762327174e-03,1.454633767940474980e-03,1.045977728498350204e-03,6.833673238973667638e-04,3.755424499984542745e-04,1.070141965466417166e-04,0.000000000000000000e+00,0.000000000000000000e+00,0.000000000000000000e+00,0.000000000000000000e+00,0.000000000000000000e+00,0.000000000000000000e+00,0.000000000000000000e+00,0.000000000000000000e+00,0.000000000000000000e+00,0.000000000000000000e+00,0.000000000000000000e+00,0.000000000000000000e+00,0.000000000000000000e+00,0.000000000000000000e+00,0.000000000000000000e+00,0.000000000000000000e+00,6.086739036261621825e-04,1.698220946785823854e-03,2.756170189373607568e-03,3.662703589376956753e-03,4.308416956600889455e-03,4.618334844289918341e-03,4.568207388023172964e-03,4.188196578961423007e-03,3.553254049648439487e-03,2.763840893070817432e-03,1.923445470432569608e-03,1.801588040809541961e-03,1.757260550392715417e-03,1.835999561521850336e-03,6.175415695672683376e-04,1.156109134996630627e-03,1.786603149672924117e-03,3.992778896787312591e-03,0.000000000000000000e+00,0.000000000000000000e+00,0.000000000000000000e+00,0.000000000000000000e+00,0.000000000000000000e+00,0.000000000000000000e+00,0.000000000000000000e+00,0.000000000000000000e+00,0.000000000000000000e+00,0.000000000000000000e+00,0.000000000000000000e+00,0.000000000000000000e+00,0.000000000000000000e+00,0.000000000000000000e+00,0.000000000000000000e+00,0.000000000000000000e+00,0.000000000000000000e+00,0.000000000000000000e+00,0.000000000000000000e+00,0.000000000000000000e+00,6.477188045143587316e-05,6.504623476928482343e-04,8.990336860251782166e-04,8.023772461085840928e-04,3.968292190522125311e-04,0.000000000000000000e+00,0.000000000000000000e+00,0.000000000000000000e+00,0.000000000000000000e+00,0.000000000000000000e+00,0.000000000000000000e+00,0.000000000000000000e+00,0.000000000000000000e+00,0.000000000000000000e+00,0.000000000000000000e+00,0.000000000000000000e+00,0.000000000000000000e+00,0.000000000000000000e+00,0.000000000000000000e+00
0.000000000000000000e+00,0.000000000000000000e+00,0.000000000000000000e+00,0.000000000000000000e+00,0.000000000000000000e+00,0.000000000000000000e+00,3.694389094141262890e-04,0.000000000000000000e+00,0.000000000000000000e+00,0.000000000000000000e+00,0.000000000000000000e+00,0.000000000000000000e+00,0.000000000000000000e+00,0.000000000000000000e+00,0.000000000000000000e+00,0.000000000000000000e+00,0.000000000000000000e+00,0.000000000000000000e+00,0.000000000000000000e+00,0.000000000000000000e+00,0.000000000000000000e+00,0.000000000000000000e+00,0.000000000000000000e+00,0.000000000000000000e+00,0.000000000000000000e+00,0.000000000000000000e+00,0.000000000000000000e+00,2.160429736138919576e-04,1.167899956440712674e-03,2.067581287826488964e-03,2.877974813518174423e-03,3.828161671383478390e-03,5.849263373381620272e-03,0.000000000000000000e+00,0.000000000000000000e+00,0.000000000000000000e+00,0.000000000000000000e+00,0.000000000000000000e+00,0.000000000000000000e+00,0.000000000000000000e+00,0.000000000000000000e+00,7.964340727979868752e-04,8.115981548347313713e-04,1.554364005422699752e-03,7.491783809208564103e-05,0.000000000000000000e+00,0.000000000000000000e+00,0.000000000000000000e+00,0.000000000000000000e+00,0.000000000000000000e+00,0.000000000000000000e+00,0.000000000000000000e+00,0.000000000000000000e+00,0.000000000000000000e+00,0.000000000000000000e+00,0.000000000000000000e+00,0.000000000000000000e+00,0.000000000000000000e+00,0.000000000000000000e+00,0.000000000000000000e+00,0.000000000000000000e+00,0.000000000000000000e+00,9.234912946457723244e-04,1.961657200343265746e-03,0.000000000000000000e+00,0.000000000000000000e+00,0.000000000000000000e+00,0.000000000000000000e+00,0.000000000000000000e+00,2.479132016643947946e-05,0.000000000000000000e+00,0.000000000000000000e+00,0.000000000000000000e+00,2.683692401628255176e-04,8.488485879891803773e-04,1.333750772855009457e-03,1.596314083643029721e-03,1.535678934023421713e-03,1.101072263146427857e-03,3.042175711490733127e-04,0.000000000000000000e+00,5.489661524224980329e-04,1.201225454508307285e-03,1.731581955079672082e-03,2.093513111041287247e-03,2.265088061719125207e-03,2.253071720676310449e-03,2.087713615377529905e-03,1.810323567148358192e-03,1.459215388300271095e-03,1.060275205985413685e-03,6.258410939256515721e-04,1.611940105341120233e-04,0.000000000000000000e+00,0.000000000000000000e+00,0.000000000000000000e+00,0.000000000000000000e+00,0.000000000000000000e+00,0.000000000000000000e+00,0.000000000000000000e+00,0.000000000000000000e+00,0.000000000000000000e+00,0.000000000000000000e+00,0.000000000000000000e+00,0.000000000000000000e+00,0.000000000000000000e+00,0.000000000000000000e+00,0.000000000000000000e+00,0.000000000000000000e+00,0.000000000000000000e+00,0.000000000000000000e+00,0.000000000000000000e+00,0.000000000000000000e+00,0.000000000000000000e+00,0.000000000000000000e+00,0.000000000000000000e+00,0.000000000000000000e+00,0.000000000000000000e+00,0.000000000000000000e+00,0.000000000000000000e+00,0.000000000000000000e+00,0.000000000000000000e+00,0.000000000000000000e+00,0.000000000000000000e+00,0.000000000000000000e+00,0.000000000000000000e+00,0.000000000000000000e+00,0.000000000000000000e+00,0.000000000000000000e+00,4.195385109057954876e-04,1.200677063346538773e-03,1.756858722668571283e-03,2.101463954213058857e-03,2.268595707985984929e-03,2.303093971928259643e-03,2.251019364301950088e-03,2.151784696652074037e-03,2.032241631821089974e-03,1.902863800048523388e-03,1.756683348009834694e-03,1.572148748400792936e-03,1.320750163769191009e-03,9.787439285877665932e-04,5.400964780589632931e-04,2.612475847295721697e-05,0.000000000000000000e+00,0.000000000000000000e+00,2.034008831315248429e-04,5.502260803323382344e-04,6.467686013832001134e-04,4.806806843591534791e-04,6.974530712630349206e-05,0.000000000000000000e+00,2.550915597441793256e-04,6.384049385246460965e-04,8.030812684420158805e-04,6.861906823868615772e-04,2.653666426007316934e-04,0.000000000000000000e+00,0.000000000000000000e+00,0.000000000000000000e+00,0.000000000000000000e+00,0.000000000000000000e+00,0.000000000000000000e+00,0.000000000000000000e+00,0.000000000000000000e+00,0.000000000000000000e+00,0.000000000000000000e+00,0.000000000000000000e+00,0.000000000000000000e+00,0.000000000000000000e+00,0.000000000000000000e+00,5.092902777610402131e-04,1.425957037076871787e-03,2.098001182629114034e-03,2.475338897334920883e-03,2.535741461626655948e-03,2.291746719755706312e-03,1.793107720613163272e-03,1.633130109935112661e-03,1.995858769555421217e-03,2.998846870743953827e-03,3.660542077796386656e-03,0.000000000000000000e+00,0.000000000000000000e+00,0.000000000000000000e+00,0.000000000000000000e+00,0.000000000000000000e+00,0.000000000000000000e+00,0.000000000000000000e+00,0.000000000000000000e+00,0.000000000000000000e+00,0.000000000000000000e+00,0.000000000000000000e+00,0.000000000000000000e+00,0.000000000000000000e+00,0.000000000000000000e+00,0.000000000000000000e+00,0.000000000000000000e+00,0.000000000000000000e+00,0.000000000000000000e+00,0.000000000000000000e+00,0.000000000000000000e+00,0.000000000000000000e+00,0.000000000000000000e+00,0.000000000000000000e+00,0.000000000000000000e+00,0.000000000000000000e+00,0.000000000000000000e+00,0.000000000000000000e+00,0.000000000000000000e+00,0.000000000000000000e+00,0.000000000000000000e+00,0.000000000000000000e+00,0.000000000000000000e+00,0.000000000000000000e+00,5.089768936935102278e-05,1.658883315320413166e-04,2.575862962581624486e-04,3.256411124874910505e-04,3.699486774797889461e-04,3.906461280120963387e-04,3.881053052277000197e-04,3.629240650385622468e-04,3.159171147873248591e-04,2.481032382446247183e-04,1.606918670080281937e-04,5.506330781951373208e-05,0.000000000000000000e+00,0.000000000000000000e+00,0.000000000000000000e+00,0.000000000000000000e+00,0.000000000000000000e+00,0.000000000000000000e+00,0.000000000000000000e+00,0.000000000000000000e+00,0.000000000000000000e+00,0.000000000000000000e+00,0.000000000000000000e+00,0.000000000000000000e+00,0.000000000000000000e+00,0.000000000000000000e+00,4.813581471242913822e-05,1.086604032716133534e-03,1.936350083783306558e-03,2.551597494281048883e-03,2.910466169409726273e-03,3.028148673816483550e-03,2.960756606686457300e-03,2.796453771107469503e-03,2.635190404009596973e-03,2.562953926551055257e-03,2.628960695963351250e-03,2.833487812490971623e-03,3.130337276423068860e-03,3.442732252355684090e-03,3.686903924818413746e-03,4.386592388174597422e-03,1.424947131523888110e-03,2.228278207871018778e-03,2.975967684688524562e-03,3.651456378386333957e-03,4.249774362642925671e-03,4.772838878351287270e-03,5.218905547738071291e-03,0.000000000000000000e+00,0.000000000000000000e+00,0.000000000000000000e+00,0.000000000000000000e+00,0.000000000000000000e+00,0.000000000000000000e+00,0.000000000000000000e+00,2.343668567425061071e-04,0.000000000000000000e+00,0.000000000000000000e+00,5.826163657230158839e-03,0.000000000000000000e+00,0.000000000000000000e+00,0.000000000000000000e+00,0.000000000000000000e+00,0.000000000000000000e+00,0.000000000000000000e+00,0.000000000000000000e+00,0.000000000000000000e+00,0.000000000000000000e+00,0.000000000000000000e+00,0.000000000000000000e+00,9.792134262423606798e-04,0.000000000000000000e+00,1.835659590493085537e-03,0.000000000000000000e+00,2.265403329507594205e-04,0.000000000000000000e+00,3.377482927359989808e-03,7.058586884925358408e-04,9.160873616192481087e-04,0.000000000000000000e+00,0.000000000000000000e+00,0.000000000000000000e+00,0.000000000000000000e+00,0.000000000000000000e+00,0.000000000000000000e+00,0.000000000000000000e+00,1.038965121480463043e-03,1.824664766143436600e-03,2.262952092948077986e-03,2.333875647288261631e-03,2.079117206826640567e-03,1.592177767441150084e-03,9.984423771360636905e-04,4.297447753824111343e-04,0.000000000000000000e+00,0.000000000000000000e+00,0.000000000000000000e+00,5.641859288367166264e-05,4.777372992856925254e-04,1.000328527997808000e-03,1.550912495678963363e-03,2.065759651647520578e-03,2.495788845667316642e-03,2.805050809276890631e-03,2.965595529777219179e-03,2.953339505526349218e-03,2.749098861650432161e-03,2.346361522422934706e-03,1.763526407262800376e-03,1.055069610832395574e-03,3.151502461364276897e-04,0.000000000000000000e+00,0.000000000000000000e+00,0.000000000000000000e+00,8.528875627908503890e-05,5.988948565868055986e-04,1.539300337433308465e-03,0.000000000000000000e+00,0.000000000000000000e+00,0.000000000000000000e+00,0.000000000000000000e+00,0.000000000000000000e+00,0.000000000000000000e+00,0.000000000000000000e+00,0.000000000000000000e+00,0.000000000000000000e+00,0.000000000000000000e+00,0.000000000000000000e+00,0.000000000000000000e+00,1.224666121544328544e-03,3.141043090802649301e-03,3.507287646313751207e-03,4.420000877537757188e-03,5.175766897786156229e-03,5.724374283968764257e-03,6.029543124518153656e-03,6.079797628983779623e-03,5.895548127076909346e-03,0.000000000000000000e+00,0.000000000000000000e+00,0.000000000000000000e+00,0.000000000000000000e+00,0.000000000000000000e+00,0.000000000000000000e+00,0.000000000000000000e+00,0.000000000000000000e+00,0.000000000000000000e+00,0.000000000000000000e+00,0.000000000000000000e+00,0.000000000000000000e+00,0.000000000000000000e+00,0.000000000000000000e+00,0.000000000000000000e+00,0.000000000000000000e+00,0.000000000000000000e+00,0.000000000000000000e+00,0.000000000000000000e+00,0.000000000000000000e+00,0.000000000000000000e+00,0.000000000000000000e+00,0.000000000000000000e+00,0.000000000000000000e+00,2.307881157293801590e-03,1.015915460600701073e-03,0.000000000000000000e+00,0.000000000000000000e+00,0.000000000000000000e+00,0.000000000000000000e+00,0.000000000000000000e+00,0.000000000000000000e+00,0.000000000000000000e+00,0.000000000000000000e+00,0.000000000000000000e+00,6.628010163816240021e-04,1.279471914262643581e-03,1.769881803982977474e-03,2.110996883624002059e-03,2.306467537411266942e-03,2.382341020364657069e-03,2.377314391233086889e-03,2.331273192936961572e-03,2.275890844738345711e-03,2.229644037431010792e-03
1.149382905033360276e-07,4.405553318243550748e-04,0.000000000000000000e+00,0.000000000000000000e+00,0.000000000000000000e+00,0.000000000000000000e+00,0.000000000000000000e+00,0.000000000000000000e+00,0.000000000000000000e+00,0.000000000000000000e+00,0.000000000000000000e+00,0.000000000000000000e+00,0.000000000000000000e+00,0.000000000000000000e+00,0.000000000000000000e+00,0.000000000000000000e+00,0.000000000000000000e+00,0.000000000000000000e+00,0.000000000000000000e+00,0.000000000000000000e+00,5.194742192165482551e-04,9.461960705813317460e-04,9.984726536050249519e-04,6.316592735018044472e-04,0.000000000000000000e+00,0.000000000000000000e+00,0.000000000000000000e+00,0.000000000000000000e+00,0.000000000000000000e+00,0.000000000000000000e+00,0.000000000000000000e+00,0.000000000000000000e+00,1.296511518750738737e-04,6.498279750158994636e-04,1.236011383403906247e-03,1.810964838693410271e-03,2.292074086599425829e-03,2.615228488465707376e-03,2.746469863257360207e-03,2.685735141368341804e-03,2.461857480901172204e-03,2.120884790016934213e-03,1.711719410074035493e-03,1.273443863963693093e-03,8.275443015568557025e-04,3.762870148731337007e-04,0.000000000000000000e+00,0.000000000000000000e+00,0.000000000000000000e+00,1.786103502015650877e-03,1.164854514489129791e-03,6.002829451189053457e-03,0.000000000000000000e+00,0.000000000000000000e+00,0.000000000000000000e+00,0.000000000000000000e+00,0.000000000000000000e+00,0.000000000000000000e+00,2.376253514885713104e-03,0.000000000000000000e+00,0.000000000000000000e+00,3.666362835326187068e-04,9.516561168791793464e-04,5.411593228843318559e-03,1.286236777354148996e-03,1.083320307736444863e-03,7.355962872787520385e-04,3.521423763714664947e-04,4.395931540689265797e-05,9.944553885592673811e-05,3.092556469629632838e-05,0.000000000000000000e+00,0.000000000000000000e+00,0.000000000000000000e+00,0.000000000000000000e+00,0.000000000000000000e+00,0.000000000000000000e+00,0.000000000000000000e+00,0.000000000000000000e+00,0.000000000000000000e+00,0.000000000000000000e+00,0.000000000000000000e+00,0.000000000000000000e+00,0.000000000000000000e+00,0.000000000000000000e+00,0.000000000000000000e+00,0.000000000000000000e+00,0.000000000000000000e+00,0.000000000000000000e+00,5.431518959529218159e-05,1.400362973372411854e-04,2.050515221400325036e-04,2.056588023449111070e-04,9.263785679462012987e-05,6.004544441469396527e-04,9.933983765050659939e-04,1.174609548072091687e-03,1.150681173824508576e-03,9.726825003231854378e-04,7.309553162832666505e-04,5.388227273401736571e-04,5.074637730816150983e-04,7.184911294370252555e-04,1.203095364334155672e-03,1.935273614083142133e-03,2.841709744343770203e-03,3.880538588630078490e-03,0.000000000000000000e+00,0.000000000000000000e+00,0.000000000000000000e+00,0.000000000000000000e+00,0.000000000000000000e+00,0.000000000000000000e+00,0.000000000000000000e+00,0.000000000000000000e+00,0.000000000000000000e+00,0.000000000000000000e+00,0.000000000000000000e+00,0.000000000000000000e+00,0.000000000000000000e+00,0.000000000000000000e+00,0.000000000000000000e+00,0.000000000000000000e+00,0.000000000000000000e+00,0.000000000000000000e+00,0.000000000000000000e+00,0.000000000000000000e+00,0.000000000000000000e+00,0.000000000000000000e+00,0.000000000000000000e+00,0.000000000000000000e+00,0.000000000000000000e+00,0.000000000000000000e+00,3.964746391013297048e-04,1.187134901320403358e-03,1.833267415236221462e-03,2.261490433181055377e-03,2.439411171739446719e-03,2.383651912953857564e-03,2.154253175520583381e-03,1.838157423903116804e-03,1.528051690892146333e-03,1.303956912151761670e-03,1.223094124618498120e-03,1.319385722980571636e-03,1.609419373826837278e-03,2.098948268187235660e-03,2.784491587397765026e-03,3.648094666617218620e-03,4.647970741810019193e-03,5.710994135312068461e-03,6.733125028402282657e-03,7.590719437803555673e-03,8.161015413891938713e-03,8.346172498163297732e-03,8.093909480224016628e-03,7.409188091687074311e-03,6.354504695566915232e-03,5.039583322810560657e-03,3.603464494959034928e-03,2.192937804354051085e-03,1.281847297586361824e-03,1.237911111664042555e-03,1.107535449744487732e-03,1.059835053020257096e-03,1.150709523216687834e-03,1.241998515890477923e-03,1.332960603292251229e-03,1.422789808900720970e-03,1.510644377311300482e-03,1.595673952832518542e-03,1.677044198900035912e-03,1.753959082352723412e-03,1.825674197645591303e-03,2.045658271539011874e-03,2.490115683855873615e-03,2.947800991893601095e-03,3.423460433609775821e-03,3.909516710283396368e-03,4.442737235598271349e-03,0.000000000000000000e+00,0.000000000000000000e+00,0.000000000000000000e+00,0.000000000000000000e+00,0.000000000000000000e+00,0.000000000000000000e+00,0.000000000000000000e+00,5.168030746848578313e-04,2.645453714438802256e-03,3.273181598849666911e-03,4.463647061653440440e-03,5.520952787886071467e-03,6.382293913541322271e-03,7.018550574905005682e-03,7.433774423734500376e-03,7.656142549906616232e-03,0.000000000000000000e+00,0.000000000000000000e+00,0.000000000000000000e+00,0.000000000000000000e+00,0.000000000000000000e+00,0.000000000000000000e+00,0.000000000000000000e+00,0.000000000000000000e+00,0.000000000000000000e+00,2.770020810776619661e-03,5.855968626678798722e-03,0.000000000000000000e+00,0.000000000000000000e+00,0.000000000000000000e+00,0.000000000000000000e+00,0.000000000000000000e+00,0.000000000000000000e+00,0.000000000000000000e+00,0.000000000000000000e+00,0.000000000000000000e+00,0.000000000000000000e+00,8.558379452333240382e-05,2.029070913277530321e-04,3.321445070389942157e-04,4.716300843786718649e-04,6.195830811951302027e-04,7.741357497370477412e-04,9.333539249402305737e-04,1.095261725782808570e-03,1.257865930586756029e-03,1.419183173667531387e-03,1.577267410997879862e-03,1.730237986695626166e-03,1.876314157033045008e-03,2.013845811656545144e-03,2.141349024834225678e-03,2.257542566625312611e-03,2.361380328186568362e-03,2.452085641968849723e-03,2.529181899374133031e-03,2.592516823871487529e-03,2.642283594163963301e-03,2.890761888855774946e-03,3.083312073687344800e-03,3.179212547046961820e-03,1.247880723226127246e-03,7.184045256859749630e-04,2.044036663129548720e-04,0.000000000000000000e+00,0.000000000000000000e+00,0.000000000000000000e+00,0.000000000000000000e+00,0.000000000000000000e+00,0.000000000000000000e+00,0.000000000000000000e+00,0.000000000000000000e+00,2.576562664558019089e-04,1.250342756535915284e-03,0.000000000000000000e+00,0.000000000000000000e+00,0.000000000000000000e+00,0.000000000000000000e+00,0.000000000000000000e+00,0.000000000000000000e+00,0.000000000000000000e+00,0.000000000000000000e+00,2.480602578896113180e-05,1.118038934229981371e-03,0.000000000000000000e+00,0.000000000000000000e+00,1.774158064241359049e-04,6.535356385182413286e-04,8.368717839754426062e-04,7.429511598297251340e-04,4.245362102477550129e-04,0.000000000000000000e+00,0.000000000000000000e+00,0.000000000000000000e+00,0.000000000000000000e+00,0.000000000000000000e+00,0.000000000000000000e+00,0.000000000000000000e+00,0.000000000000000000e+00,0.000000000000000000e+00,1.160930287569030288e-04,6.555840941249932441e-04,1.101894818199577065e-03,1.395322693999286913e-03,1.500404689851348458e-03,1.414581153675523737e-03,1.170722335056411994e-03,8.310130429698888441e-04,4.723936246713061524e-04,1.670848784694941029e-04,0.000000000000000000e+00,0.000000000000000000e+00,0.000000000000000000e+00,0.000000000000000000e+00,8.010766116277624467e-05,1.849229543386539897e-04,2.923481277334247491e-04,4.268886885702756094e-04,0.000000000000000000e+00,0.000000000000000000e+00,0.000000000000000000e+00,0.000000000000000000e+00,0.000000000000000000e+00,0.000000000000000000e+00,0.000000000000000000e+00,0.000000000000000000e+00,0.000000000000000000e+00,0.000000000000000000e+00,0.000000000000000000e+00,0.000000000000000000e+00,0.000000000000000000e+00,0.000000000000000000e+00,0.000000000000000000e+00,0.000000000000000000e+00,0.000000000000000000e+00,0.000000000000000000e+00,0.000000000000000000e+00,0.000000000000000000e+00,0.000000000000000000e+00,0.000000000000000000e+00,0.000000000000000000e+00,3.952017119719592256e-03,5.983948519082262852e-04,1.363868230326147112e-03,0.000000000000000000e+00,0.000000000000000000e+00,0.000000000000000000e+00,0.000000000000000000e+00,0.000000000000000000e+00,0.000000000000000000e+00,0.000000000000000000e+00,0.000000000000000000e+00,0.000000000000000000e+00,0.000000000000000000e+00,0.000000000000000000e+00,0.000000000000000000e+00,0.000000000000000000e+00,0.000000000000000000e+00,0.000000000000000000e+00,0.000000000000000000e+00,0.000000000000000000e+00,0.000000000000000000e+00,0.000000000000000000e+00,0.000000000000000000e+00,0.000000000000000000e+00,0.000000000000000000e+00,0.000000000000000000e+00,0.000000000000000000e+00,0.000000000000000000e+00,0.000000000000000000e+00,0.000000000000000000e+00,0.000000000000000000e+00,0.000000000000000000e+00,0.000000000000000000e+00,0.000000000000000000e+00,0.000000000000000000e+00,1.563113597613867336e-03,0.000000000000000000e+00,3.078115146422650536e-05,1.001462753913669911e-04,2.332896213679268879e-04,3.660164307957394542e-04,4.957640574901385098e-04,6.201087860756127708e-04,7.368341942462524512e-04,8.439834790087674113e-04,9.399017396175440072e-04,1.023271697193153546e-03,1.093125390924716773e-03,1.148854289947323030e-03,1.190194850816184320e-03,2.051332615450153409e-03,3.001561012868253584e-03,3.847036964219457608e-03,4.546090734728250489e-03,5.060254502664202070e-03,5.352731158868935697e-03,5.390928771809505755e-03,5.153843014551293296e-03,4.641568268216626422e-03,3.882027549131691641e-03,2.930512131666944409e-03,1.860728248670956734e-03,7.501223631134605087e-04,6.363887380849265031e-04,5.548119832993872241e-04,4.719242992880955849e-04,3.882343834591693078e-04,3.042295014436912476e-04,2.231008070845405045e-04,1.412261071834979096e-03,2.362624536972101567e-03,3.037492109960128819e-03,3.428542831666245554e-03,3.562585473888934227e-03,3.504243318336414722e-03,3.349305037382705776e-03,3.206626008994792072e-03,3.171703812070887207e-03,3.299868041986936569e-03
1.093071400463000309e-08,7.238827487810702618e-04,9.035795381534120815e-04,0.000000000000000000e+00,0.000000000000000000e+00,0.000000000000000000e+00,0.000000000000000000e+00,1.355569178763332090e-04,6.431438171106551712e-04,1.073146804134119617e-03,1.353539431502522690e-03,1.437306722524143770e-03,1.658226542035736665e-03,1.950549401695513430e-03,2.160669375012954762e-03,2.317839316326424613e-03,2.448706732418914726e-03,2.567158583732308090e-03,2.668805672816064803e-03,2.731708294536983571e-03,2.722990850350273054e-03,3.550894504121061921e-03,4.810093293772368939e-03,0.000000000000000000e+00,0.000000000000000000e+00,0.000000000000000000e+00,0.000000000000000000e+00,0.000000000000000000e+00,4.988581539953256330e-04,9.660376009212815872e-04,1.377268315947161948e-03,0.000000000000000000e+00,0.000000000000000000e+00,0.000000000000000000e+00,0.000000000000000000e+00,0.000000000000000000e+00,0.000000000000000000e+00,0.000000000000000000e+00,5.820572679430889140e-04,1.695170386256910538e-03,2.841070351900311635e-03,3.935438924671462967e-03,0.000000000000000000e+00,0.000000000000000000e+00,0.000000000000000000e+00,0.000000000000000000e+00,0.000000000000000000e+00,0.000000000000000000e+00,0.000000000000000000e+00,0.000000000000000000e+00,0.000000000000000000e+00,0.000000000000000000e+00,0.000000000000000000e+00,2.051229721634330262e-04,0.000000000000000000e+00,0.000000000000000000e+00,0.000000000000000000e+00,0.000000000000000000e+00,0.000000000000000000e+00,0.000000000000000000e+00,0.000000000000000000e+00,0.000000000000000000e+00,0.000000000000000000e+00,0.000000000000000000e+00,0.000000000000000000e+00,0.000000000000000000e+00,0.000000000000000000e+00,0.000000000000000000e+00,0.000000000000000000e+00,2.277194615211350359e-04,1.025856508680413667e-03,1.570890561822270264e-03,1.826178446881931983e-03,1.791486296403058251e-03,1.496524393398161864e-03,9.914687248864281332e-04,3.383028087330482094e-04,1.398902646737301345e-04,4.653546352534764126e-04,8.389971605932424435e-04,1.228488429275125665e-03,4.396066518222530549e-03,9.114001735628661548e-04,8.431206465824008390e-04,7.720561086400554163e-04,6.998530073213369597e-04,6.281927478512853123e-04,5.587391215212229260e-04,4.930888039007898281e-04,4.327243561255253359e-04,3.789717126912905596e-04,3.329608837705374754e-04,2.955981254019466914e-04,2.675425927431561608e-04,2.491925308857819181e-04,2.406806884150293610e-04,2.418781340231909867e-04,2.524056807289242182e-04,2.716522902953104617e-04,2.988008323485708169e-04,3.328565866681385747e-04,3.726820688486894386e-04,4.170285891809647101e-04,4.645744657939376420e-04,5.139554609174615003e-04,5.637982985862942647e-04,6.127483228315971572e-04,6.594913419659834217e-04,7.027756346534817788e-04,6.273427041035857694e-03,2.017932153381268683e-03,0.000000000000000000e+00,0.000000000000000000e+00,0.000000000000000000e+00,0.000000000000000000e+00,0.000000000000000000e+00,0.000000000000000000e+00,4.917692725421265358e-04,1.727429107999473891e-03,2.949740949325348974e-03,4.091586543410418580e-03,5.089734213304806382e-03,5.894507257515863019e-03,7.010865792153807632e-03,6.821883087635256630e-03,0.000000000000000000e+00,0.000000000000000000e+00,0.000000000000000000e+00,0.000000000000000000e+00,0.000000000000000000e+00,0.000000000000000000e+00,0.000000000000000000e+00,0.000000000000000000e+00,0.000000000000000000e+00,0.000000000000000000e+00,0.000000000000000000e+00,0.000000000000000000e+00,0.000000000000000000e+00,0.000000000000000000e+00,0.000000000000000000e+00,0.000000000000000000e+00,0.000000000000000000e+00,2.875182951914959832e-04,6.193913378530554884e-04,1.502503508458777988e-03,2.533514549084006726e-03,3.488815119441919174e-03,0.000000000000000000e+00,0.000000000000000000e+00,0.000000000000000000e+00,0.000000000000000000e+00,0.000000000000000000e+00,0.000000000000000000e+00,0.000000000000000000e+00,0.000000000000000000e+00,0.000000000000000000e+00,0.000000000000000000e+00,0.000000000000000000e+00,0.000000000000000000e+00,0.000000000000000000e+00,0.000000000000000000e+00,0.000000000000000000e+00,0.000000000000000000e+00,0.000000000000000000e+00,0.000000000000000000e+00,0.000000000000000000e+00,0.000000000000000000e+00,0.000000000000000000e+00,6.741706477782344049e-05,1.041852766006062195e-03,1.769684214144130697e-03,2.176445251916851904e-03,2.230249601482432557e-03,1.943109017339021433e-03,1.362580928590329801e-03,5.567735768042358750e-04,0.000000000000000000e+00,0.000000000000000000e+00,0.000000000000000000e+00,0.000000000000000000e+00,0.000000000000000000e+00,0.000000000000000000e+00,0.000000000000000000e+00,0.000000000000000000e+00,0.000000000000000000e+00,0.000000000000000000e+00,0.000000000000000000e+00,0.000000000000000000e+00,0.000000000000000000e+00,0.000000000000000000e+00,0.000000000000000000e+00,0.000000000000000000e+00,0.000000000000000000e+00,0.000000000000000000e+00,0.000000000000000000e+00,0.000000000000000000e+00,0.000000000000000000e+00,0.000000000000000000e+00,0.000000000000000000e+00,0.000000000000000000e+00,0.000000000000000000e+00,0.000000000000000000e+00,0.000000000000000000e+00,0.000000000000000000e+00,0.000000000000000000e+00,0.000000000000000000e+00,0.000000000000000000e+00,0.000000000000000000e+00,0.000000000000000000e+00,0.000000000000000000e+00,0.000000000000000000e+00,0.000000000000000000e+00,0.000000000000000000e+00,0.000000000000000000e+00,0.000000000000000000e+00,0.000000000000000000e+00,0.000000000000000000e+00,0.000000000000000000e+00,0.000000000000000000e+00,0.000000000000000000e+00,0.000000000000000000e+00,0.000000000000000000e+00,0.000000000000000000e+00,0.000000000000000000e+00,0.000000000000000000e+00,0.000000000000000000e+00,0.000000000000000000e+00,0.000000000000000000e+00,0.000000000000000000e+00,0.000000000000000000e+00,0.000000000000000000e+00,0.000000000000000000e+00,0.000000000000000000e+00,0.000000000000000000e+00,0.000000000000000000e+00,1.304534643044626542e-04,0.000000000000000000e+00,0.000000000000000000e+00,0.000000000000000000e+00,0.000000000000000000e+00,0.000000000000000000e+00,0.000000000000000000e+00,0.000000000000000000e+00,0.000000000000000000e+00,0.000000000000000000e+00,0.000000000000000000e+00,9.932068260376466541e-04,1.944268158040906398e-03,2.601675811581796467e-03,2.164937413063156241e-04,5.468174462804716767e-04,1.159104056089106660e-03,1.972000419199621424e-03,2.864773714043224000e-03,0.000000000000000000e+00,0.000000000000000000e+00,0.000000000000000000e+00,0.000000000000000000e+00,0.000000000000000000e+00,0.000000000000000000e+00,0.000000000000000000e+00,2.593925534141484912e-03,0.000000000000000000e+00,0.000000000000000000e+00,0.000000000000000000e+00,0.000000000000000000e+00,1.654261124242786113e-04,4.348571660671441135e-04,6.285468376687256258e-04,0.000000000000000000e+00,0.000000000000000000e+00,0.000000000000000000e+00,0.000000000000000000e+00,0.000000000000000000e+00,0.000000000000000000e+00,0.000000000000000000e+00,9.114863526530504322e-05,2.382631053161329360e-04,3.570314460332865356e-04,4.705201843117593646e-04,6.043023247998822230e-04,7.751885008365218916e-04,9.804376637312709180e-04,1.192206321787353182e-03,0.000000000000000000e+00,0.000000000000000000e+00,0.000000000000000000e+00,0.000000000000000000e+00,0.000000000000000000e+00,7.913564121685135160e-04,0.000000000000000000e+00,0.000000000000000000e+00,1.478821000007208707e-04,9.187712105257057850e-04,1.654339000105815426e-03,2.257539063900888734e-03,0.000000000000000000e+00,0.000000000000000000e+00,0.000000000000000000e+00,0.000000000000000000e+00,2.389228669314615418e-04,7.847376207727951251e-04,1.255322750152894351e-03,1.603610186260405641e-03,1.791063680201203595e-03,4.416037619648881376e-06,4.123000395065303642e-04,8.038694447140274551e-04,1.127971874824577328e-03,1.349772632309633640e-03,1.466297961932003539e-03,1.512279768723975588e-03,1.552218821455131305e-03,1.659891840711319065e-03,1.891804773362657736e-03,2.629056767102725799e-03,3.470829134115881957e-03,0.000000000000000000e+00,0.000000000000000000e+00,0.000000000000000000e+00,0.000000000000000000e+00,0.000000000000000000e+00,0.000000000000000000e+00,0.000000000000000000e+00,0.000000000000000000e+00,0.000000000000000000e+00,0.000000000000000000e+00,0.000000000000000000e+00,0.000000000000000000e+00,0.000000000000000000e+00,0.000000000000000000e+00,0.000000000000000000e+00,0.000000000000000000e+00,0.000000000000000000e+00,0.000000000000000000e+00,0.000000000000000000e+00,0.000000000000000000e+00,0.000000000000000000e+00,0.000000000000000000e+00,0.000000000000000000e+00,0.000000000000000000e+00,0.000000000000000000e+00,0.000000000000000000e+00,0.000000000000000000e+00,0.000000000000000000e+00,0.000000000000000000e+00,5.462142801266199783e-04,1.283535589268732912e-03,2.079289056432751057e-03,2.928439157627298495e-03,3.800724060127406208e-03,0.000000000000000000e+00,0.000000000000000000e+00,0.000000000000000000e+00,0.000000000000000000e+00,0.000000000000000000e+00,0.000000000000000000e+00,0.000000000000000000e+00,0.000000000000000000e+00,0.000000000000000000e+00,0.000000000000000000e+00,0.000000000000000000e+00,0.000000000000000000e+00,6.694082747940943686e-06,1.239418550014850556e-04,2.589211330910638417e-04,4.300581408831081120e-04,6.482491617589619583e-04,7.605227232893187585e-05,0.000000000000000000e+00,0.000000000000000000e+00,5.731447729399167558e-04,1.153039094544607620e-03,1.613205887102860505e-03,1.917304770806341164e-03,2.052262747469285695e-03,2.031733987997893110e-03,1.893646482140962485e-03,1.691836085848665797e-03,1.483725329113490558e-03,1.317573340683209126e-03,1.223118915158850862e-03,1.208275013838416932e-03,1.262307436714486678e-03,1.363680829692479361e-03,1.489412899356643482e-03,1.622781765430779746e-03,1.757317347028445904e-03,1.896469588263132236e-03,2.049541358022096121e-03,2.225153550095471892e-03,2.423875431480422386e-03,2.631952112801356266e-03,2.818261883595144391e-03,2.936396555070143466e-03,2.932645651876969288e-03,2.758758044643335513e-03,2.386241688383283852e-03,1.817693433094237990e-03,1.090986879042643316e-03
0.000000000000000000e+00,6.726919341710411960e-04,1.328681207990268197e-03,1.944283616045630950e-03,0.000000000000000000e+00,0.000000000000000000e+00,0.000000000000000000e+00,0.000000000000000000e+00,0.000000000000000000e+00,0.000000000000000000e+00,0.000000000000000000e+00,0.000000000000000000e+00,0.000000000000000000e+00,0.000000000000000000e+00,0.000000000000000000e+00,0.000000000000000000e+00,0.000000000000000000e+00,0.000000000000000000e+00,0.000000000000000000e+00,0.000000000000000000e+00,0.000000000000000000e+00,0.000000000000000000e+00,0.000000000000000000e+00,4.032830065731616057e-04,8.613260287904630011e-04,1.215998938206844932e-03,1.446148371418438721e-03,0.000000000000000000e+00,0.000000000000000000e+00,0.000000000000000000e+00,0.000000000000000000e+00,0.000000000000000000e+00,0.000000000000000000e+00,0.000000000000000000e+00,0.000000000000000000e+00,0.000000000000000000e+00,0.000000000000000000e+00,0.000000000000000000e+00,0.000000000000000000e+00,0.000000000000000000e+00,0.000000000000000000e+00,0.000000000000000000e+00,0.000000000000000000e+00,0.000000000000000000e+00,0.000000000000000000e+00,1.171196619229576631e-04,1.468587015640257032e-03,0.000000000000000000e+00,2.930718448817727032e-03,0.000000000000000000e+00,0.000000000000000000e+00,0.000000000000000000e+00,2.590676646050730472e-04,0.000000000000000000e+00,1.815825378710653518e-04,9.501366649809377986e-04,1.608571214766795973e-03,2.129800265642808801e-03,2.518813338476112544e-03,2.803141430232726494e-03,3.017183002816522727e-03,3.184999443027555169e-03,3.307440384673936400e-03,3.358826328027707947e-03,3.295582445548735518e-03,3.074805101951435908e-03,2.676461609233920461e-03,2.120632359685515646e-03,1.472243584753470070e-03,8.298761141638594718e-04,3.009423792187550912e-04,0.000000000000000000e+00,0.000000000000000000e+00,0.000000000000000000e+00,2.078238493757530731e-04,4.163248998217225928e-04,4.694425977388092235e-04,2.535535914040415190e-04,0.000000000000000000e+00,0.000000000000000000e+00,0.000000000000000000e+00,0.000000000000000000e+00,0.000000000000000000e+00,0.000000000000000000e+00,0.000000000000000000e+00,0.000000000000000000e+00,0.000000000000000000e+00,0.000000000000000000e+00,0.000000000000000000e+00,0.000000000000000000e+00,0.000000000000000000e+00,0.000000000000000000e+00,0.000000000000000000e+00,0.000000000000000000e+00,0.000000000000000000e+00,0.000000000000000000e+00,0.000000000000000000e+00,0.000000000000000000e+00,0.000000000000000000e+00,0.000000000000000000e+00,0.000000000000000000e+00,0.000000000000000000e+00,0.000000000000000000e+00,0.000000000000000000e+00,0.000000000000000000e+00,0.000000000000000000e+00,0.000000000000000000e+00,0.000000000000000000e+00,0.000000000000000000e+00,0.000000000000000000e+00,0.000000000000000000e+00,0.000000000000000000e+00,0.000000000000000000e+00,0.000000000000000000e+00,0.000000000000000000e+00,0.000000000000000000e+00,0.000000000000000000e+00,0.000000000000000000e+00,7.406220844509181804e-04,8.284498712403082872e-04,1.852678743307824435e-04,1.168010950061269706e-04,0.000000000000000000e+00,0.000000000000000000e+00,0.000000000000000000e+00,0.000000000000000000e+00,2.295195168043896706e-05,3.333923411342004325e-04,6.854867666387136826e-04,1.067164061547029412e-03,1.472306503024854892e-03,1.894316832417567657e-03,2.320317426633999522e-03,2.796566153986563847e-03,0.000000000000000000e+00,0.000000000000000000e+00,0.000000000000000000e+00,0.000000000000000000e+00,0.000000000000000000e+00,0.000000000000000000e+00,0.000000000000000000e+00,0.000000000000000000e+00,2.123260172961779308e-04,9.341372199342203898e-04,2.103346647381644247e-03,0.000000000000000000e+00,0.000000000000000000e+00,0.000000000000000000e+00,1.361695576953659984e-03,0.000000000000000000e+00,0.000000000000000000e+00,0.000000000000000000e+00,0.000000000000000000e+00,0.000000000000000000e+00,0.000000000000000000e+00,0.000000000000000000e+00,0.000000000000000000e+00,0.000000000000000000e+00,1.478048091122051129e-03,0.000000000000000000e+00,0.000000000000000000e+00,0.000000000000000000e+00,0.000000000000000000e+00,0.000000000000000000e+00,0.000000000000000000e+00,1.897262577031841020e-04,5.085067135733916050e-04,8.693064389140118262e-04,1.246789037870055499e-03,1.612739989275335448e-03,1.941221567739595056e-03,2.212208292542714675e-03,2.413030748523229112e-03,2.537919727078672902e-03,2.924694690704972202e-03,3.382437613613854463e-03,3.751790764243530512e-03,4.030272144945517068e-03,4.223413074507398161e-03,4.346749426193033568e-03,4.428044414058618893e-03,4.507235027365632390e-03,4.631538413265847039e-03,4.844966889413606162e-03,5.174566063190584077e-03,5.618325045709756695e-03,3.405823775534466170e-03,3.771914952568317103e-03,4.143905913128559555e-03,4.447956559994369757e-03,4.614433764233106736e-03,4.598121506604949983e-03,4.392342167006842851e-03,4.032640732872167129e-03,3.588528361592488274e-03,3.145279238401449580e-03,2.781080420714850121e-03,2.546713769059977088e-03,2.454313450760109861e-03,2.478448212717107232e-03,2.568010414856301566e-03,0.000000000000000000e+00,0.000000000000000000e+00,0.000000000000000000e+00,0.000000000000000000e+00,0.000000000000000000e+00,0.000000000000000000e+00,0.000000000000000000e+00,0.000000000000000000e+00,0.000000000000000000e+00,0.000000000000000000e+00,0.000000000000000000e+00,0.000000000000000000e+00,0.000000000000000000e+00,0.000000000000000000e+00,0.000000000000000000e+00,0.000000000000000000e+00,0.000000000000000000e+00,0.000000000000000000e+00,0.000000000000000000e+00,0.000000000000000000e+00,0.000000000000000000e+00,0.000000000000000000e+00,0.000000000000000000e+00,0.000000000000000000e+00,0.000000000000000000e+00,0.000000000000000000e+00,0.000000000000000000e+00,0.000000000000000000e+00,0.000000000000000000e+00,0.000000000000000000e+00,0.000000000000000000e+00,0.000000000000000000e+00,0.000000000000000000e+00,0.000000000000000000e+00,0.000000000000000000e+00,4.944858625016614745e-03,3.408035916861033209e-05,5.461063054436109208e-04,0.000000000000000000e+00,0.000000000000000000e+00,1.873333881151589386e-04,3.333297040009713355e-04,1.525990933704600904e-03,2.416577062879196689e-03,2.892276870602384937e-03,2.902855453549572223e-03,2.467441200452198148e-03,1.665109795068825784e-03,6.120155834741586786e-04,0.000000000000000000e+00,0.000000000000000000e+00,0.000000000000000000e+00,0.000000000000000000e+00,0.000000000000000000e+00,0.000000000000000000e+00,0.000000000000000000e+00,0.000000000000000000e+00,0.000000000000000000e+00,0.000000000000000000e+00,0.000000000000000000e+00,0.000000000000000000e+00,0.000000000000000000e+00,0.000000000000000000e+00,4.791054256154178700e-04,1.842878786472223985e-03,2.870638761797829255e-03,3.473928799643793714e-03,3.643051654805838473e-03,3.449581316542261328e-03,3.028948868435334986e-03,2.546953490954616608e-03,2.159127764609680093e-03,1.974228355540831332e-03,2.123136821115972819e-03,1.344795497787794791e-04,5.719406647164902816e-05,0.000000000000000000e+00,0.000000000000000000e+00,0.000000000000000000e+00,0.000000000000000000e+00,1.957309465199934983e-05,2.021072772915713316e-04,3.483402760632010962e-04,3.939228538431479329e-04,2.946768028026245170e-04,3.777492702979742340e-05,0.000000000000000000e+00,0.000000000000000000e+00,0.000000000000000000e+00,0.000000000000000000e+00,0.000000000000000000e+00,0.000000000000000000e+00,0.000000000000000000e+00,0.000000000000000000e+00,0.000000000000000000e+00,0.000000000000000000e+00,0.000000000000000000e+00,3.192314003587460539e-04,0.000000000000000000e+00,0.000000000000000000e+00,0.000000000000000000e+00,0.000000000000000000e+00,0.000000000000000000e+00,0.000000000000000000e+00,0.000000000000000000e+00,4.989079201466079276e-04,1.107798501895301477e-03,8.389338502816742109e-04,0.000000000000000000e+00,0.000000000000000000e+00,0.000000000000000000e+00,0.000000000000000000e+00,0.000000000000000000e+00,0.000000000000000000e+00,0.000000000000000000e+00,0.000000000000000000e+00,0.000000000000000000e+00,0.000000000000000000e+00,0.000000000000000000e+00,0.000000000000000000e+00,0.000000000000000000e+00,0.000000000000000000e+00,0.000000000000000000e+00,0.000000000000000000e+00,0.000000000000000000e+00,0.000000000000000000e+00,0.000000000000000000e+00,6.647777033967952045e-04,1.701156080813078127e-03,2.618023136367229279e-03,3.302990553893206914e-03,3.696015828105820005e-03,3.803078776010817338e-03,3.691469717134013805e-03,3.468257902746421217e-03,3.249206144815935428e-03,3.128310132217761511e-03,3.157122296936914780e-03,3.338569831620208459e-03,3.634384083496196120e-03,3.980992310066316410e-03,4.307429582091753910e-03,4.550382718591497455e-03,4.664321988116122697e-03,4.627012614283072117e-03,4.441401217456150512e-03,4.134245956910139602e-03,3.751088687067190980e-03,0.000000000000000000e+00,0.000000000000000000e+00,0.000000000000000000e+00,0.000000000000000000e+00,0.000000000000000000e+00,0.000000000000000000e+00,5.910303858827616009e-04,1.354044365803680310e-03,1.830239538958898125e-03,2.009594647339894759e-03,1.912779147662940337e-03,1.586188791408635551e-03,1.090644917596320746e-03,4.871385776477348451e-04,0.000000000000000000e+00,0.000000000000000000e+00,0.000000000000000000e+00,0.000000000000000000e+00,0.000000000000000000e+00,0.000000000000000000e+00,0.000000000000000000e+00,0.000000000000000000e+00,0.000000000000000000e+00,0.000000000000000000e+00,0.000000000000000000e+00,0.000000000000000000e+00,0.000000000000000000e+00,0.000000000000000000e+00,0.000000000000000000e+00,0.000000000000000000e+00,5.989350338949525621e-03,3.055592139574266519e-04,0.000000000000000000e+00,0.000000000000000000e+00,0.000000000000000000e+00,0.000000000000000000e+00,0.000000000000000000e+00,0.000000000000000000e+00,0.000000000000000000e+00,0.000000000000000000e+00,4.806780254025868075e-05,1.690545610730636585e-04,1.907082770812958865e-04,1.557462142788164339e-04,1.021218485050942370e-04,5.680003052635753595e-05,3.272452329203334265e-05,2.872697032585150721e-05,3.191628686337094536e-05,2.237247932623368481e-05,0.000000000000000000e+00
9.215938024158020252e-08,3.129470448716673600e-04,0.000000000000000000e+00,0.000000000000000000e+00,0.000000000000000000e+00,0.000000000000000000e+00,0.000000000000000000e+00,0.000000000000000000e+00,0.000000000000000000e+00,0.000000000000000000e+00,0.000000000000000000e+00,0.000000000000000000e+00,0.000000000000000000e+00,3.343568590408819486e-04,1.406844178277340566e-03,0.000000000000000000e+00,0.000000000000000000e+00,0.000000000000000000e+00,0.000000000000000000e+00,6.578526684232215063e-04,7.398024703787185491e-05,5.528071602386127378e-04,1.095253852808598938e-03,1.502393648584844123e-03,1.670909114268872295e-03,1.532547188784056519e-03,1.069257239807445059e-03,3.181190707825170085e-04,0.000000000000000000e+00,0.000000000000000000e+00,0.000000000000000000e+00,0.000000000000000000e+00,0.000000000000000000e+00,0.000000000000000000e+00,0.000000000000000000e+00,0.000000000000000000e+00,3.986182101552942711e-03,1.944917682008417026e-04,0.000000000000000000e+00,0.000000000000000000e+00,0.000000000000000000e+00,0.000000000000000000e+00,8.142149349629290798e-05,5.191521395325655614e-04,9.053531245697731336e-04,1.898760860875428873e-03,4.785724137537088370e-03,0.000000000000000000e+00,0.000000000000000000e+00,0.000000000000000000e+00,0.000000000000000000e+00,0.000000000000000000e+00,0.000000000000000000e+00,0.000000000000000000e+00,0.000000000000000000e+00,0.000000000000000000e+00,0.000000000000000000e+00,0.000000000000000000e+00,0.000000000000000000e+00,0.000000000000000000e+00,0.000000000000000000e+00,0.000000000000000000e+00,0.000000000000000000e+00,0.000000000000000000e+00,0.000000000000000000e+00,0.000000000000000000e+00,0.000000000000000000e+00,0.000000000000000000e+00,0.000000000000000000e+00,0.000000000000000000e+00,0.000000000000000000e+00,0.000000000000000000e+00,0.000000000000000000e+00,0.000000000000000000e+00,0.000000000000000000e+00,0.000000000000000000e+00,0.000000000000000000e+00,0.000000000000000000e+00,0.000000000000000000e+00,0.000000000000000000e+00,0.000000000000000000e+00,4.389134536389519003e-04,8.352339070719812242e-04,0.000000000000000000e+00,0.000000000000000000e+00,1.714888259648277783e-04,9.717910113855413338e-04,2.398142051625056035e-03,2.906313996111275274e-03,0.000000000000000000e+00,0.000000000000000000e+00,0.000000000000000000e+00,0.000000000000000000e+00,0.000000000000000000e+00,0.000000000000000000e+00,0.000000000000000000e+00,0.000000000000000000e+00,0.000000000000000000e+00,0.000000000000000000e+00,0.000000000000000000e+00,0.000000000000000000e+00,0.000000000000000000e+00,0.000000000000000000e+00,0.000000000000000000e+00,0.000000000000000000e+00,0.000000000000000000e+00,0.000000000000000000e+00,0.000000000000000000e+00,0.000000000000000000e+00,0.000000000000000000e+00,9.132573594402480744e-04,1.704331762437495418e-03,2.236999192766204840e-03,2.533629599311088953e-03,2.658343206530644227e-03,2.687296888913088579e-03,2.680006332586486531e-03,2.661104722993497176e-03,2.616970623759674267e-03,2.505875978306100049e-03,2.276203536236509270e-03,1.885992647415634521e-03,1.318238066019294203e-03,5.886287824584074228e-04,0.000000000000000000e+00,0.000000000000000000e+00,0.000000000000000000e+00,0.000000000000000000e+00,0.000000000000000000e+00,0.000000000000000000e+00,0.000000000000000000e+00,0.000000000000000000e+00,0.000000000000000000e+00,0.000000000000000000e+00,0.000000000000000000e+00,0.000000000000000000e+00,0.000000000000000000e+00,0.000000000000000000e+00,0.000000000000000000e+00,0.000000000000000000e+00,0.000000000000000000e+00,0.000000000000000000e+00,0.000000000000000000e+00,0.000000000000000000e+00,0.000000000000000000e+00,0.000000000000000000e+00,0.000000000000000000e+00,2.375316372118651956e-04,1.949498039820510254e-04,0.000000000000000000e+00,0.000000000000000000e+00,0.000000000000000000e+00,0.000000000000000000e+00,2.526336706440943949e-04,7.675959484096034954e-04,1.451671565397330164e-03,2.254851272633029858e-03,3.097034835844675402e-03,3.882021719538657645e-03,4.517648428427971895e-03,4.936491618697563116e-03,5.110606494133148638e-03,5.055416496936765251e-03,4.821600220233936661e-03,4.478150840759808314e-03,4.092960404679390346e-03,5.283863044438653900e-03,0.000000000000000000e+00,0.000000000000000000e+00,0.000000000000000000e+00,0.000000000000000000e+00,0.000000000000000000e+00,0.000000000000000000e+00,0.000000000000000000e+00,0.000000000000000000e+00,0.000000000000000000e+00,0.000000000000000000e+00,0.000000000000000000e+00,0.000000000000000000e+00,0.000000000000000000e+00,0.000000000000000000e+00,0.000000000000000000e+00,0.000000000000000000e+00,0.000000000000000000e+00,0.000000000000000000e+00,0.000000000000000000e+00,0.000000000000000000e+00,0.000000000000000000e+00,8.678649496906416490e-04,1.163056156953482315e-03,0.000000000000000000e+00,0.000000000000000000e+00,2.559182413278199628e-05,2.351650780240967752e-04,4.040043678637633934e-04,5.124461326441413908e-04,5.560145321248107604e-04,5.495709880200828337e-04,5.237147626721970917e-04,0.000000000000000000e+00,6.933793569568033794e-05,7.333319698398401267e-05,0.000000000000000000e+00,0.000000000000000000e+00,0.000000000000000000e+00,0.000000000000000000e+00,0.000000000000000000e+00,0.000000000000000000e+00,1.364419850613182174e-04,8.393406701662706193e-04,1.781240743302622050e-03,2.905700131639589196e-03,4.118474849985144341e-03,5.300803716591267860e-03,0.000000000000000000e+00,0.000000000000000000e+00,0.000000000000000000e+00,0.000000000000000000e+00,0.000000000000000000e+00,0.000000000000000000e+00,0.000000000000000000e+00,0.000000000000000000e+00,0.000000000000000000e+00,0.000000000000000000e+00,0.000000000000000000e+00,0.000000000000000000e+00,0.000000000000000000e+00,0.000000000000000000e+00,0.000000000000000000e+00,0.000000000000000000e+00,0.000000000000000000e+00,0.000000000000000000e+00,0.000000000000000000e+00,0.000000000000000000e+00,0.000000000000000000e+00,0.000000000000000000e+00,0.000000000000000000e+00,0.000000000000000000e+00,0.000000000000000000e+00,0.000000000000000000e+00,0.000000000000000000e+00,0.000000000000000000e+00,0.000000000000000000e+00,0.000000000000000000e+00,0.000000000000000000e+00,0.000000000000000000e+00,0.000000000000000000e+00,0.000000000000000000e+00,0.000000000000000000e+00,0.000000000000000000e+00,0.000000000000000000e+00,0.000000000000000000e+00,0.000000000000000000e+00,0.000000000000000000e+00,0.000000000000000000e+00,0.000000000000000000e+00,0.000000000000000000e+00,9.770381597199483733e-04,1.967209320934614532e-03,2.715926893845387047e-03,3.148721293366527410e-03,3.254247560460482754e-03,3.078105214280770462e-03,2.701737720992589912e-03,2.214826013748093410e-03,1.691529570151719883e-03,1.780074009299736741e-03,1.476305158016544316e-03,2.357715036808483156e-03,2.909015929602392497e-03,0.000000000000000000e+00,0.000000000000000000e+00,0.000000000000000000e+00,0.000000000000000000e+00,0.000000000000000000e+00,0.000000000000000000e+00,0.000000000000000000e+00,0.000000000000000000e+00,0.000000000000000000e+00,0.000000000000000000e+00,0.000000000000000000e+00,0.000000000000000000e+00,0.000000000000000000e+00,0.000000000000000000e+00,5.845728312165482821e-04,1.534145907541230964e-03,2.335310867900244457e-03,2.988440397105753422e-03,3.502291718558411381e-03,3.881796848640872710e-03,4.121597553518509954e-03,4.207805353034441316e-03,4.126968143518216364e-03,3.878188356786244941e-03,3.482936217925965312e-03,2.987829318269653259e-03,2.458272997140183852e-03,1.964319843861052177e-03,1.563132334401483130e-03,1.404923020676824164e-03,1.604534901830091415e-03,1.724266725552587318e-03,1.749805893439869290e-03,1.691430506323928591e-03,1.579487048331746236e-03,1.454378581768487428e-03,1.354591271050377063e-03,1.306672622714720325e-03,1.320196729718651867e-03,1.388827626918778639e-03,1.496346270486718921e-03,1.624677166115025533e-03,1.760272413316052182e-03,1.895990120473512201e-03,2.027616166205826759e-03,2.146687234934000627e-03,2.233183702264023105e-03,2.252186530434590120e-03,2.157392063232825390e-03,1.901862848669235839e-03,1.453470104678446792e-03,8.102225610018997564e-04,9.954880673071409808e-06,0.000000000000000000e+00,0.000000000000000000e+00,0.000000000000000000e+00,0.000000000000000000e+00,0.000000000000000000e+00,0.000000000000000000e+00,0.000000000000000000e+00,0.000000000000000000e+00,0.000000000000000000e+00,0.000000000000000000e+00,0.000000000000000000e+00,0.000000000000000000e+00,0.000000000000000000e+00,0.000000000000000000e+00,0.000000000000000000e+00,0.000000000000000000e+00,0.000000000000000000e+00,0.000000000000000000e+00,0.000000000000000000e+00,0.000000000000000000e+00,0.000000000000000000e+00,0.000000000000000000e+00,0.000000000000000000e+00,2.254505973747743467e-05,1.604847904683786772e-04,3.204553921061748206e-04,4.679455990874406730e-04,5.654015962370989622e-04,2.833371047527675698e-03,0.000000000000000000e+00,0.000000000000000000e+00,0.000000000000000000e+00,1.650931464335928878e-03,0.000000000000000000e+00,0.000000000000000000e+00,7.648974103786115235e-05,2.605350991350447354e-04,4.148873235839493087e-04,5.609049285724641279e-04,7.044870474050277716e-04,8.376204842241898995e-04,9.438068876255311778e-04,1.003777172323924412e-03,0.000000000000000000e+00,0.000000000000000000e+00,0.000000000000000000e+00,0.000000000000000000e+00,0.000000000000000000e+00,0.000000000000000000e+00,0.000000000000000000e+00,0.000000000000000000e+00,0.000000000000000000e+00,2.186977805587534665e-04,0.000000000000000000e+00,0.000000000000000000e+00,0.000000000000000000e+00,0.000000000000000000e+00,0.000000000000000000e+00,0.000000000000000000e+00,0.000000000000000000e+00,0.000000000000000000e+00,0.000000000000000000e+00,0.000000000000000000e+00,0.000000000000000000e+00,0.000000000000000000e+00,0.000000000000000000e+00,2.959792647685247926e-05,0.000000000000000000e+00,0.000000000000000000e+00,0.000000000000000000e+00,0.000000000000000000e+00,3.888577349242955676e-04,9.799822966344200539e-04,1.666107336985031898e-03,2.355096140745313073e-03,2.935355819710465906e-03,3.300789344100042884e-03
8.316269903321927723e-08,3.129994615221208705e-04,1.001405631925290983e-04,0.000000000000000000e+00,0.000000000000000000e+00,0.000000000000000000e+00,0.000000000000000000e+00,0.000000000000000000e+00,0.000000000000000000e+00,0.000000000000000000e+00,0.000000000000000000e+00,0.000000000000000000e+00,2.740636773586097282e-05,6.645228005306895534e-04,1.201820223521805810e-03,1.552985116638770256e-03,1.676092146539531714e-03,1.577808454653285928e-03,1.304915971910817043e-03,9.279097398033738170e-04,5.226384884237161507e-04,1.547876432849730401e-04,0.000000000000000000e+00,0.000000000000000000e+00,0.000000000000000000e+00,0.000000000000000000e+00,0.000000000000000000e+00,0.000000000000000000e+00,0.000000000000000000e+00,0.000000000000000000e+00,0.000000000000000000e+00,0.000000000000000000e+00,0.000000000000000000e+00,0.000000000000000000e+00,0.000000000000000000e+00,0.000000000000000000e+00,0.000000000000000000e+00,0.000000000000000000e+00,0.000000000000000000e+00,0.000000000000000000e+00,0.000000000000000000e+00,0.000000000000000000e+00,0.000000000000000000e+00,0.000000000000000000e+00,0.000000000000000000e+00,0.000000000000000000e+00,0.000000000000000000e+00,0.000000000000000000e+00,0.000000000000000000e+00,0.000000000000000000e+00,0.000000000000000000e+00,0.000000000000000000e+00,0.000000000000000000e+00,0.000000000000000000e+00,0.000000000000000000e+00,0.000000000000000000e+00,0.000000000000000000e+00,0.000000000000000000e+00,1.314443954046664036e-04,1.122129186067144686e-03,1.824009055137890915e-03,2.251907231363197738e-03,2.454235672319757949e-03,2.496716597180702411e-03,2.443204413535189634e-03,2.339008224370365228e-03,2.201878270142573670e-03,2.023416034257864010e-03,1.779815233333116630e-03,1.447312478441915287e-03,1.016109075431249637e-03,4.976907627660512356e-04,0.000000000000000000e+00,0.000000000000000000e+00,0.000000000000000000e+00,0.000000000000000000e+00,0.000000000000000000e+00,0.000000000000000000e+00,0.000000000000000000e+00,0.000000000000000000e+00,0.000000000000000000e+00,0.000000000000000000e+00,0.000000000000000000e+00,0.000000000000000000e+00,0.000000000000000000e+00,0.000000000000000000e+00,2.585126251736010058e-04,1.050746075922806208e-03,1.885907594916256267e-03,2.690531722023248393e-03,3.370886140805282385e-03,3.830133052450499561e-03,3.991335453925676062e-03,3.820058872507395634e-03,3.339490607984775018e-03,3.332919861550036767e-03,3.236483883320073404e-03,2.851445474273940628e-03,2.253350362730216841e-03,1.517815980097865546e-03,7.073977187910771318e-04,0.000000000000000000e+00,0.000000000000000000e+00,0.000000000000000000e+00,0.000000000000000000e+00,0.000000000000000000e+00,0.000000000000000000e+00,0.000000000000000000e+00,0.000000000000000000e+00,0.000000000000000000e+00,0.000000000000000000e+00,0.000000000000000000e+00,0.000000000000000000e+00,0.000000000000000000e+00,0.000000000000000000e+00,0.000000000000000000e+00,0.000000000000000000e+00,0.000000000000000000e+00,5.596955860968198674e-04,1.418236364887477674e-03,1.649916438137111847e-03,1.279656866983759850e-03,3.976685028933409582e-04,0.000000000000000000e+00,0.000000000000000000e+00,0.000000000000000000e+00,0.000000000000000000e+00,0.000000000000000000e+00,0.000000000000000000e+00,0.000000000000000000e+00,0.000000000000000000e+00,6.196469142645571375e-04,8.077340291929425639e-03,4.207670687529865313e-05,1.258441312563070486e-04,2.018810955167948051e-04,2.687904648538543906e-04,3.254296344566189872e-04,3.709288356679826446e-04,0.000000000000000000e+00,0.000000000000000000e+00,0.000000000000000000e+00,0.000000000000000000e+00,0.000000000000000000e+00,0.000000000000000000e+00,0.000000000000000000e+00,0.000000000000000000e+00,0.000000000000000000e+00,6.227065702314417937e-03,3.171918757201593660e-03,0.000000000000000000e+00,9.547475390869807491e-06,0.000000000000000000e+00,1.344803279414837560e-04,0.000000000000000000e+00,0.000000000000000000e+00,0.000000000000000000e+00,0.000000000000000000e+00,0.000000000000000000e+00,0.000000000000000000e+00,0.000000000000000000e+00,0.000000000000000000e+00,0.000000000000000000e+00,0.000000000000000000e+00,0.000000000000000000e+00,0.000000000000000000e+00,0.000000000000000000e+00,0.000000000000000000e+00,0.000000000000000000e+00,0.000000000000000000e+00,0.000000000000000000e+00,0.000000000000000000e+00,0.000000000000000000e+00,0.000000000000000000e+00,0.000000000000000000e+00,0.000000000000000000e+00,0.000000000000000000e+00,0.000000000000000000e+00,0.000000000000000000e+00,0.000000000000000000e+00,5.998292975671925317e-04,1.129911050919011348e-03,1.388829849693840523e-03,1.344842950514655222e-03,1.023272098496520602e-03,5.013922606242715400e-04,0.000000000000000000e+00,0.000000000000000000e+00,0.000000000000000000e+00,0.000000000000000000e+00,0.000000000000000000e+00,0.000000000000000000e+00,0.000000000000000000e+00,4.009085037286955330e-04,1.261963032811317959e-03,2.144235569413733590e-03,0.000000000000000000e+00,0.000000000000000000e+00,0.000000000000000000e+00,0.000000000000000000e+00,0.000000000000000000e+00,0.000000000000000000e+00,0.000000000000000000e+00,0.000000000000000000e+00,3.342302952939021216e-03,1.932470961253192430e-03,0.000000000000000000e+00,0.000000000000000000e+00,0.000000000000000000e+00,0.000000000000000000e+00,0.000000000000000000e+00,0.000000000000000000e+00,0.000000000000000000e+00,0.000000000000000000e+00,0.000000000000000000e+00,2.809747903983960630e-04,1.770970378314463490e-03,3.346071683821590873e-03,4.892600090929144843e-03,6.287782030132676309e-03,7.409954638653837994e-03,8.150616961894641480e-03,8.428567207065191039e-03,8.204410245467164478e-03,7.491698734108502913e-03,6.360291181727812174e-03,4.928770125024051728e-03,3.345871923229685671e-03,1.764672495371452741e-03,3.163244932992127193e-04,0.000000000000000000e+00,0.000000000000000000e+00,0.000000000000000000e+00,3.002572451497428213e-03,5.403126723595532734e-04,2.253139011696334362e-03,1.237222288041641381e-04,0.000000000000000000e+00,0.000000000000000000e+00,0.000000000000000000e+00,0.000000000000000000e+00,0.000000000000000000e+00,0.000000000000000000e+00,0.000000000000000000e+00,0.000000000000000000e+00,0.000000000000000000e+00,0.000000000000000000e+00,1.233133733734124863e-03,0.000000000000000000e+00,0.000000000000000000e+00,0.000000000000000000e+00,0.000000000000000000e+00,0.000000000000000000e+00,0.000000000000000000e+00,0.000000000000000000e+00,0.000000000000000000e+00,0.000000000000000000e+00,0.000000000000000000e+00,0.000000000000000000e+00,0.000000000000000000e+00,0.000000000000000000e+00,0.000000000000000000e+00,0.000000000000000000e+00,0.000000000000000000e+00,0.000000000000000000e+00,0.000000000000000000e+00,0.000000000000000000e+00,0.000000000000000000e+00,0.000000000000000000e+00,0.000000000000000000e+00,0.000000000000000000e+00,0.000000000000000000e+00,0.000000000000000000e+00,0.000000000000000000e+00,0.000000000000000000e+00,0.000000000000000000e+00,5.277595117442195234e-04,1.302119032913876505e-03,2.064758389642759335e-03,2.836796086077748164e-03,3.628455874212929960e-03,4.420346451715819608e-03,0.000000000000000000e+00,0.000000000000000000e+00,0.000000000000000000e+00,0.000000000000000000e+00,0.000000000000000000e+00,0.000000000000000000e+00,0.000000000000000000e+00,6.783305278371568959e-04,1.094669637403568449e-03,0.000000000000000000e+00,0.000000000000000000e+00,0.000000000000000000e+00,0.000000000000000000e+00,0.000000000000000000e+00,0.000000000000000000e+00,0.000000000000000000e+00,0.000000000000000000e+00,0.000000000000000000e+00,0.000000000000000000e+00,0.000000000000000000e+00,4.118915039892490255e-03,0.000000000000000000e+00,0.000000000000000000e+00,0.000000000000000000e+00,0.000000000000000000e+00,0.000000000000000000e+00,0.000000000000000000e+00,0.000000000000000000e+00,0.000000000000000000e+00,0.000000000000000000e+00,4.790998761394102586e-03,0.000000000000000000e+00,0.000000000000000000e+00,0.000000000000000000e+00,0.000000000000000000e+00,0.000000000000000000e+00,2.049959028206699632e-03,4.125083634690479735e-03,5.948171333348957306e-03,7.340266860932600189e-03,8.177249439088186966e-03,8.397687166809811657e-03,8.002798261400283567e-03,7.051447231687567319e-03,5.651845526929566779e-03,3.949934102688256767e-03,2.113708483996344471e-03,3.136996060868678339e-04,0.000000000000000000e+00,0.000000000000000000e+00,0.000000000000000000e+00,0.000000000000000000e+00,0.000000000000000000e+00,0.000000000000000000e+00,0.000000000000000000e+00,0.000000000000000000e+00,0.000000000000000000e+00,0.000000000000000000e+00,9.391521605107763923e-04,2.782184230787335903e-03,0.000000000000000000e+00,0.000000000000000000e+00,0.000000000000000000e+00,0.000000000000000000e+00,0.000000000000000000e+00,0.000000000000000000e+00,0.000000000000000000e+00,0.000000000000000000e+00,0.000000000000000000e+00,0.000000000000000000e+00,0.000000000000000000e+00,4.662970268840630752e-04,8.158088203176756641e-04,8.735530465180315089e-04,6.733769398959301268e-04,6.232396218476428645e-04,5.685083775927050539e-04,5.877817264552234527e-04,7.718665476170462857e-04,1.149273315990339715e-03,1.690749848300045297e-03,2.328603038493934872e-03,2.982169221590108034e-03,3.579804212346423230e-03,5.609615167319963527e-03,0.000000000000000000e+00,3.717117745840540621e-04,1.166564946852815480e-03,1.837763893052069214e-03,0.000000000000000000e+00,0.000000000000000000e+00,0.000000000000000000e+00,0.000000000000000000e+00,0.000000000000000000e+00,0.000000000000000000e+00,0.000000000000000000e+00,0.000000000000000000e+00,0.000000000000000000e+00,0.000000000000000000e+00,0.000000000000000000e+00,0.000000000000000000e+00,0.000000000000000000e+00,0.000000000000000000e+00,2.248702071832287507e-04,4.707742517241778816e-04,7.063122773247313855e-04,9.299804664622256809e-04,1.140322907578557267e-03,1.335950861868449684e-03,1.515561867248124781e-03,1.677965791078801869e-03,1.822109069035056242e-03,1.947099267521783250e-03,2.052233060905563240e-03,3.628035002473434592e-03,5.701836326325359153e-03,2.244720643980993927e-03,0.000000000000000000e+00
9.110264884932352175e-08,0.000000000000000000e+00,0.000000000000000000e+00,0.000000000000000000e+00,0.000000000000000000e+00,0.000000000000000000e+00,0.000000000000000000e+00,4.568213435341810782e-05,5.660801763683202857e-04,3.557514073908760524e-03,6.367166881119764232e-04,7.341071101631773104e-04,8.387883280613551333e-04,9.508298060088297065e-04,1.070129921256476662e-03,1.196387842196807664e-03,1.329081347896421492e-03,1.467450832474452571e-03,1.610494363752705549e-03,2.092716757002159415e-03,2.731695936544211670e-03,3.351483117536189701e-03,3.917881895970126878e-03,4.398702296608794811e-03,4.767987967167396958e-03,5.007809334701838512e-03,5.107167607681447827e-03,5.059026609168420022e-03,4.857515657630486275e-03,4.497363353146848451e-03,3.976542622885869196e-03,3.824204141704919385e-03,6.903954381061675610e-04,1.612808776152050479e-03,2.558714109351580869e-03,3.461105150613405772e-03,0.000000000000000000e+00,0.000000000000000000e+00,0.000000000000000000e+00,0.000000000000000000e+00,0.000000000000000000e+00,0.000000000000000000e+00,0.000000000000000000e+00,0.000000000000000000e+00,0.000000000000000000e+00,0.000000000000000000e+00,0.000000000000000000e+00,0.000000000000000000e+00,0.000000000000000000e+00,0.000000000000000000e+00,0.000000000000000000e+00,0.000000000000000000e+00,0.000000000000000000e+00,0.000000000000000000e+00,0.000000000000000000e+00,0.000000000000000000e+00,0.000000000000000000e+00,3.943380301451170794e-04,8.487242070399679886e-04,1.060166868548137681e-03,1.015580151725759212e-03,7.393410211081488876e-04,2.831796964026741820e-04,0.000000000000000000e+00,0.000000000000000000e+00,0.000000000000000000e+00,0.000000000000000000e+00,0.000000000000000000e+00,0.000000000000000000e+00,0.000000000000000000e+00,0.000000000000000000e+00,0.000000000000000000e+00,0.000000000000000000e+00,0.000000000000000000e+00,0.000000000000000000e+00,0.000000000000000000e+00,0.000000000000000000e+00,0.000000000000000000e+00,0.000000000000000000e+00,0.000000000000000000e+00,0.000000000000000000e+00,0.000000000000000000e+00,0.000000000000000000e+00,0.000000000000000000e+00,0.000000000000000000e+00,0.000000000000000000e+00,0.000000000000000000e+00,0.000000000000000000e+00,0.000000000000000000e+00,0.000000000000000000e+00,0.000000000000000000e+00,0.000000000000000000e+00,4.606433863064084665e-04,9.902166082582767887e-04,1.438068447886786715e-03,1.746429996471415011e-03,1.890347345641983472e-03,1.881244130882236704e-03,1.760852864239250510e-03,1.587840241856830221e-03,1.421689704147143006e-03,1.308830765443119888e-03,1.274485167769586315e-03,1.321109177008257009e-03,1.431931458717412581e-03,1.576993850767044545e-03,1.719514481239072141e-03,1.821701362334110421e-03,1.850308925041523143e-03,1.782405704035431009e-03,1.611013419844573285e-03,1.349093670851976177e-03,1.029869296894026171e-03,7.021561487016242603e-04,4.210556205227614698e-04,2.361231963373485896e-04,1.800699077404566270e-04,2.608251032232877841e-04,4.587235991128263174e-04,7.292650734596438497e-04,1.010844998517280036e-03,1.236114205901561822e-03,1.345078033284183988e-03,1.297618713394440258e-03,1.082944555316807042e-03,7.237637404074714334e-04,2.738308971206015736e-04,0.000000000000000000e+00,0.000000000000000000e+00,0.000000000000000000e+00,0.000000000000000000e+00,0.000000000000000000e+00,0.000000000000000000e+00,6.609527073165497285e-05,6.038251404617948643e-04,1.116438092624403786e-03,1.521189550490696044e-03,1.750420718932928959e-03,1.761720282637653122e-03,1.545676286774633939e-03,1.129713793340044337e-03,5.759029649810102356e-04,6.248753597413506371e-04,8.316896017477726352e-04,1.045858450845979244e-03,1.266065023822589763e-03,2.776722373688665646e-03,3.636908836136241302e-03,0.000000000000000000e+00,0.000000000000000000e+00,0.000000000000000000e+00,0.000000000000000000e+00,0.000000000000000000e+00,0.000000000000000000e+00,3.932103230638277626e-04,1.026562518559412385e-03,1.534313763843426701e-03,1.842381957316455631e-03,1.904191838029380439e-03,1.715471643360622685e-03,1.316111894693147493e-03,7.780808380757854234e-04,1.842210210560996369e-04,0.000000000000000000e+00,0.000000000000000000e+00,0.000000000000000000e+00,0.000000000000000000e+00,0.000000000000000000e+00,0.000000000000000000e+00,5.637274241632144042e-04,1.057397765924437440e-03,1.444910135280842939e-03,1.694934840675131442e-03,1.786069120805112596e-03,1.711197722538008396e-03,1.477017523408206924e-03,1.506170298996217360e-03,2.171828095613331268e-03,2.603474810135065088e-03,2.759580586660607873e-03,2.644750688317602100e-03,2.302077602416364652e-03,1.796644777225308654e-03,1.195868295941569098e-03,5.526503408811494957e-04,0.000000000000000000e+00,0.000000000000000000e+00,0.000000000000000000e+00,0.000000000000000000e+00,0.000000000000000000e+00,0.000000000000000000e+00,0.000000000000000000e+00,0.000000000000000000e+00,0.000000000000000000e+00,0.000000000000000000e+00,0.000000000000000000e+00,0.000000000000000000e+00,0.000000000000000000e+00,0.000000000000000000e+00,0.000000000000000000e+00,0.000000000000000000e+00,1.818682321294279010e-03,4.690535479352450979e-03,5.159117144433543857e-04,0.000000000000000000e+00,0.000000000000000000e+00,0.000000000000000000e+00,0.000000000000000000e+00,3.392408972578472018e-05,1.162377985421185651e-03,2.439108756942749961e-03,3.665446727777208879e-03,4.513605655178359877e-03,4.996059833333616265e-03,5.078406749114697076e-03,4.753110681199309261e-03,4.038604749244197392e-03,2.981508334058932327e-03,1.659523133477728641e-03,1.806528872794005099e-04,0.000000000000000000e+00,0.000000000000000000e+00,0.000000000000000000e+00,0.000000000000000000e+00,0.000000000000000000e+00,0.000000000000000000e+00,0.000000000000000000e+00,0.000000000000000000e+00,0.000000000000000000e+00,0.000000000000000000e+00,0.000000000000000000e+00,0.000000000000000000e+00,1.743998109312494733e-04,1.220192216789412962e-03,2.287179339925784431e-03,0.000000000000000000e+00,0.000000000000000000e+00,0.000000000000000000e+00,0.000000000000000000e+00,0.000000000000000000e+00,0.000000000000000000e+00,0.000000000000000000e+00,0.000000000000000000e+00,0.000000000000000000e+00,0.000000000000000000e+00,0.000000000000000000e+00,0.000000000000000000e+00,0.000000000000000000e+00,0.000000000000000000e+00,0.000000000000000000e+00,0.000000000000000000e+00,0.000000000000000000e+00,6.732011345100074153e-04,1.856016644792639250e-03,2.254910642540691875e-04,1.647103898076776054e-04,1.226974563275456639e-04,2.820223859676266654e-04,4.892526233501537456e-04,6.822095529436809956e-04,8.197048770089012488e-04,8.841127613311489976e-04,1.090940624321700390e-04,0.000000000000000000e+00,0.000000000000000000e+00,0.000000000000000000e+00,0.000000000000000000e+00,0.000000000000000000e+00,0.000000000000000000e+00,0.000000000000000000e+00,0.000000000000000000e+00,0.000000000000000000e+00,0.000000000000000000e+00,3.544510126172465336e-04,3.127494432662147731e-04,1.199610148737338027e-03,1.881657339461176954e-03,0.000000000000000000e+00,0.000000000000000000e+00,0.000000000000000000e+00,0.000000000000000000e+00,0.000000000000000000e+00,0.000000000000000000e+00,0.000000000000000000e+00,4.271194607105322253e-04,1.285428679941964846e-03,1.908470678943381769e-03,2.255267360212342628e-03,2.342756835972351331e-03,2.234672630242391742e-03,2.021641955598750973e-03,0.000000000000000000e+00,0.000000000000000000e+00,7.915731871100370237e-05,0.000000000000000000e+00,1.784601445570972505e-03,0.000000000000000000e+00,1.477741456468773830e-04,6.140943309495554454e-04,1.063185206873668064e-03,1.422234841966503981e-03,1.650894908063339122e-03,1.744467126188483687e-03,1.734463284369583544e-03,1.433109864636701331e-03,1.175293569761158606e-03,0.000000000000000000e+00,0.000000000000000000e+00,0.000000000000000000e+00,0.000000000000000000e+00,0.000000000000000000e+00,0.000000000000000000e+00,0.000000000000000000e+00,0.000000000000000000e+00,0.000000000000000000e+00,0.000000000000000000e+00,0.000000000000000000e+00,0.000000000000000000e+00,3.785838120605087794e-04,8.049747570739717315e-04,9.918364397043682480e-04,8.758680223267802057e-04,4.546008371240047095e-04,2.360599757355082032e-04,2.012661481029121436e-04,1.834287974929368881e-04,1.747525066239741600e-04,1.481346916415441012e-04,6.958366589449248806e-05,0.000000000000000000e+00,0.000000000000000000e+00,0.000000000000000000e+00,0.000000000000000000e+00,0.000000000000000000e+00,0.000000000000000000e+00,0.000000000000000000e+00,0.000000000000000000e+00,3.697808175775687970e-04,1.041924705611351745e-03,1.748277507059647863e-03,5.263684795226781371e-03,0.000000000000000000e+00,0.000000000000000000e+00,0.000000000000000000e+00,0.000000000000000000e+00,0.000000000000000000e+00,0.000000000000000000e+00,0.000000000000000000e+00,0.000000000000000000e+00,0.000000000000000000e+00,0.000000000000000000e+00,0.000000000000000000e+00,0.000000000000000000e+00,0.000000000000000000e+00,0.000000000000000000e+00,0.000000000000000000e+00,0.000000000000000000e+00,0.000000000000000000e+00,0.000000000000000000e+00,0.000000000000000000e+00,0.000000000000000000e+00,0.000000000000000000e+00,0.000000000000000000e+00,0.000000000000000000e+00,0.000000000000000000e+00,0.000000000000000000e+00,0.000000000000000000e+00,2.462143018738819277e-04,8.399517863693881396e-04,1.391158851305628616e-03,1.906254015017264363e-03,2.379729536866835408e-03,2.788650609356427452e-03,3.094841681354226163e-03,3.254173720436216721e-03,3.229699872762178871e-03,3.004025442672111218e-03,2.586707631754193819e-03,2.014367871293902459e-03,1.343709445911493933e-03,6.398283374109320397e-04,0.000000000000000000e+00,0.000000000000000000e+00,0.000000000000000000e+00,5.571429155627542458e-04,1.608766247729225777e-03,2.708139922588159547e-03,3.748571164504875455e-03,4.606877520370325496e-03,5.159768666002895535e-03,5.303710421780544193e-03,4.974872443472909411e-03,4.164315916850686548e-03,2.923758589834343953e-03,1.359406777482940511e-03,1.543876095839324556e-04,1.272324378694312424e-04,8.634080685607810194e-05,3.202259784968331245e-05,0.000000000000000000e+00
2.587088208804260826e-07,8.761777811475960536e-04,1.475134183736726045e-03,2.280309341321510880e-03,2.936751175293578296e-03,3.334618173165825560e-03,3.427824428243619707e-03,3.244276135072826986e-03,2.876199373679156918e-03,2.454312702914677145e-03,2.113870168242549565e-03,1.962086502858033463e-03,2.055034232328847420e-03,2.388614260980994036e-03,2.339869212666915391e-03,2.931133837982974506e-03,3.495158371077118631e-03,3.924693199233270438e-03,4.137150896462183161e-03,4.085832479226323734e-03,3.763260635818812139e-03,3.197102664258186927e-03,2.440343198883793314e-03,1.558484318695137075e-03,6.171450538133616860e-04,0.000000000000000000e+00,0.000000000000000000e+00,3.674340432265403816e-04,1.461317061439265956e-03,2.226758404676773551e-03,2.588702235273299124e-03,2.526261747929739107e-03,2.068146121215407376e-03,1.281896170292977670e-03,2.603193591813202242e-04,0.000000000000000000e+00,0.000000000000000000e+00,0.000000000000000000e+00,0.000000000000000000e+00,0.000000000000000000e+00,0.000000000000000000e+00,0.000000000000000000e+00,5.536846243624097890e-04,1.408642553595621048e-03,2.122581412847043998e-03,2.607543099703876592e-03,0.000000000000000000e+00,0.000000000000000000e+00,0.000000000000000000e+00,0.000000000000000000e+00,0.000000000000000000e+00,1.022014841773601307e-04,2.183319225988815306e-03,0.000000000000000000e+00,0.000000000000000000e+00,0.000000000000000000e+00,0.000000000000000000e+00,1.273243353175366522e-04,7.777935734059969854e-04,1.428704237337294607e-03,2.052447479389843572e-03,2.638037602661489917e-03,3.192207885591489755e-03,3.731910908715635900e-03,4.270939626396458647e-03,0.000000000000000000e+00,0.000000000000000000e+00,0.000000000000000000e+00,0.000000000000000000e+00,0.000000000000000000e+00,0.000000000000000000e+00,0.000000000000000000e+00,0.000000000000000000e+00,0.000000000000000000e+00,0.000000000000000000e+00,0.000000000000000000e+00,0.000000000000000000e+00,3.807219082285190521e-03,1.418378403328335010e-04,2.702401962154352718e-04,6.600347659090142604e-04,1.257781924478131117e-03,1.987284850505344289e-03,2.759412507904981677e-03,3.481680317292209018e-03,4.067006738327320035e-03,0.000000000000000000e+00,0.000000000000000000e+00,0.000000000000000000e+00,0.000000000000000000e+00,0.000000000000000000e+00,0.000000000000000000e+00,4.495132095303623707e-04,1.836786799058857467e-03,3.026994913734568776e-03,3.932097935178830925e-03,4.536354263727127197e-03,4.884778282857341926e-03,5.054239769391374697e-03,5.118201168605315647e-03,5.117780465994419860e-03,5.049021166677859773e-03,4.869996540723741524e-03,4.523975392435646004e-03,0.000000000000000000e+00,0.000000000000000000e+00,0.000000000000000000e+00,0.000000000000000000e+00,5.444855051884223878e-04,8.892846946306459232e-04,0.000000000000000000e+00,0.000000000000000000e+00,0.000000000000000000e+00,0.000000000000000000e+00,0.000000000000000000e+00,0.000000000000000000e+00,0.000000000000000000e+00,0.000000000000000000e+00,0.000000000000000000e+00,0.000000000000000000e+00,0.000000000000000000e+00,0.000000000000000000e+00,7.832448914806445107e-04,1.429882358665916786e-03,1.828031905670569066e-03,1.955099940697522555e-03,2.958871057980468587e-03,3.914728532837008154e-03,4.716515721043392645e-03,5.268541793880767397e-03,5.504303946910061966e-03,5.399700521189518092e-03,4.976959065820029532e-03,4.298378894842106931e-03,3.452231650053543162e-03,2.535408798092778342e-03,1.637737098045654064e-03,8.312896723820860194e-04,8.364088243995637705e-04,9.506670646419217901e-04,8.923607442521945153e-04,6.777767170962556908e-04,3.501892796319438931e-04,0.000000000000000000e+00,0.000000000000000000e+00,0.000000000000000000e+00,0.000000000000000000e+00,0.000000000000000000e+00,0.000000000000000000e+00,0.000000000000000000e+00,8.359679643469701514e-06,0.000000000000000000e+00,0.000000000000000000e+00,0.000000000000000000e+00,4.588185314051119551e-05,1.373650908238917799e-04,3.580427670612163957e-04,6.834309013453762193e-04,0.000000000000000000e+00,0.000000000000000000e+00,0.000000000000000000e+00,0.000000000000000000e+00,0.000000000000000000e+00,0.000000000000000000e+00,0.000000000000000000e+00,0.000000000000000000e+00,0.000000000000000000e+00,0.000000000000000000e+00,0.000000000000000000e+00,0.000000000000000000e+00,1.089853547346392876e-04,5.474031662365193588e-04,8.795593519790689645e-04,1.083408818093967467e-03,1.123819619221990383e-03,9.594071929244961600e-04,5.565877131267606484e-04,0.000000000000000000e+00,0.000000000000000000e+00,0.000000000000000000e+00,0.000000000000000000e+00,0.000000000000000000e+00,0.000000000000000000e+00,0.000000000000000000e+00,0.000000000000000000e+00,0.000000000000000000e+00,0.000000000000000000e+00,0.000000000000000000e+00,0.000000000000000000e+00,0.000000000000000000e+00,0.000000000000000000e+00,0.000000000000000000e+00,0.000000000000000000e+00,4.491763843697438481e-04,1.248618114871016512e-03,2.292858868316318202e-03,4.713331463053548921e-03,2.216132865951347952e-03,2.225602613222423930e-03,2.236177296241974744e-03,2.248796092656399001e-03,2.264458813528449910e-03,2.284214630528129831e-03,2.309144093773422574e-03,2.340337080424011694e-03,2.378868790101952742e-03,2.425764728648588907e-03,2.481970607928251586e-03,2.548313171048331282e-03,0.000000000000000000e+00,0.000000000000000000e+00,0.000000000000000000e+00,0.000000000000000000e+00,0.000000000000000000e+00,0.000000000000000000e+00,0.000000000000000000e+00,0.000000000000000000e+00,0.000000000000000000e+00,0.000000000000000000e+00,0.000000000000000000e+00,0.000000000000000000e+00,0.000000000000000000e+00,0.000000000000000000e+00,0.000000000000000000e+00,0.000000000000000000e+00,0.000000000000000000e+00,0.000000000000000000e+00,0.000000000000000000e+00,0.000000000000000000e+00,5.570661234518026363e-05,2.944370700367530220e-04,5.558251520705437916e-04,8.153669911857802481e-04,1.042301107909853180e-03,1.203260737787088417e-03,1.266266296258199446e-03,1.205055386494612805e-03,1.003554255001332801e-03,6.597636653629739781e-04,1.879869065307032726e-04,0.000000000000000000e+00,0.000000000000000000e+00,0.000000000000000000e+00,0.000000000000000000e+00,0.000000000000000000e+00,0.000000000000000000e+00,0.000000000000000000e+00,2.217024814117314960e-04,5.692159684248323821e-04,6.391182516852062477e-04,4.941019585710595963e-04,1.401614179775706286e-03,3.550539125117002388e-04,0.000000000000000000e+00,0.000000000000000000e+00,0.000000000000000000e+00,0.000000000000000000e+00,0.000000000000000000e+00,1.241818640583825650e-05,2.186799087320289142e-04,2.147340612818197415e-04,0.000000000000000000e+00,0.000000000000000000e+00,9.467339416834341149e-05,3.816297538654157590e-04,5.904871295833288760e-04,6.723205834322127121e-04,6.090195199205472934e-04,4.194341566648500342e-04,1.537502121090641690e-04,0.000000000000000000e+00,0.000000000000000000e+00,1.666847028972899113e-04,9.201167874382796315e-04,1.592575396122471567e-03,2.135885432076269422e-03,2.524352547263921352e-03,2.755892368344730389e-03,0.000000000000000000e+00,0.000000000000000000e+00,0.000000000000000000e+00,0.000000000000000000e+00,0.000000000000000000e+00,0.000000000000000000e+00,0.000000000000000000e+00,0.000000000000000000e+00,0.000000000000000000e+00,0.000000000000000000e+00,0.000000000000000000e+00,0.000000000000000000e+00,0.000000000000000000e+00,0.000000000000000000e+00,0.000000000000000000e+00,0.000000000000000000e+00,0.000000000000000000e+00,0.000000000000000000e+00,0.000000000000000000e+00,0.000000000000000000e+00,0.000000000000000000e+00,7.438194600123176816e-04,1.823049189084351889e-03,2.753895761614788291e-03,0.000000000000000000e+00,0.000000000000000000e+00,0.000000000000000000e+00,0.000000000000000000e+00,0.000000000000000000e+00,0.000000000000000000e+00,0.000000000000000000e+00,0.000000000000000000e+00,0.000000000000000000e+00,0.000000000000000000e+00,0.000000000000000000e+00,2.578004011211195334e-04,1.056306127924451759e-03,1.897122089323981155e-03,2.749402366975296687e-03,4.699646782159016406e-03,3.691299295090571218e-03,0.000000000000000000e+00,0.000000000000000000e+00,0.000000000000000000e+00,0.000000000000000000e+00,0.000000000000000000e+00,0.000000000000000000e+00,0.000000000000000000e+00,0.000000000000000000e+00,0.000000000000000000e+00,0.000000000000000000e+00,0.000000000000000000e+00,0.000000000000000000e+00,0.000000000000000000e+00,0.000000000000000000e+00,0.000000000000000000e+00,0.000000000000000000e+00,0.000000000000000000e+00,0.000000000000000000e+00,0.000000000000000000e+00,0.000000000000000000e+00,0.000000000000000000e+00,0.000000000000000000e+00,0.000000000000000000e+00,0.000000000000000000e+00,0.000000000000000000e+00,0.000000000000000000e+00,0.000000000000000000e+00,0.000000000000000000e+00,0.000000000000000000e+00,0.000000000000000000e+00,0.000000000000000000e+00,0.000000000000000000e+00,0.000000000000000000e+00,0.000000000000000000e+00,0.000000000000000000e+00,0.000000000000000000e+00,0.000000000000000000e+00,0.000000000000000000e+00,0.000000000000000000e+00,0.000000000000000000e+00,0.000000000000000000e+00,0.000000000000000000e+00,0.000000000000000000e+00,0.000000000000000000e+00,0.000000000000000000e+00,0.000000000000000000e+00,0.000000000000000000e+00,0.000000000000000000e+00,0.000000000000000000e+00,1.086557333032053688e-03,2.233779657623694622e-03,3.197719890477906599e-03,3.927583258589570879e-03,4.396363808400778096e-03,4.598232572251396283e-03,4.545093953189534297e-03,4.263606650696100814e-03,3.793357579754452584e-03,3.185912437862615468e-03,2.503454932138997075e-03,1.815296828412895887e-03,1.191256167593807451e-03,6.926060670012440870e-04,3.630501238013823014e-04,2.228704403971533551e-04,2.683639380700973275e-04,4.764431595931874664e-04,8.121052106811198256e-04,1.235650731491390927e-03,1.707504160138231114e-03,2.190463996956895209e-03,2.650834976201512771e-03,3.060140290224025190e-03,3.397911190290373723e-03,3.654458550608366812e-03,3.831670075094294192e-03,3.940406432226314232e-03,3.994677515631421538e-03,4.004469405756685280e-03,3.970017151898048123e-03,3.880043011610662205e-03
0.000000000000000000e+00,7.105232051584306225e-04,1.292915009011720139e-03,0.000000000000000000e+00,0.000000000000000000e+00,0.000000000000000000e+00,0.000000000000000000e+00,0.000000000000000000e+00,0.000000000000000000e+00,3.337922354158183685e-04,9.426490308545595149e-04,1.644632544358043489e-03,2.337764289402360137e-03,2.968705081175583918e-03,3.500306818257407915e-03,3.909904806137468915e-03,4.182796657093587785e-03,4.305029470956740767e-03,4.259579523780770809e-03,4.028272766694785192e-03,3.599108961889774163e-03,2.976098719035499048e-03,2.187249152489336313e-03,1.286674394782172251e-03,3.487962325734274890e-04,0.000000000000000000e+00,0.000000000000000000e+00,0.000000000000000000e+00,0.000000000000000000e+00,0.000000000000000000e+00,0.000000000000000000e+00,0.000000000000000000e+00,0.000000000000000000e+00,0.000000000000000000e+00,0.000000000000000000e+00,0.000000000000000000e+00,0.000000000000000000e+00,0.000000000000000000e+00,0.000000000000000000e+00,0.000000000000000000e+00,0.000000000000000000e+00,0.000000000000000000e+00,0.000000000000000000e+00,2.729838497461437551e-03,8.020139691389946077e-04,7.076007867167752362e-04,0.000000000000000000e+00,0.000000000000000000e+00,6.304548642353943137e-04,1.400121112483649179e-03,0.000000000000000000e+00,0.000000000000000000e+00,0.000000000000000000e+00,0.000000000000000000e+00,2.926707494178571725e-04,7.335770365437135985e-04,1.217097151413135386e-03,1.717306745555637233e-03,2.218454053030538206e-03,2.709671021743846175e-03,3.176394795755665707e-03,3.593672118985008490e-03,3.925937533957967254e-03,4.134919363703755402e-03,4.193155043993189793e-03,4.097385335694619067e-03,3.875469893750288497e-03,3.582927367110315311e-03,3.289552750652721246e-03,3.060800403656434906e-03,2.940841525617657933e-03,2.943589258468593244e-03,3.054744433104885151e-03,3.243434531840760568e-03,3.478009924237247721e-03,3.738790859923461080e-03,4.021897745122265076e-03,0.000000000000000000e+00,0.000000000000000000e+00,0.000000000000000000e+00,0.000000000000000000e+00,0.000000000000000000e+00,0.000000000000000000e+00,0.000000000000000000e+00,5.277225595215206955e-04,1.226950980282484616e-03,1.938952844577212500e-03,0.000000000000000000e+00,0.000000000000000000e+00,0.000000000000000000e+00,0.000000000000000000e+00,0.000000000000000000e+00,0.000000000000000000e+00,0.000000000000000000e+00,0.000000000000000000e+00,0.000000000000000000e+00,0.000000000000000000e+00,0.000000000000000000e+00,0.000000000000000000e+00,0.000000000000000000e+00,0.000000000000000000e+00,0.000000000000000000e+00,5.509824933332432796e-04,1.190647124609640504e-03,1.621383695725040408e-03,1.832813458367576944e-03,1.830066067027099567e-03,1.628854917880717505e-03,1.253243639912965954e-03,7.368334351248788340e-04,1.257530947871712086e-04,5.359325371939002887e-04,1.184698724054801446e-03,1.810928554629334056e-03,2.333673743418321778e-03,2.689284066088884918e-03,2.842373254156255538e-03,2.787315082820113459e-03,2.540658497857140388e-03,2.128712465445393651e-03,1.576238838627093972e-03,9.009918488897751716e-04,1.156147773231634186e-04,0.000000000000000000e+00,0.000000000000000000e+00,0.000000000000000000e+00,0.000000000000000000e+00,0.000000000000000000e+00,0.000000000000000000e+00,0.000000000000000000e+00,0.000000000000000000e+00,0.000000000000000000e+00,0.000000000000000000e+00,0.000000000000000000e+00,0.000000000000000000e+00,0.000000000000000000e+00,0.000000000000000000e+00,0.000000000000000000e+00,0.000000000000000000e+00,0.000000000000000000e+00,0.000000000000000000e+00,0.000000000000000000e+00,0.000000000000000000e+00,2.754391031031979526e-04,7.399920376907083821e-04,1.154421085476346580e-03,1.497656555492862633e-03,1.755931188421312045e-03,1.919736324344775008e-03,1.982129507022660844e-03,1.939626988846067596e-03,1.795309302522310512e-03,1.562470291901342338e-03,1.266643074288017600e-03,9.443837807198959865e-04,6.383749465010521602e-04,3.897211566286968199e-04,2.292731123732727136e-04,1.702547785279505215e-04,2.043452834534367031e-04,3.027715357459507140e-04,4.227881926862122599e-04,5.183434503400661218e-04,5.521072962132176146e-04,5.051119871174329689e-04,4.524563263385249483e-04,3.728017458260191866e-04,1.601218684408401761e-04,0.000000000000000000e+00,0.000000000000000000e+00,0.000000000000000000e+00,0.000000000000000000e+00,0.000000000000000000e+00,0.000000000000000000e+00,0.000000000000000000e+00,0.000000000000000000e+00,2.038486918224564361e-04,6.024447523552343671e-04,9.334932751408777209e-04,1.163275427964194321e-03,1.274057127471982503e-03,1.262217431479346983e-03,1.136080385746662943e-03,9.146069898373325327e-04,6.264477850174729294e-04,3.077119543440176119e-04,0.000000000000000000e+00,0.000000000000000000e+00,0.000000000000000000e+00,0.000000000000000000e+00,0.000000000000000000e+00,0.000000000000000000e+00,0.000000000000000000e+00,0.000000000000000000e+00,0.000000000000000000e+00,0.000000000000000000e+00,0.000000000000000000e+00,0.000000000000000000e+00,0.000000000000000000e+00,0.000000000000000000e+00,0.000000000000000000e+00,0.000000000000000000e+00,0.000000000000000000e+00,0.000000000000000000e+00,0.000000000000000000e+00,0.000000000000000000e+00,5.565940359951361565e-05,1.153734976409446578e-03,2.211603897035986210e-03,3.127828408268124635e-03,3.833132796904272985e-03,4.313521659929538815e-03,4.615020841183290617e-03,4.827578473193787877e-03,5.054111208589392307e-03,1.000368245974412110e-02,0.000000000000000000e+00,0.000000000000000000e+00,0.000000000000000000e+00,0.000000000000000000e+00,0.000000000000000000e+00,0.000000000000000000e+00,0.000000000000000000e+00,0.000000000000000000e+00,0.000000000000000000e+00,0.000000000000000000e+00,0.000000000000000000e+00,0.000000000000000000e+00,2.305865440318116699e-04,5.942569883553694811e-04,2.014219450968398294e-03,0.000000000000000000e+00,3.297008942303172809e-04,1.099023563652441532e-03,0.000000000000000000e+00,0.000000000000000000e+00,0.000000000000000000e+00,0.000000000000000000e+00,0.000000000000000000e+00,0.000000000000000000e+00,0.000000000000000000e+00,0.000000000000000000e+00,0.000000000000000000e+00,1.356861563125882951e-04,1.001596239610616501e-03,1.795133404968283705e-03,2.479841806648421226e-03,2.114711995811622853e-03,1.606945783687970669e-03,1.176523915317932191e-03,9.004609664351150488e-04,8.320809202152321549e-04,9.920156095503441813e-04,1.366053662418457212e-03,1.909263387398534061e-03,2.554840308216653217e-03,4.453437615642770464e-03,3.966537365096693343e-03,0.000000000000000000e+00,0.000000000000000000e+00,0.000000000000000000e+00,0.000000000000000000e+00,0.000000000000000000e+00,0.000000000000000000e+00,0.000000000000000000e+00,0.000000000000000000e+00,0.000000000000000000e+00,0.000000000000000000e+00,4.483478383938651647e-04,8.217664914631093911e-04,1.002242374523938748e-03,9.993268120067578739e-04,8.339896154760848522e-04,5.349394588924380554e-04,1.382101466206110446e-04,0.000000000000000000e+00,0.000000000000000000e+00,0.000000000000000000e+00,0.000000000000000000e+00,0.000000000000000000e+00,0.000000000000000000e+00,0.000000000000000000e+00,0.000000000000000000e+00,0.000000000000000000e+00,0.000000000000000000e+00,0.000000000000000000e+00,0.000000000000000000e+00,0.000000000000000000e+00,0.000000000000000000e+00,0.000000000000000000e+00,0.000000000000000000e+00,0.000000000000000000e+00,0.000000000000000000e+00,0.000000000000000000e+00,0.000000000000000000e+00,0.000000000000000000e+00,0.000000000000000000e+00,0.000000000000000000e+00,0.000000000000000000e+00,0.000000000000000000e+00,0.000000000000000000e+00,0.000000000000000000e+00,2.139314795961969799e-05,4.788683118567624427e-05,0.000000000000000000e+00,0.000000000000000000e+00,0.000000000000000000e+00,0.000000000000000000e+00,0.000000000000000000e+00,6.604442193204664588e-04,1.605054003205888535e-03,9.534462906365039504e-04,0.000000000000000000e+00,7.543040935391315390e-04,1.521027752046936327e-03,2.201121650203157268e-03,2.749423611480359374e-03,3.132871522887228054e-03,3.338837715279428450e-03,3.379174010787033573e-03,3.287823561829414636e-03,3.112362941398588018e-03,2.902165978215963480e-03,2.696942069900848914e-03,2.518874023279342803e-03,2.370073563574974333e-03,2.235485335410203247e-03,2.090314825113721939e-03,1.910459584766932995e-03,1.683849070222834124e-03,1.419790038182666431e-03,1.152853651974721947e-03,9.383715577506189292e-04,8.389419417066285327e-04,9.049484565509459573e-04,1.155499400265937518e-03,1.567342418950315409e-03,2.077117431418545272e-03,2.597345962227107490e-03,3.041021829027773168e-03,3.346191625344339341e-03,3.492119587742158887e-03,3.502257859824489325e-03,3.434317602690204699e-03,3.361939860889311647e-03,3.354246444039629248e-03,3.458919231882353132e-03,3.692422490674416788e-03,2.406750776521352029e-03,3.078874665896335575e-03,3.801178106640689877e-03,4.523025816830610057e-03,0.000000000000000000e+00,0.000000000000000000e+00,0.000000000000000000e+00,0.000000000000000000e+00,0.000000000000000000e+00,0.000000000000000000e+00,0.000000000000000000e+00,0.000000000000000000e+00,0.000000000000000000e+00,0.000000000000000000e+00,0.000000000000000000e+00,0.000000000000000000e+00,0.000000000000000000e+00,8.135206801078886029e-04,1.712219622619252229e-03,2.438666656411576494e-03,2.956565276760681187e-03,3.243697580464981016e-03,4.571863190812151465e-03,0.000000000000000000e+00,0.000000000000000000e+00,0.000000000000000000e+00,0.000000000000000000e+00,0.000000000000000000e+00,0.000000000000000000e+00,0.000000000000000000e+00,0.000000000000000000e+00,2.712870042015014986e-04,3.944005101828985233e-04,0.000000000000000000e+00,0.000000000000000000e+00,0.000000000000000000e+00,0.000000000000000000e+00,0.000000000000000000e+00,0.000000000000000000e+00,2.341767890222676361e-04,5.332338545519424823e-04,7.718219317273385203e-04,1.180219582936248681e-03,5.685487280972533787e-04,9.416900007488849134e-04,1.289193113905890689e-03,0.000000000000000000e+00,0.000000000000000000e+00,0.000000000000000000e+00,0.000000000000000000e+00,0.000000000000000000e+00,0.000000000000000000e+00
9.276826895146035045e-08,1.688395113752842681e-04,2.239263865492452192e-04,0.000000000000000000e+00,6.141365398878542475e-05,0.000000000000000000e+00,0.000000000000000000e+00,3.038142554415522792e-03,8.411550911378624538e-04,1.346443636428550821e-03,0.000000000000000000e+00,0.000000000000000000e+00,0.000000000000000000e+00,0.000000000000000000e+00,0.000000000000000000e+00,0.000000000000000000e+00,0.000000000000000000e+00,0.000000000000000000e+00,0.000000000000000000e+00,0.000000000000000000e+00,0.000000000000000000e+00,0.000000000000000000e+00,0.000000000000000000e+00,0.000000000000000000e+00,0.000000000000000000e+00,0.000000000000000000e+00,5.404529611005551206e-04,2.012143224218288992e-03,1.505387495890127530e-03,1.622280154822303448e-03,1.744473087001856748e-03,1.872675388240206120e-03,2.007644168906471110e-03,2.150134488506724381e-03,2.300851667885308281e-03,2.460395719444297743e-03,2.629205006244191272e-03,2.807501632594723139e-03,2.995241049202793365e-03,3.192065135520550517e-03,3.397267373452089820e-03,3.609766525477606670e-03,4.053412584380636924e-03,4.050391908317658475e-03,3.277881972848695116e-03,3.468723054081996205e-03,3.771047017906537825e-03,4.168635156313357619e-03,4.631007576354758543e-03,5.321868857896304775e-03,6.942554680325409809e-03,0.000000000000000000e+00,0.000000000000000000e+00,0.000000000000000000e+00,0.000000000000000000e+00,0.000000000000000000e+00,0.000000000000000000e+00,3.813372656031755055e-04,1.321009676553065466e-03,1.920033817393209134e-03,2.161666556494672847e-03,2.087502455887300327e-03,1.786465379018060311e-03,1.373878400331038753e-03,9.676236698142722187e-04,6.684079437793868754e-04,5.479047126740458533e-04,6.442022080576149425e-04,9.611736206082754442e-04,1.468601837278683386e-03,2.102686034162484785e-03,2.769809009998873070e-03,3.357635552195432048e-03,3.755419856640862704e-03,7.739802256182396097e-03,0.000000000000000000e+00,0.000000000000000000e+00,0.000000000000000000e+00,0.000000000000000000e+00,0.000000000000000000e+00,0.000000000000000000e+00,1.838519031755062169e-03,0.000000000000000000e+00,0.000000000000000000e+00,0.000000000000000000e+00,0.000000000000000000e+00,0.000000000000000000e+00,0.000000000000000000e+00,0.000000000000000000e+00,1.199054816174419027e-03,0.000000000000000000e+00,9.271546612226161778e-04,1.108808904267636654e-03,0.000000000000000000e+00,0.000000000000000000e+00,0.000000000000000000e+00,0.000000000000000000e+00,0.000000000000000000e+00,0.000000000000000000e+00,0.000000000000000000e+00,0.000000000000000000e+00,0.000000000000000000e+00,0.000000000000000000e+00,0.000000000000000000e+00,6.271176432112357882e-03,2.649636481072767478e-03,0.000000000000000000e+00,0.000000000000000000e+00,0.000000000000000000e+00,0.000000000000000000e+00,0.000000000000000000e+00,0.000000000000000000e+00,1.018841120666675801e-03,2.457341109019491390e-03,3.515997873418223035e-03,4.104199076987783551e-03,4.197123945142307820e-03,3.835709965413790657e-03,3.116114981061381128e-03,2.171602118926500499e-03,1.150381875140768896e-03,1.501817364202647984e-03,1.890637517174242801e-03,2.006201582849935841e-03,1.863897731622027060e-03,1.522810108041197392e-03,1.065787947556099888e-03,5.764037933783019291e-04,1.209531994561215330e-04,0.000000000000000000e+00,3.991994816621654858e-04,7.449978426210383288e-04,1.009136704125832614e-03,1.177089937789282947e-03,1.245583679929204279e-03,1.227052392226825848e-03,1.152392597674702828e-03,1.068593398388086252e-03,1.030043137133987994e-03,0.000000000000000000e+00,0.000000000000000000e+00,0.000000000000000000e+00,0.000000000000000000e+00,0.000000000000000000e+00,0.000000000000000000e+00,0.000000000000000000e+00,0.000000000000000000e+00,0.000000000000000000e+00,0.000000000000000000e+00,0.000000000000000000e+00,0.000000000000000000e+00,0.000000000000000000e+00,0.000000000000000000e+00,0.000000000000000000e+00,5.260751453458069305e-05,1.444059635972169166e-03,2.780018774326811423e-03,3.943788905115801907e-03,4.843182744369587366e-03,5.433889480799336015e-03,5.728273561244364223e-03,0.000000000000000000e+00,0.000000000000000000e+00,0.000000000000000000e+00,0.000000000000000000e+00,0.000000000000000000e+00,2.826724016427106063e-04,2.119654325422605750e-04,5.322488424144444395e-04,1.132152087268057782e-03,1.864598178310872441e-03,2.590784232000661359e-03,3.216536054240142200e-03,3.709444627262088300e-03,6.156001859078628034e-03,4.418836936550874818e-03,7.782875639763569241e-03,0.000000000000000000e+00,0.000000000000000000e+00,0.000000000000000000e+00,0.000000000000000000e+00,0.000000000000000000e+00,0.000000000000000000e+00,0.000000000000000000e+00,0.000000000000000000e+00,0.000000000000000000e+00,0.000000000000000000e+00,0.000000000000000000e+00,3.330812045875021499e-04,6.151123246911810753e-04,0.000000000000000000e+00,0.000000000000000000e+00,0.000000000000000000e+00,0.000000000000000000e+00,0.000000000000000000e+00,0.000000000000000000e+00,0.000000000000000000e+00,0.000000000000000000e+00,0.000000000000000000e+00,0.000000000000000000e+00,0.000000000000000000e+00,0.000000000000000000e+00,0.000000000000000000e+00,0.000000000000000000e+00,0.000000000000000000e+00,0.000000000000000000e+00,0.000000000000000000e+00,0.000000000000000000e+00,0.000000000000000000e+00,0.000000000000000000e+00,0.000000000000000000e+00,0.000000000000000000e+00,0.000000000000000000e+00,6.002812399301559647e-04,1.604121474858873162e-03,2.396024776359182741e-03,2.903655077067087732e-03,3.087132057791085963e-03,2.938771441961473673e-03,2.479339555530230433e-03,1.752631397641930822e-03,8.193500930249443493e-04,0.000000000000000000e+00,0.000000000000000000e+00,0.000000000000000000e+00,0.000000000000000000e+00,0.000000000000000000e+00,0.000000000000000000e+00,0.000000000000000000e+00,0.000000000000000000e+00,0.000000000000000000e+00,0.000000000000000000e+00,3.631672180397823159e-04,1.672388194914590891e-03,2.820573352486212357e-03,3.764302269044855157e-03,4.484440570518818947e-03,4.979789649823317642e-03,5.256673090226789483e-03,5.318922246651764350e-03,5.162880992562928449e-03,4.780050921990712173e-03,5.107264578265040267e-03,5.597416186671705027e-03,5.883681402512569263e-03,6.024900139785315835e-03,6.093721133691369467e-03,6.154138246325643012e-03,6.238750969467512716e-03,6.333720746159524073e-03,6.377769939074854483e-03,6.277230269505985200e-03,5.933556949199289901e-03,5.275076239586827878e-03,4.282758905129737878e-03,3.001449978951018123e-03,3.039236802768123958e-03,3.951871202761506399e-03,4.505346438077771458e-03,4.629938134230486210e-03,4.317432137967423464e-03,3.622333984446806342e-03,2.652783806057653054e-03,1.552499536018849685e-03,4.759317219675136801e-04,0.000000000000000000e+00,0.000000000000000000e+00,0.000000000000000000e+00,0.000000000000000000e+00,0.000000000000000000e+00,0.000000000000000000e+00,0.000000000000000000e+00,0.000000000000000000e+00,0.000000000000000000e+00,0.000000000000000000e+00,0.000000000000000000e+00,5.750832941766178489e-04,1.344967816561482791e-03,1.010441362859792157e-02,0.000000000000000000e+00,0.000000000000000000e+00,0.000000000000000000e+00,0.000000000000000000e+00,0.000000000000000000e+00,0.000000000000000000e+00,0.000000000000000000e+00,0.000000000000000000e+00,0.000000000000000000e+00,0.000000000000000000e+00,0.000000000000000000e+00,0.000000000000000000e+00,0.000000000000000000e+00,0.000000000000000000e+00,0.000000000000000000e+00,1.249374568183540726e-04,2.819568104343371778e-03,6.421016251339448262e-03,0.000000000000000000e+00,0.000000000000000000e+00,0.000000000000000000e+00,0.000000000000000000e+00,0.000000000000000000e+00,0.000000000000000000e+00,0.000000000000000000e+00,0.000000000000000000e+00,0.000000000000000000e+00,0.000000000000000000e+00,0.000000000000000000e+00,0.000000000000000000e+00,0.000000000000000000e+00,1.340206063429371133e-05,3.352386496061663486e-04,3.412979023645048497e-04,9.032965900098203441e-05,0.000000000000000000e+00,0.000000000000000000e+00,0.000000000000000000e+00,0.000000000000000000e+00,0.000000000000000000e+00,0.000000000000000000e+00,0.000000000000000000e+00,0.000000000000000000e+00,3.469102294012329189e-03,5.429229815166618277e-04,0.000000000000000000e+00,0.000000000000000000e+00,0.000000000000000000e+00,0.000000000000000000e+00,0.000000000000000000e+00,0.000000000000000000e+00,0.000000000000000000e+00,0.000000000000000000e+00,0.000000000000000000e+00,1.572863259367657208e-04,8.982116964263895352e-04,1.544730503070077801e-03,2.077711289686331227e-03,2.482662169716865191e-03,2.742487582172357247e-03,3.149650214864720566e-03,3.406127199244755356e-03,3.222632864025645315e-03,2.591931610800263242e-03,1.543008636928230653e-03,6.999254744029158272e-04,1.485109042803369571e-07,0.000000000000000000e+00,0.000000000000000000e+00,0.000000000000000000e+00,0.000000000000000000e+00,0.000000000000000000e+00,0.000000000000000000e+00,0.000000000000000000e+00,0.000000000000000000e+00,0.000000000000000000e+00,0.000000000000000000e+00,0.000000000000000000e+00,0.000000000000000000e+00,0.000000000000000000e+00,0.000000000000000000e+00,0.000000000000000000e+00,0.000000000000000000e+00,0.000000000000000000e+00,0.000000000000000000e+00,0.000000000000000000e+00,7.718023627450946306e-04,1.834800626566795555e-03,2.649668203511991969e-03,3.182561200969701368e-03,3.417440955396213419e-03,3.354341035865970183e-03,3.009972947547735235e-03,2.420199072539504399e-03,1.642971126019805500e-03,7.596739748389855652e-04,0.000000000000000000e+00,0.000000000000000000e+00,0.000000000000000000e+00,0.000000000000000000e+00,0.000000000000000000e+00,0.000000000000000000e+00,0.000000000000000000e+00,3.899280024792559475e-04,1.245521932897681932e-03,1.962811651546576310e-03,2.430106533795101022e-03,2.587218784998075293e-03,2.438281379808681509e-03,2.053084170711149802e-03,1.555425333494244410e-03,1.893588771181709939e-03,2.093034121089501400e-03,2.093866900384090419e-03,1.911869517023491579e-03,1.908757264346439778e-03,0.000000000000000000e+00,0.000000000000000000e+00,0.000000000000000000e+00,0.000000000000000000e+00,0.000000000000000000e+00
2.032813930050820936e-07,0.000000000000000000e+00,0.000000000000000000e+00,0.000000000000000000e+00,0.000000000000000000e+00,0.000000000000000000e+00,0.000000000000000000e+00,0.000000000000000000e+00,0.000000000000000000e+00,5.171469214934320277e-04,1.713246375369229489e-03,2.806603647481162832e-03,3.695534386800864227e-03,4.313710879539065825e-03,0.000000000000000000e+00,0.000000000000000000e+00,0.000000000000000000e+00,0.000000000000000000e+00,0.000000000000000000e+00,1.346645274068041095e-03,0.000000000000000000e+00,0.000000000000000000e+00,0.000000000000000000e+00,0.000000000000000000e+00,0.000000000000000000e+00,2.247271393820913501e-04,8.289212813370823614e-04,1.424566809712922953e-03,1.967200168625254496e-03,2.410913273057747191e-03,2.709867562906110097e-03,2.822624465163826001e-03,2.718602999093957390e-03,2.384709168572651979e-03,1.829889510885365387e-03,1.086159575523998637e-03,8.395039474602520885e-04,1.178503764330317803e-03,1.275005676983701364e-03,1.152374496354353081e-03,8.555468616316789805e-04,4.492319208364440111e-04,1.368667399962423362e-05,0.000000000000000000e+00,0.000000000000000000e+00,0.000000000000000000e+00,0.000000000000000000e+00,0.000000000000000000e+00,2.687652534714363509e-04,6.921366561593073237e-04,1.008470613181653482e-03,1.146124451898607177e-03,1.082257675982343766e-03,8.470695376285300102e-04,4.729514623587588017e-04,0.000000000000000000e+00,0.000000000000000000e+00,0.000000000000000000e+00,0.000000000000000000e+00,0.000000000000000000e+00,0.000000000000000000e+00,0.000000000000000000e+00,1.062588306781848783e-03,0.000000000000000000e+00,0.000000000000000000e+00,0.000000000000000000e+00,0.000000000000000000e+00,0.000000000000000000e+00,0.000000000000000000e+00,0.000000000000000000e+00,3.899689448902630149e-04,1.396293306369996703e-03,2.519588092016523430e-03,3.661591670632875252e-03,4.718504516490613400e-03,5.597337359879354587e-03,6.227992460313433107e-03,6.569210064562399504e-03,6.609248427250628832e-03,6.363754858660242847e-03,5.872932118145492500e-03,5.198262611476555523e-03,4.417210318771136630e-03,3.614004573655094435e-03,2.866281448635774835e-03,2.230072397554122045e-03,1.727771062295568351e-03,1.343814100913068733e-03,1.030626593673990158e-03,1.074966747230899451e-03,1.252041440958585362e-03,1.427094244520566617e-03,1.599120448334664197e-03,1.767035797086334570e-03,1.929675488479375275e-03,2.085801306634503787e-03,2.234116014381629101e-03,2.373284312996538654e-03,2.501961747095635819e-03,2.618827247645538411e-03,3.603116527752933760e-03,7.553608081496627873e-03,0.000000000000000000e+00,0.000000000000000000e+00,1.000082289665977413e-03,1.910394350606930145e-03,2.540402676154787306e-03,2.863908797219950723e-03,2.901767059236791228e-03,2.714686270643274293e-03,2.388307702180888191e-03,2.013796472980387917e-03,1.668351590713043793e-03,1.400260168594341572e-03,1.222216918095826070e-03,1.114676634398243348e-03,1.038224686222296786e-03,9.511376527274989067e-04,8.263782784261157217e-04,0.000000000000000000e+00,0.000000000000000000e+00,0.000000000000000000e+00,1.340185920361327979e-03,0.000000000000000000e+00,0.000000000000000000e+00,0.000000000000000000e+00,0.000000000000000000e+00,0.000000000000000000e+00,0.000000000000000000e+00,0.000000000000000000e+00,3.389615967498623220e-03,9.105934843616384855e-04,0.000000000000000000e+00,0.000000000000000000e+00,0.000000000000000000e+00,0.000000000000000000e+00,0.000000000000000000e+00,1.607446711979452776e-04,4.928266610032153855e-03,2.323862577901174124e-04,0.000000000000000000e+00,1.816970949570016313e-04,0.000000000000000000e+00,3.753052796144024181e-04,0.000000000000000000e+00,0.000000000000000000e+00,0.000000000000000000e+00,0.000000000000000000e+00,0.000000000000000000e+00,5.416971162873752922e-04,0.000000000000000000e+00,0.000000000000000000e+00,0.000000000000000000e+00,0.000000000000000000e+00,0.000000000000000000e+00,0.000000000000000000e+00,0.000000000000000000e+00,0.000000000000000000e+00,0.000000000000000000e+00,0.000000000000000000e+00,0.000000000000000000e+00,0.000000000000000000e+00,0.000000000000000000e+00,0.000000000000000000e+00,0.000000000000000000e+00,0.000000000000000000e+00,0.000000000000000000e+00,0.000000000000000000e+00,0.000000000000000000e+00,0.000000000000000000e+00,0.000000000000000000e+00,0.000000000000000000e+00,0.000000000000000000e+00,0.000000000000000000e+00,1.265804506722317628e-04,7.361442366436791443e-04,1.010453568383318191e-03,1.040448591241373375e-03,9.292107558000302836e-04,7.625645971881593555e-04,5.935203878514674642e-04,4.420529326654832171e-04,3.054749600828610004e-04,1.720205338267213218e-04,3.138932107704003714e-05,0.000000000000000000e+00,0.000000000000000000e+00,0.000000000000000000e+00,0.000000000000000000e+00,0.000000000000000000e+00,0.000000000000000000e+00,0.000000000000000000e+00,0.000000000000000000e+00,0.000000000000000000e+00,0.000000000000000000e+00,0.000000000000000000e+00,0.000000000000000000e+00,0.000000000000000000e+00,0.000000000000000000e+00,1.853121794056881988e-04,2.924349256273164280e-03,7.651452935593152640e-04,0.000000000000000000e+00,0.000000000000000000e+00,0.000000000000000000e+00,0.000000000000000000e+00,0.000000000000000000e+00,0.000000000000000000e+00,0.000000000000000000e+00,1.324006101786465075e-04,3.025445749705247189e-04,3.176878637551752444e-03,2.870345038398458516e-04,4.737698562481390389e-04,5.253330262275706861e-04,4.174612631194938510e-04,1.553488184822068732e-04,2.257693679365275585e-04,0.000000000000000000e+00,0.000000000000000000e+00,0.000000000000000000e+00,0.000000000000000000e+00,0.000000000000000000e+00,1.209577558584878611e-04,2.313732203976011197e-03,0.000000000000000000e+00,0.000000000000000000e+00,0.000000000000000000e+00,0.000000000000000000e+00,0.000000000000000000e+00,2.328052825935740072e-05,0.000000000000000000e+00,0.000000000000000000e+00,0.000000000000000000e+00,0.000000000000000000e+00,0.000000000000000000e+00,0.000000000000000000e+00,0.000000000000000000e+00,0.000000000000000000e+00,0.000000000000000000e+00,0.000000000000000000e+00,0.000000000000000000e+00,0.000000000000000000e+00,0.000000000000000000e+00,0.000000000000000000e+00,0.000000000000000000e+00,0.000000000000000000e+00,0.000000000000000000e+00,0.000000000000000000e+00,0.000000000000000000e+00,0.000000000000000000e+00,0.000000000000000000e+00,0.000000000000000000e+00,0.000000000000000000e+00,0.000000000000000000e+00,0.000000000000000000e+00,0.000000000000000000e+00,0.000000000000000000e+00,0.000000000000000000e+00,0.000000000000000000e+00,1.926971056960588406e-04,2.627449916166859300e-04,4.166530115011810725e-03,0.000000000000000000e+00,0.000000000000000000e+00,0.000000000000000000e+00,0.000000000000000000e+00,4.889403024518844919e-04,1.492086107950978341e-03,2.367302208323210193e-03,7.452841456196038390e-03,4.213046800960533814e-03,4.049304114836621213e-03,4.310257958606720542e-03,0.000000000000000000e+00,0.000000000000000000e+00,0.000000000000000000e+00,0.000000000000000000e+00,0.000000000000000000e+00,0.000000000000000000e+00,0.000000000000000000e+00,8.404650067828150703e-04,1.718119930056022805e-03,2.318259043399536600e-03,2.659129849132199543e-03,2.783779033871900625e-03,2.749972385372202299e-03,2.618015367577713071e-03,2.438894781567568087e-03,2.245179539555880368e-03,2.046653663462824884e-03,1.831726642618564799e-03,1.574417555152233476e-03,1.245439613932679745e-03,0.000000000000000000e+00,0.000000000000000000e+00,2.619204324440582775e-04,2.655388975062408698e-03,3.794504755790336324e-03,0.000000000000000000e+00,0.000000000000000000e+00,0.000000000000000000e+00,0.000000000000000000e+00,0.000000000000000000e+00,0.000000000000000000e+00,6.271859376391905128e-04,1.258686394369396911e-03,1.723689277051373850e-03,1.988743679225510319e-03,2.066727764557547021e-03,2.007681400015286395e-03,1.881307745564868121e-03,1.757233024225041433e-03,1.688689091656459277e-03,1.703075306626898426e-03,1.800201438245643088e-03,1.957073114013703138e-03,2.137152941089113991e-03,2.301778398184922084e-03,2.421297954194562979e-03,2.483398604327686793e-03,2.496434773804698335e-03,2.486719917456472854e-03,2.490653146569796021e-03,2.544469602886425836e-03,2.675231744570973156e-03,2.895840137848042228e-03,3.204636827978017168e-03,3.587806599319192605e-03,4.021697931190530359e-03,4.472987138210897905e-03,4.896888487602920129e-03,5.235876981577106473e-03,5.422263314932024986e-03,0.000000000000000000e+00,0.000000000000000000e+00,0.000000000000000000e+00,0.000000000000000000e+00,0.000000000000000000e+00,0.000000000000000000e+00,1.824864009698541764e-04,1.510667731935993845e-03,3.140048025551866388e-04,4.387541608112404301e-04,4.801322672132322575e-04,4.343170325547155244e-04,3.120773569668431973e-04,1.787025455274871542e-04,5.329606227991636608e-04,1.026066323015922344e-03,1.022695781133083244e-03,1.293699408996563981e-03,1.554303388532499944e-03,1.801408549554557462e-03,2.032017249170543684e-03,5.597150105801815614e-03,2.432626753970856034e-03,2.597675046665926142e-03,2.736441038533519738e-03,2.847312222341384300e-03,6.842322051211429702e-03,0.000000000000000000e+00,4.002384187904138861e-04,6.876137941520054460e-04,6.681815710446750928e-04,3.543683239743861428e-04,0.000000000000000000e+00,0.000000000000000000e+00,0.000000000000000000e+00,0.000000000000000000e+00,0.000000000000000000e+00,0.000000000000000000e+00,0.000000000000000000e+00,0.000000000000000000e+00,0.000000000000000000e+00,0.000000000000000000e+00,2.414482422800947865e-04,1.513658173202432622e-03,2.633066590306294610e-03,3.507539334822375610e-03,4.086565129260468984e-03,4.354000075403276736e-03,4.318238427166784001e-03,4.005991962466203503e-03,3.461826144911492407e-03,2.751054779684641242e-03,1.960898616906478140e-03,1.195134497930411786e-03,6.309998347537267883e-04,7.245615433927529714e-04,8.135549778852173243e-04,8.986061549637504179e-04,9.802040896483542060e-04,1.058690519287933335e-03,1.330416597974851773e-03,1.599321914627420795e-03,0.000000000000000000e+00,0.000000000000000000e+00,5.576467253587854807e-04,1.317782848519675728e-03
5.686195201137887631e-08,2.766900313631616968e-04,0.000000000000000000e+00,0.000000000000000000e+00,0.000000000000000000e+00,0.000000000000000000e+00,0.000000000000000000e+00,0.000000000000000000e+00,0.000000000000000000e+00,0.000000000000000000e+00,0.000000000000000000e+00,0.000000000000000000e+00,0.000000000000000000e+00,0.000000000000000000e+00,0.000000000000000000e+00,0.000000000000000000e+00,0.000000000000000000e+00,0.000000000000000000e+00,0.000000000000000000e+00,0.000000000000000000e+00,0.000000000000000000e+00,0.000000000000000000e+00,0.000000000000000000e+00,0.000000000000000000e+00,0.000000000000000000e+00,0.000000000000000000e+00,0.000000000000000000e+00,0.000000000000000000e+00,0.000000000000000000e+00,7.445183398945565134e-04,1.767818615255009910e-03,0.000000000000000000e+00,0.000000000000000000e+00,1.096700435381457381e-03,2.190452360875596617e-03,3.054289445394003325e-03,3.617512426063075690e-03,3.829299707364270441e-03,3.672155534369579265e-03,3.172573360826963507e-03,2.403255948907788691e-03,1.473493169732978088e-03,1.009550380949637187e-03,1.600365542954662211e-03,1.847626458502385364e-03,1.761840345905989376e-03,1.388211412095284635e-03,7.919806669513721311e-04,7.893533129113366152e-04,0.000000000000000000e+00,0.000000000000000000e+00,0.000000000000000000e+00,0.000000000000000000e+00,0.000000000000000000e+00,0.000000000000000000e+00,0.000000000000000000e+00,0.000000000000000000e+00,0.000000000000000000e+00,0.000000000000000000e+00,0.000000000000000000e+00,0.000000000000000000e+00,1.647937251892430397e-04,1.278198401922262537e-03,2.273585671758926539e-03,3.086391613519072312e-03,3.668597573358308751e-03,3.997192552024733322e-03,4.080524977366449361e-03,3.958480444361439470e-03,3.694320041944042492e-03,3.359614955440883878e-03,3.173566707431066478e-03,3.572513716407256252e-03,3.768574384181887487e-03,3.763106054287434794e-03,3.593188831719149913e-03,3.322996016934691866e-03,3.027367961281491899e-03,2.772898728069060105e-03,2.602148052327067033e-03,2.524736211415591278e-03,2.516399861397473642e-03,2.525023638817208704e-03,2.481887235484583985e-03,2.316406459612626190e-03,1.972644692142744988e-03,1.425215262931365991e-03,6.911897248405796329e-04,8.871164890552531309e-05,1.820337007154906601e-04,2.501384449393688329e-04,2.758552978260177344e-04,2.413072603718429136e-04,1.283544845628250435e-04,0.000000000000000000e+00,0.000000000000000000e+00,0.000000000000000000e+00,0.000000000000000000e+00,0.000000000000000000e+00,0.000000000000000000e+00,0.000000000000000000e+00,0.000000000000000000e+00,0.000000000000000000e+00,0.000000000000000000e+00,0.000000000000000000e+00,0.000000000000000000e+00,0.000000000000000000e+00,0.000000000000000000e+00,0.000000000000000000e+00,0.000000000000000000e+00,0.000000000000000000e+00,0.000000000000000000e+00,0.000000000000000000e+00,0.000000000000000000e+00,0.000000000000000000e+00,0.000000000000000000e+00,0.000000000000000000e+00,0.000000000000000000e+00,0.000000000000000000e+00,0.000000000000000000e+00,0.000000000000000000e+00,0.000000000000000000e+00,0.000000000000000000e+00,0.000000000000000000e+00,0.000000000000000000e+00,0.000000000000000000e+00,0.000000000000000000e+00,0.000000000000000000e+00,0.000000000000000000e+00,0.000000000000000000e+00,0.000000000000000000e+00,0.000000000000000000e+00,2.435880957322339750e-04,1.017865876280986534e-03,1.812601294123279173e-03,2.637491301895673879e-03,3.496974522233767431e-03,4.384657396710266337e-03,5.279659397869197572e-03,6.145875457600139501e-03,6.935106602170417606e-03,7.594331966610832346e-03,8.075936841407654193e-03,8.348089014275373795e-03,8.401728361811392279e-03,8.251456062769311345e-03,0.000000000000000000e+00,0.000000000000000000e+00,0.000000000000000000e+00,0.000000000000000000e+00,0.000000000000000000e+00,0.000000000000000000e+00,0.000000000000000000e+00,0.000000000000000000e+00,0.000000000000000000e+00,0.000000000000000000e+00,1.744876526834075086e-04,1.075195330528693968e-03,0.000000000000000000e+00,0.000000000000000000e+00,0.000000000000000000e+00,0.000000000000000000e+00,0.000000000000000000e+00,0.000000000000000000e+00,1.348562637441185158e-04,0.000000000000000000e+00,0.000000000000000000e+00,0.000000000000000000e+00,0.000000000000000000e+00,0.000000000000000000e+00,0.000000000000000000e+00,0.000000000000000000e+00,0.000000000000000000e+00,0.000000000000000000e+00,0.000000000000000000e+00,0.000000000000000000e+00,0.000000000000000000e+00,0.000000000000000000e+00,0.000000000000000000e+00,0.000000000000000000e+00,0.000000000000000000e+00,0.000000000000000000e+00,0.000000000000000000e+00,0.000000000000000000e+00,3.577513264410189212e-04,0.000000000000000000e+00,7.055688285834155887e-04,2.225527345201515903e-04,3.618095049062970475e-04,0.000000000000000000e+00,0.000000000000000000e+00,0.000000000000000000e+00,0.000000000000000000e+00,0.000000000000000000e+00,0.000000000000000000e+00,0.000000000000000000e+00,3.434398837608666419e-04,1.526660608277552022e-03,2.848939233926075110e-03,4.179062703539167777e-03,5.365124669632877555e-03,6.261391616784729025e-03,6.755701599644861784e-03,6.790712524452119717e-03,6.373415797616601569e-03,5.570130440711081737e-03,4.488170566317039797e-03,3.249483088659833006e-03,1.964256178391557764e-03,7.125505644442620004e-04,0.000000000000000000e+00,0.000000000000000000e+00,0.000000000000000000e+00,0.000000000000000000e+00,0.000000000000000000e+00,0.000000000000000000e+00,0.000000000000000000e+00,0.000000000000000000e+00,8.132990370453388766e-04,1.888386189618631921e-03,3.057935108077117475e-03,4.202296928247398547e-03,5.194512493521081728e-03,5.921693789892244937e-03,6.306271195502129688e-03,6.322058069328146714e-03,6.000217993588271952e-03,5.422292748166128440e-03,4.701142203040011187e-03,3.954594253395849086e-03,3.279042284403393438e-03,2.730049454407945751e-03,2.314334396126538611e-03,1.993746374761630382e-03,1.698697571761838060e-03,1.347025031439498749e-03,8.643423038237945050e-04,2.026378704405925203e-04,0.000000000000000000e+00,0.000000000000000000e+00,0.000000000000000000e+00,0.000000000000000000e+00,0.000000000000000000e+00,0.000000000000000000e+00,0.000000000000000000e+00,0.000000000000000000e+00,0.000000000000000000e+00,0.000000000000000000e+00,0.000000000000000000e+00,0.000000000000000000e+00,0.000000000000000000e+00,0.000000000000000000e+00,0.000000000000000000e+00,0.000000000000000000e+00,0.000000000000000000e+00,0.000000000000000000e+00,0.000000000000000000e+00,0.000000000000000000e+00,0.000000000000000000e+00,0.000000000000000000e+00,0.000000000000000000e+00,0.000000000000000000e+00,3.206412628052185952e-04,1.685517594766825942e-03,2.886397156881183139e-03,3.891147510140682050e-03,6.398083548392558516e-03,0.000000000000000000e+00,0.000000000000000000e+00,0.000000000000000000e+00,0.000000000000000000e+00,0.000000000000000000e+00,0.000000000000000000e+00,0.000000000000000000e+00,0.000000000000000000e+00,0.000000000000000000e+00,0.000000000000000000e+00,0.000000000000000000e+00,0.000000000000000000e+00,0.000000000000000000e+00,0.000000000000000000e+00,0.000000000000000000e+00,0.000000000000000000e+00,0.000000000000000000e+00,0.000000000000000000e+00,0.000000000000000000e+00,4.898483598045929292e-05,5.403544211803092134e-04,0.000000000000000000e+00,3.344541621602413234e-04,5.098284917284558442e-04,4.764082441822678807e-04,2.688024314512786812e-04,0.000000000000000000e+00,0.000000000000000000e+00,0.000000000000000000e+00,6.031661301429874561e-04,0.000000000000000000e+00,1.567967235581400496e-03,4.600378439148694099e-04,5.742727506731945021e-03,1.700503675561983435e-03,0.000000000000000000e+00,0.000000000000000000e+00,0.000000000000000000e+00,0.000000000000000000e+00,0.000000000000000000e+00,0.000000000000000000e+00,0.000000000000000000e+00,0.000000000000000000e+00,0.000000000000000000e+00,0.000000000000000000e+00,0.000000000000000000e+00,0.000000000000000000e+00,0.000000000000000000e+00,1.120536664149883411e-03,0.000000000000000000e+00,0.000000000000000000e+00,5.547509852993751968e-03,0.000000000000000000e+00,0.000000000000000000e+00,0.000000000000000000e+00,0.000000000000000000e+00,0.000000000000000000e+00,0.000000000000000000e+00,0.000000000000000000e+00,0.000000000000000000e+00,0.000000000000000000e+00,0.000000000000000000e+00,0.000000000000000000e+00,0.000000000000000000e+00,0.000000000000000000e+00,0.000000000000000000e+00,0.000000000000000000e+00,0.000000000000000000e+00,0.000000000000000000e+00,0.000000000000000000e+00,0.000000000000000000e+00,5.216892796005485368e-04,7.552640455322661740e-04,7.729149525386297393e-05,0.000000000000000000e+00,0.000000000000000000e+00,0.000000000000000000e+00,0.000000000000000000e+00,0.000000000000000000e+00,0.000000000000000000e+00,0.000000000000000000e+00,0.000000000000000000e+00,0.000000000000000000e+00,0.000000000000000000e+00,0.000000000000000000e+00,0.000000000000000000e+00,7.949989714440993099e-04,1.675730357471995639e-03,2.384049154558138487e-03,2.923156430005427204e-03,0.000000000000000000e+00,0.000000000000000000e+00,0.000000000000000000e+00,0.000000000000000000e+00,0.000000000000000000e+00,0.000000000000000000e+00,0.000000000000000000e+00,0.000000000000000000e+00,0.000000000000000000e+00,0.000000000000000000e+00,0.000000000000000000e+00,0.000000000000000000e+00,0.000000000000000000e+00,1.382880285761722459e-04,3.118567801332889733e-04,2.580162809157872860e-04,5.665261025026333919e-05,4.978386060032751782e-03,4.149792972589468943e-04,1.735785152878988437e-03,0.000000000000000000e+00,3.982354795362502654e-04,0.000000000000000000e+00,2.066652765567227545e-04,0.000000000000000000e+00,0.000000000000000000e+00,0.000000000000000000e+00,0.000000000000000000e+00,0.000000000000000000e+00,0.000000000000000000e+00,0.000000000000000000e+00,0.000000000000000000e+00,7.038285491617173213e-03,0.000000000000000000e+00,0.000000000000000000e+00,0.000000000000000000e+00,2.430812676945134194e-04,2.428976741106533409e-04,3.521028730388490297e-04,5.651367348846958938e-04,8.698427663821199944e-04,0.000000000000000000e+00,0.000000000000000000e+00
4.451049412443425342e-08,4.223916849571354866e-04,4.701879844898520161e-05,1.385375903366391291e-04,4.041741173796762742e-04,6.834997766890323805e-04,9.246831264385701543e-04,7.590374695733171371e-04,7.420379015190636893e-04,6.183064100781198976e-04,4.032926536425198035e-04,1.270402203742458734e-04,0.000000000000000000e+00,0.000000000000000000e+00,0.000000000000000000e+00,0.000000000000000000e+00,0.000000000000000000e+00,0.000000000000000000e+00,0.000000000000000000e+00,0.000000000000000000e+00,0.000000000000000000e+00,0.000000000000000000e+00,0.000000000000000000e+00,2.320478422288638632e-04,5.832622163242402865e-04,9.805405715843571162e-04,1.356249201417153265e-03,1.611666415379249540e-03,1.639200956415731280e-03,1.351833644800327482e-03,7.108129891186828033e-04,0.000000000000000000e+00,0.000000000000000000e+00,0.000000000000000000e+00,0.000000000000000000e+00,0.000000000000000000e+00,3.878689551221358215e-04,8.520742487447397319e-04,1.257070719034193837e-03,1.532505189654241075e-03,1.618591475459747698e-03,1.477226139056553485e-03,1.097386776581385460e-03,4.935279820513776162e-04,0.000000000000000000e+00,2.013252799811968380e-04,2.689775910452552152e-04,1.044503783184991724e-04,0.000000000000000000e+00,0.000000000000000000e+00,0.000000000000000000e+00,0.000000000000000000e+00,0.000000000000000000e+00,0.000000000000000000e+00,0.000000000000000000e+00,0.000000000000000000e+00,0.000000000000000000e+00,4.524331779378598368e-05,6.192623789107157186e-04,1.070296510430284289e-03,1.347863163424639415e-03,2.398154280706715248e-03,3.769292167002015557e-03,4.693208731215443158e-03,5.156999779446307629e-03,5.212448780707107203e-03,4.959379074463051915e-03,4.521312196372429155e-03,4.019909169041060992e-03,3.554397585873824220e-03,3.189979992242314693e-03,3.100311239995799401e-03,0.000000000000000000e+00,0.000000000000000000e+00,0.000000000000000000e+00,0.000000000000000000e+00,1.273699726803428792e-04,6.581470734504125128e-04,1.166178386031260046e-03,1.563056085069707089e-03,1.069195052301078559e-04,7.633780106939237146e-04,1.510732192983500147e-03,0.000000000000000000e+00,0.000000000000000000e+00,0.000000000000000000e+00,0.000000000000000000e+00,0.000000000000000000e+00,0.000000000000000000e+00,0.000000000000000000e+00,0.000000000000000000e+00,0.000000000000000000e+00,0.000000000000000000e+00,0.000000000000000000e+00,0.000000000000000000e+00,0.000000000000000000e+00,0.000000000000000000e+00,0.000000000000000000e+00,0.000000000000000000e+00,0.000000000000000000e+00,0.000000000000000000e+00,0.000000000000000000e+00,0.000000000000000000e+00,8.696348501047164545e-05,6.351550318144704235e-04,1.237648041453761911e-03,1.814841226482730554e-03,2.304799698409847920e-03,2.676476147330726293e-03,2.930671530172075656e-03,3.090352701978808184e-03,3.261628182363834460e-04,7.092700776608647359e-04,1.217015727694481389e-03,1.781242930455046282e-03,2.326344947942811207e-03,0.000000000000000000e+00,0.000000000000000000e+00,0.000000000000000000e+00,0.000000000000000000e+00,0.000000000000000000e+00,0.000000000000000000e+00,0.000000000000000000e+00,0.000000000000000000e+00,0.000000000000000000e+00,0.000000000000000000e+00,0.000000000000000000e+00,0.000000000000000000e+00,0.000000000000000000e+00,0.000000000000000000e+00,0.000000000000000000e+00,1.297288647597019369e-03,2.658744118385332564e-04,0.000000000000000000e+00,0.000000000000000000e+00,0.000000000000000000e+00,0.000000000000000000e+00,0.000000000000000000e+00,0.000000000000000000e+00,0.000000000000000000e+00,0.000000000000000000e+00,0.000000000000000000e+00,0.000000000000000000e+00,0.000000000000000000e+00,0.000000000000000000e+00,0.000000000000000000e+00,0.000000000000000000e+00,0.000000000000000000e+00,0.000000000000000000e+00,0.000000000000000000e+00,0.000000000000000000e+00,0.000000000000000000e+00,0.000000000000000000e+00,0.000000000000000000e+00,0.000000000000000000e+00,0.000000000000000000e+00,0.000000000000000000e+00,0.000000000000000000e+00,0.000000000000000000e+00,0.000000000000000000e+00,0.000000000000000000e+00,0.000000000000000000e+00,0.000000000000000000e+00,0.000000000000000000e+00,0.000000000000000000e+00,0.000000000000000000e+00,0.000000000000000000e+00,6.264960773606995386e-05,1.470116268962189967e-04,1.409080878466178923e-04,4.971989453037820619e-05,0.000000000000000000e+00,0.000000000000000000e+00,0.000000000000000000e+00,0.000000000000000000e+00,0.000000000000000000e+00,0.000000000000000000e+00,7.934240161922150340e-04,1.851440356577898488e-03,2.803759987884400003e-03,3.594265241035783046e-03,4.192488092331615734e-03,4.596089088647769064e-03,4.825883570747377740e-03,4.914739628807148278e-03,0.000000000000000000e+00,0.000000000000000000e+00,0.000000000000000000e+00,1.032298918926173288e-03,2.105342940396813002e-03,1.096052694774956020e-03,1.370296305773920737e-03,1.633146481943051689e-03,1.881831559121895960e-03,2.113817840614379794e-03,2.326828721315824314e-03,2.518856337639376400e-03,3.485703236065468974e-03,2.085899071072581847e-03,3.073281089214574720e-03,3.681399259716347083e-03,3.880029761740171924e-03,3.689146807008312524e-03,3.172632293399211927e-03,2.424560092729671681e-03,2.499229245543423215e-03,3.025716108854872074e-03,3.616187620039696109e-03,4.275874038800233680e-03,4.973038641926789440e-03,5.641399988708773773e-03,6.193895804454359506e-03,6.544329271208539772e-03,6.630012998605548311e-03,6.427657548239320076e-03,5.957099298159071639e-03,6.549241938656580331e-03,0.000000000000000000e+00,0.000000000000000000e+00,0.000000000000000000e+00,0.000000000000000000e+00,0.000000000000000000e+00,2.713019917024531180e-04,8.383194787087540822e-04,0.000000000000000000e+00,0.000000000000000000e+00,0.000000000000000000e+00,0.000000000000000000e+00,0.000000000000000000e+00,0.000000000000000000e+00,0.000000000000000000e+00,0.000000000000000000e+00,0.000000000000000000e+00,0.000000000000000000e+00,0.000000000000000000e+00,0.000000000000000000e+00,0.000000000000000000e+00,0.000000000000000000e+00,0.000000000000000000e+00,1.303115761542442825e-06,0.000000000000000000e+00,0.000000000000000000e+00,0.000000000000000000e+00,0.000000000000000000e+00,0.000000000000000000e+00,0.000000000000000000e+00,1.649404893036110053e-04,5.995412949987372281e-04,1.140765232973691952e-03,1.758428989339638673e-03,2.413050955086108208e-03,3.056816024190493752e-03,3.635101783127431350e-03,4.089548124720046932e-03,4.363030514147501863e-03,4.405939465406857360e-03,4.182475258986940135e-03,3.675595417602411669e-03,2.889855581113991764e-03,1.852096797132213877e-03,6.103220554576802796e-04,0.000000000000000000e+00,0.000000000000000000e+00,2.732659722965603149e-05,1.917290683942441190e-04,7.516832765720862569e-05,0.000000000000000000e+00,0.000000000000000000e+00,0.000000000000000000e+00,0.000000000000000000e+00,0.000000000000000000e+00,0.000000000000000000e+00,0.000000000000000000e+00,0.000000000000000000e+00,0.000000000000000000e+00,0.000000000000000000e+00,0.000000000000000000e+00,0.000000000000000000e+00,0.000000000000000000e+00,0.000000000000000000e+00,0.000000000000000000e+00,0.000000000000000000e+00,0.000000000000000000e+00,0.000000000000000000e+00,0.000000000000000000e+00,0.000000000000000000e+00,0.000000000000000000e+00,0.000000000000000000e+00,0.000000000000000000e+00,0.000000000000000000e+00,0.000000000000000000e+00,0.000000000000000000e+00,0.000000000000000000e+00,0.000000000000000000e+00,0.000000000000000000e+00,0.000000000000000000e+00,2.937307181964176044e-03,9.859673408959134140e-04,2.494731778197251462e-04,0.000000000000000000e+00,0.000000000000000000e+00,0.000000000000000000e+00,0.000000000000000000e+00,0.000000000000000000e+00,0.000000000000000000e+00,0.000000000000000000e+00,5.003347245852738344e-03,0.000000000000000000e+00,4.648969920261375216e-04,0.000000000000000000e+00,0.000000000000000000e+00,0.000000000000000000e+00,0.000000000000000000e+00,0.000000000000000000e+00,0.000000000000000000e+00,0.000000000000000000e+00,0.000000000000000000e+00,7.569986202665735279e-05,6.893969286605593650e-04,1.267570909208742347e-03,0.000000000000000000e+00,0.000000000000000000e+00,0.000000000000000000e+00,0.000000000000000000e+00,0.000000000000000000e+00,0.000000000000000000e+00,0.000000000000000000e+00,0.000000000000000000e+00,0.000000000000000000e+00,0.000000000000000000e+00,0.000000000000000000e+00,0.000000000000000000e+00,2.652036930419743289e-04,1.466494755491874616e-03,3.931728027215460573e-03,0.000000000000000000e+00,0.000000000000000000e+00,2.075595168735664992e-04,5.986353473929612165e-04,8.079499488616529584e-04,7.524894421423365893e-04,4.052560908913344952e-04,0.000000000000000000e+00,0.000000000000000000e+00,0.000000000000000000e+00,0.000000000000000000e+00,0.000000000000000000e+00,0.000000000000000000e+00,0.000000000000000000e+00,9.717278500752359266e-04,1.931021102885804690e-03,2.587253988208237758e-03,2.871794683226372609e-03,2.747034711490620954e-03,2.214163920828301525e-03,1.316883262672677909e-03,1.397123028038699569e-04,0.000000000000000000e+00,0.000000000000000000e+00,0.000000000000000000e+00,0.000000000000000000e+00,0.000000000000000000e+00,0.000000000000000000e+00,0.000000000000000000e+00,0.000000000000000000e+00,0.000000000000000000e+00,0.000000000000000000e+00,0.000000000000000000e+00,0.000000000000000000e+00,0.000000000000000000e+00,0.000000000000000000e+00,0.000000000000000000e+00,0.000000000000000000e+00,0.000000000000000000e+00,0.000000000000000000e+00,0.000000000000000000e+00,0.000000000000000000e+00,0.000000000000000000e+00,0.000000000000000000e+00,0.000000000000000000e+00,0.000000000000000000e+00,0.000000000000000000e+00,0.000000000000000000e+00,5.670354307316266166e-05,1.273321758559382193e-03,2.119246592563214186e-03,2.570825694559049270e-03,2.658316858965960837e-03,2.455336702392743597e-03,2.060835784072833146e-03,1.578880323270590805e-03,1.556107265906495974e-03,1.827338632762512708e-03,2.094102049886250542e-03,2.347543168606229351e-03,2.557888921696518936e-03,2.683072895004541721e-03,1.618483652851733382e-03,8.856566224703469334e-04,0.000000000000000000e+00
8.660278669360449873e-08,6.330159322344973980e-04,1.145855866898074903e-03,1.095462494111013751e-04,0.000000000000000000e+00,0.000000000000000000e+00,2.691936949495383276e-04,0.000000000000000000e+00,0.000000000000000000e+00,0.000000000000000000e+00,0.000000000000000000e+00,0.000000000000000000e+00,0.000000000000000000e+00,0.000000000000000000e+00,0.000000000000000000e+00,0.000000000000000000e+00,0.000000000000000000e+00,0.000000000000000000e+00,0.000000000000000000e+00,0.000000000000000000e+00,0.000000000000000000e+00,0.000000000000000000e+00,0.000000000000000000e+00,0.000000000000000000e+00,0.000000000000000000e+00,2.761707888620769597e-04,1.025007891581309954e-03,1.764134683834069767e-03,2.395149454393995583e-03,2.822635056402160707e-03,2.973535536950353778e-03,2.811659836782785197e-03,2.345403737639271090e-03,1.628250683941071669e-03,7.521534105100715533e-04,0.000000000000000000e+00,0.000000000000000000e+00,0.000000000000000000e+00,0.000000000000000000e+00,0.000000000000000000e+00,0.000000000000000000e+00,0.000000000000000000e+00,0.000000000000000000e+00,0.000000000000000000e+00,4.922814653527255498e-04,2.089965081198172803e-03,3.789814494087831703e-03,5.468979221308229235e-03,6.984836030830288318e-03,8.199393566670539618e-03,9.005024733293018682e-03,9.344038230863061997e-03,9.216629211268268992e-03,8.675762852940529027e-03,7.811793141572464724e-03,6.732337583401120512e-03,5.543165007478773748e-03,4.334014140453671012e-03,3.170502343794377037e-03,2.091238762054282996e-03,1.108656955500697842e-03,2.128186143479163239e-04,0.000000000000000000e+00,0.000000000000000000e+00,0.000000000000000000e+00,0.000000000000000000e+00,0.000000000000000000e+00,0.000000000000000000e+00,0.000000000000000000e+00,0.000000000000000000e+00,0.000000000000000000e+00,0.000000000000000000e+00,0.000000000000000000e+00,0.000000000000000000e+00,0.000000000000000000e+00,0.000000000000000000e+00,0.000000000000000000e+00,0.000000000000000000e+00,0.000000000000000000e+00,0.000000000000000000e+00,0.000000000000000000e+00,0.000000000000000000e+00,0.000000000000000000e+00,0.000000000000000000e+00,0.000000000000000000e+00,0.000000000000000000e+00,0.000000000000000000e+00,0.000000000000000000e+00,0.000000000000000000e+00,0.000000000000000000e+00,0.000000000000000000e+00,0.000000000000000000e+00,0.000000000000000000e+00,0.000000000000000000e+00,0.000000000000000000e+00,0.000000000000000000e+00,0.000000000000000000e+00,0.000000000000000000e+00,0.000000000000000000e+00,0.000000000000000000e+00,0.000000000000000000e+00,0.000000000000000000e+00,0.000000000000000000e+00,1.136391661225464109e-04,2.105773545888893245e-04,1.757283671352166730e-04,2.490458900227738220e-05,0.000000000000000000e+00,0.000000000000000000e+00,0.000000000000000000e+00,0.000000000000000000e+00,1.441732133125988842e-04,7.532020704382138719e-04,1.427693551198955029e-03,2.157464709320005506e-03,2.913613720390644934e-03,3.649597116039743436e-03,4.306590728376408564e-03,4.822423447621382829e-03,5.143000423270382288e-03,5.234428737578212219e-03,5.092957802024134992e-03,4.749034460740653163e-03,4.262276030963853615e-03,3.706551144301780797e-03,3.148131408232264592e-03,2.623527566165712900e-03,2.125213678871743471e-03,1.601741678651238130e-03,1.144800197576159714e-03,1.149453769817052919e-03,1.144431152519989701e-03,1.131382583767230740e-03,1.111942520115447117e-03,1.087674183488243759e-03,1.060026430715690264e-03,1.030292898902641268e-03,9.995824164780874217e-04,9.687946254767678539e-04,9.386045592952340418e-04,9.094533847587142096e-04,1.034013821435048096e-03,1.400068164198987278e-03,1.781988450971812169e-03,2.154978542397073104e-03,2.481486491873493520e-03,2.716142122372363060e-03,2.813584458969187792e-03,2.737828638123861354e-03,2.471056435507742836e-03,2.019396172926343942e-03,0.000000000000000000e+00,0.000000000000000000e+00,4.574866152825094075e-03,0.000000000000000000e+00,0.000000000000000000e+00,0.000000000000000000e+00,0.000000000000000000e+00,0.000000000000000000e+00,1.086334783370310647e-04,2.397124072966528641e-04,0.000000000000000000e+00,1.893969663703401550e-04,0.000000000000000000e+00,0.000000000000000000e+00,0.000000000000000000e+00,0.000000000000000000e+00,0.000000000000000000e+00,0.000000000000000000e+00,0.000000000000000000e+00,0.000000000000000000e+00,3.375149628611950393e-04,1.366645877199362509e-03,2.245830238580533243e-03,2.923350171401474084e-03,0.000000000000000000e+00,0.000000000000000000e+00,0.000000000000000000e+00,0.000000000000000000e+00,4.029679387010895214e-04,0.000000000000000000e+00,0.000000000000000000e+00,0.000000000000000000e+00,0.000000000000000000e+00,0.000000000000000000e+00,5.779003349778107416e-05,1.399056005684039695e-03,2.787989446916310215e-03,0.000000000000000000e+00,0.000000000000000000e+00,0.000000000000000000e+00,0.000000000000000000e+00,0.000000000000000000e+00,0.000000000000000000e+00,0.000000000000000000e+00,0.000000000000000000e+00,0.000000000000000000e+00,0.000000000000000000e+00,0.000000000000000000e+00,0.000000000000000000e+00,0.000000000000000000e+00,0.000000000000000000e+00,8.246812113025632973e-04,0.000000000000000000e+00,0.000000000000000000e+00,0.000000000000000000e+00,3.274041867750803175e-03,0.000000000000000000e+00,0.000000000000000000e+00,0.000000000000000000e+00,0.000000000000000000e+00,0.000000000000000000e+00,0.000000000000000000e+00,0.000000000000000000e+00,0.000000000000000000e+00,3.061306523685699697e-04,1.135292000206164498e-03,1.967291045312689717e-03,0.000000000000000000e+00,0.000000000000000000e+00,0.000000000000000000e+00,0.000000000000000000e+00,0.000000000000000000e+00,0.000000000000000000e+00,0.000000000000000000e+00,0.000000000000000000e+00,0.000000000000000000e+00,0.000000000000000000e+00,0.000000000000000000e+00,5.453318930744809317e-04,1.735839638496906477e-03,3.038131930042045452e-03,4.407640002902687634e-03,0.000000000000000000e+00,0.000000000000000000e+00,0.000000000000000000e+00,0.000000000000000000e+00,0.000000000000000000e+00,0.000000000000000000e+00,0.000000000000000000e+00,0.000000000000000000e+00,0.000000000000000000e+00,0.000000000000000000e+00,0.000000000000000000e+00,0.000000000000000000e+00,0.000000000000000000e+00,0.000000000000000000e+00,0.000000000000000000e+00,0.000000000000000000e+00,0.000000000000000000e+00,0.000000000000000000e+00,0.000000000000000000e+00,0.000000000000000000e+00,0.000000000000000000e+00,0.000000000000000000e+00,0.000000000000000000e+00,0.000000000000000000e+00,0.000000000000000000e+00,3.160187970557785681e-03,1.084627875364780778e-03,2.635126803730426185e-03,2.081463021860488222e-03,2.211430416851802548e-03,2.036550739884836377e-03,1.609098028763202536e-03,0.000000000000000000e+00,0.000000000000000000e+00,5.161546017083865718e-04,1.899336289869573606e-03,0.000000000000000000e+00,1.001032767901462368e-04,9.876874968221894049e-04,1.978261552319816874e-03,2.867453576512369370e-03,3.470330282123004415e-03,3.663933621446358209e-03,3.415747348082722595e-03,2.790531693645710055e-03,1.933417825303637488e-03,1.033616254326329533e-03,2.785685452098702317e-04,0.000000000000000000e+00,0.000000000000000000e+00,0.000000000000000000e+00,4.065139833486631333e-04,1.000838968687873609e-03,1.557628441276096530e-03,1.940783471175975584e-03,2.055783508694734169e-03,1.865444887587392646e-03,1.394701829372753344e-03,7.244953617334475796e-04,0.000000000000000000e+00,0.000000000000000000e+00,0.000000000000000000e+00,0.000000000000000000e+00,0.000000000000000000e+00,2.487001996799124981e-04,1.231254976202956781e-03,2.052009975271364573e-03,2.612044511204834538e-03,3.163637186265530303e-03,3.873207134253235737e-03,4.227567120760221051e-03,4.195291820149655952e-03,3.824937147889666701e-03,3.388597920272413532e-03,0.000000000000000000e+00,2.073963006804419886e-04,7.847004286017084237e-04,1.096423789084037493e-03,1.156435556134515754e-03,1.023737264913338919e-03,7.728991066758309977e-04,4.668127203295378141e-04,1.414088556652233670e-04,0.000000000000000000e+00,0.000000000000000000e+00,0.000000000000000000e+00,0.000000000000000000e+00,0.000000000000000000e+00,0.000000000000000000e+00,0.000000000000000000e+00,0.000000000000000000e+00,0.000000000000000000e+00,7.872443661354280604e-04,1.368280171106444698e-03,1.594891986653587581e-03,1.397779502792914977e-03,7.807990433954937852e-04,0.000000000000000000e+00,0.000000000000000000e+00,0.000000000000000000e+00,0.000000000000000000e+00,0.000000000000000000e+00,0.000000000000000000e+00,0.000000000000000000e+00,0.000000000000000000e+00,0.000000000000000000e+00,0.000000000000000000e+00,8.023188769195015299e-04,1.417086741203702057e-03,0.000000000000000000e+00,0.000000000000000000e+00,0.000000000000000000e+00,0.000000000000000000e+00,0.000000000000000000e+00,0.000000000000000000e+00,0.000000000000000000e+00,0.000000000000000000e+00,0.000000000000000000e+00,0.000000000000000000e+00,1.721558943580449872e-04,9.297845839298368980e-04,1.814745954626043132e-03,2.741687579383259715e-03,3.599825727317249903e-03,4.269847914475443512e-03,4.642482831645078183e-03,4.634932607801499696e-03,4.202278314960060032e-03,3.342540797217579025e-03,2.095739278486910724e-03,5.385227609778927248e-04,0.000000000000000000e+00,0.000000000000000000e+00,0.000000000000000000e+00,0.000000000000000000e+00,0.000000000000000000e+00,0.000000000000000000e+00,0.000000000000000000e+00,0.000000000000000000e+00,0.000000000000000000e+00,0.000000000000000000e+00,0.000000000000000000e+00,3.829701026410226895e-03,3.463603049298021389e-03,1.644651797214275509e-03,9.225657886434920647e-04,2.110543533737152446e-03,3.011587642821317475e-03,3.618071775198204720e-03,3.947860266539310672e-03,4.041205007190067956e-03,0.000000000000000000e+00,0.000000000000000000e+00,0.000000000000000000e+00,0.000000000000000000e+00,4.140136535462328330e-04,1.215208175379728058e-03,1.918699019928963700e-03,2.569864507376755022e-03,3.214853312542294717e-03,3.884474598341442972e-03,4.581636838174018081e-03,5.275401220596681422e-03,5.903370156590608334e-03,6.382323469745557198e-03,0.000000000000000000e+00,0.000000000000000000e+00
4.299499020011426578e-08,5.741142043490417290e-04,0.000000000000000000e+00,0.000000000000000000e+00,0.000000000000000000e+00,0.000000000000000000e+00,0.000000000000000000e+00,0.000000000000000000e+00,0.000000000000000000e+00,0.000000000000000000e+00,0.000000000000000000e+00,0.000000000000000000e+00,0.000000000000000000e+00,0.000000000000000000e+00,0.000000000000000000e+00,0.000000000000000000e+00,0.000000000000000000e+00,0.000000000000000000e+00,0.000000000000000000e+00,0.000000000000000000e+00,0.000000000000000000e+00,0.000000000000000000e+00,0.000000000000000000e+00,0.000000000000000000e+00,0.000000000000000000e+00,4.065187240200094461e-04,2.631321711047623392e-03,8.933185529305776029e-03,0.000000000000000000e+00,0.000000000000000000e+00,0.000000000000000000e+00,0.000000000000000000e+00,0.000000000000000000e+00,0.000000000000000000e+00,0.000000000000000000e+00,0.000000000000000000e+00,0.000000000000000000e+00,0.000000000000000000e+00,0.000000000000000000e+00,0.000000000000000000e+00,0.000000000000000000e+00,0.000000000000000000e+00,0.000000000000000000e+00,0.000000000000000000e+00,4.413198054393539056e-04,0.000000000000000000e+00,0.000000000000000000e+00,0.000000000000000000e+00,0.000000000000000000e+00,0.000000000000000000e+00,0.000000000000000000e+00,0.000000000000000000e+00,0.000000000000000000e+00,0.000000000000000000e+00,0.000000000000000000e+00,0.000000000000000000e+00,0.000000000000000000e+00,0.000000000000000000e+00,0.000000000000000000e+00,0.000000000000000000e+00,0.000000000000000000e+00,0.000000000000000000e+00,0.000000000000000000e+00,0.000000000000000000e+00,0.000000000000000000e+00,0.000000000000000000e+00,0.000000000000000000e+00,0.000000000000000000e+00,0.000000000000000000e+00,0.000000000000000000e+00,0.000000000000000000e+00,0.000000000000000000e+00,0.000000000000000000e+00,0.000000000000000000e+00,0.000000000000000000e+00,0.000000000000000000e+00,0.000000000000000000e+00,0.000000000000000000e+00,0.000000000000000000e+00,0.000000000000000000e+00,0.000000000000000000e+00,0.000000000000000000e+00,0.000000000000000000e+00,0.000000000000000000e+00,0.000000000000000000e+00,0.000000000000000000e+00,0.000000000000000000e+00,8.094954383443060035e-05,4.511580537658148858e-04,8.268208500657193418e-04,1.171940955703662263e-03,1.468905147228279431e-03,1.721116621665613267e-03,1.949851322651816130e-03,2.187223223929720978e-03,2.467075459307238074e-03,2.815080695147735134e-03,3.239289129253779785e-03,5.717676834868427524e-03,4.254538350385548250e-03,0.000000000000000000e+00,0.000000000000000000e+00,0.000000000000000000e+00,0.000000000000000000e+00,0.000000000000000000e+00,0.000000000000000000e+00,0.000000000000000000e+00,0.000000000000000000e+00,0.000000000000000000e+00,0.000000000000000000e+00,0.000000000000000000e+00,0.000000000000000000e+00,0.000000000000000000e+00,2.081944356054705645e-04,3.916464927190149454e-04,3.589944876385144871e-04,4.715011541652265348e-05,0.000000000000000000e+00,0.000000000000000000e+00,0.000000000000000000e+00,0.000000000000000000e+00,1.171603722026346925e-03,2.621620899580523207e-03,3.777971556064739153e-03,4.590572890486842479e-03,5.050825099687861371e-03,5.192129561848854089e-03,5.081462441056519563e-03,4.803875031811822259e-03,4.444472208805316446e-03,4.072887758810600153e-03,3.733521481058121351e-03,3.442154078131516234e-03,3.187713664689299266e-03,2.937614044319938628e-03,2.645802085352744019e-03,2.263247456417858284e-03,1.750210707752474773e-03,2.190496687135661848e-03,2.812233240113766897e-03,3.465863221864732332e-03,4.078729294785416251e-03,4.547759620978077295e-03,4.763304196830298043e-03,4.637437833297068830e-03,4.128687051830534464e-03,3.256103778888244475e-03,2.098791723906672478e-03,4.199396822478662639e-03,1.149436495242681924e-03,0.000000000000000000e+00,0.000000000000000000e+00,0.000000000000000000e+00,0.000000000000000000e+00,0.000000000000000000e+00,0.000000000000000000e+00,0.000000000000000000e+00,0.000000000000000000e+00,0.000000000000000000e+00,0.000000000000000000e+00,0.000000000000000000e+00,9.690159970379236222e-05,8.405248702042900739e-04,1.469665192624220167e-03,1.937478551735084126e-03,2.204605152903091770e-03,2.248835161006603259e-03,2.074152841584179629e-03,1.829207265487020617e-03,1.964050533557860825e-03,1.901248080169256347e-03,1.653814683750968366e-03,1.250972120442996223e-03,7.307718221543567068e-04,4.331002392854626029e-04,5.054468041782472125e-04,5.748025008801676541e-04,8.279804957375364949e-04,1.371152717477246066e-03,1.934735845867760744e-03,2.484536675530300397e-03,2.996272974917666039e-03,3.454210206279291918e-03,3.848733290494836968e-03,4.174168772199543694e-03,4.427723894186540513e-03,4.609691693031411734e-03,0.000000000000000000e+00,0.000000000000000000e+00,0.000000000000000000e+00,0.000000000000000000e+00,0.000000000000000000e+00,0.000000000000000000e+00,0.000000000000000000e+00,0.000000000000000000e+00,0.000000000000000000e+00,0.000000000000000000e+00,0.000000000000000000e+00,0.000000000000000000e+00,0.000000000000000000e+00,0.000000000000000000e+00,0.000000000000000000e+00,0.000000000000000000e+00,0.000000000000000000e+00,0.000000000000000000e+00,0.000000000000000000e+00,0.000000000000000000e+00,9.784814207937919672e-04,0.000000000000000000e+00,0.000000000000000000e+00,0.000000000000000000e+00,0.000000000000000000e+00,0.000000000000000000e+00,0.000000000000000000e+00,0.000000000000000000e+00,0.000000000000000000e+00,9.093160228345955080e-04,1.847833453970375945e-03,2.708128500141109268e-03,3.399035194876477272e-03,3.848962155989899860e-03,4.016961451737592961e-03,3.898970466327460454e-03,3.526810251360203499e-03,2.959309684962497557e-03,2.267445237308916752e-03,1.517602746715861943e-03,7.579535033810004150e-04,1.190781309103429541e-05,0.000000000000000000e+00,0.000000000000000000e+00,0.000000000000000000e+00,0.000000000000000000e+00,0.000000000000000000e+00,0.000000000000000000e+00,0.000000000000000000e+00,0.000000000000000000e+00,0.000000000000000000e+00,0.000000000000000000e+00,0.000000000000000000e+00,0.000000000000000000e+00,0.000000000000000000e+00,0.000000000000000000e+00,0.000000000000000000e+00,0.000000000000000000e+00,0.000000000000000000e+00,1.052837856829973552e-04,2.485668445731419778e-04,3.788869798193089580e-04,4.953636131346131431e-04,5.973795566056597705e-04,1.444426762421192108e-03,2.540847937839885336e-03,3.323258020661587400e-03,3.765839711245857774e-03,3.881390045436672407e-03,3.708503295901124930e-03,3.299495743690122884e-03,2.713855187388707676e-03,2.017589747340589341e-03,1.284935131300978190e-03,8.306747714160119022e-04,7.949746092536063820e-04,7.557909800903280136e-04,7.146880273945099447e-04,6.731800697587591014e-04,6.326975707437163844e-04,7.688900652717186321e-04,1.515185811924442882e-03,2.311473934887507773e-03,3.082647889251645835e-03,3.769425732740358265e-03,4.334558948048229839e-03,4.763362646230913551e-03,5.058910772349344866e-03,5.233691270756925078e-03,5.300505218106577564e-03,5.265539418710493864e-03,5.125707870920963999e-03,4.870918284157399122e-03,4.490425704284483309e-03,3.981296112289738759e-03,3.356413077660372855e-03,2.649392261700389203e-03,1.914207254482401315e-03,1.218455031910935932e-03,1.216630296366334480e-03,1.188574330352298869e-03,1.174922352437447184e-03,0.000000000000000000e+00,0.000000000000000000e+00,0.000000000000000000e+00,0.000000000000000000e+00,0.000000000000000000e+00,0.000000000000000000e+00,0.000000000000000000e+00,0.000000000000000000e+00,0.000000000000000000e+00,0.000000000000000000e+00,0.000000000000000000e+00,0.000000000000000000e+00,0.000000000000000000e+00,0.000000000000000000e+00,0.000000000000000000e+00,0.000000000000000000e+00,1.033536335594011882e-05,9.881969741280330084e-04,0.000000000000000000e+00,0.000000000000000000e+00,0.000000000000000000e+00,0.000000000000000000e+00,0.000000000000000000e+00,0.000000000000000000e+00,0.000000000000000000e+00,0.000000000000000000e+00,0.000000000000000000e+00,0.000000000000000000e+00,0.000000000000000000e+00,3.426581596661624305e-06,2.811441332982521466e-04,6.363063897661543587e-04,1.631507230015562509e-03,1.591985633154314756e-03,0.000000000000000000e+00,0.000000000000000000e+00,1.985372776790771739e-04,8.435009212532545205e-04,1.409714804732852900e-03,1.824554314243549517e-03,2.029380691270226723e-03,1.979524374970268244e-03,1.644317673529261834e-03,1.010969957404773099e-03,9.284250335752372921e-05,0.000000000000000000e+00,0.000000000000000000e+00,0.000000000000000000e+00,0.000000000000000000e+00,0.000000000000000000e+00,0.000000000000000000e+00,0.000000000000000000e+00,0.000000000000000000e+00,0.000000000000000000e+00,0.000000000000000000e+00,0.000000000000000000e+00,0.000000000000000000e+00,0.000000000000000000e+00,0.000000000000000000e+00,0.000000000000000000e+00,0.000000000000000000e+00,6.722640363505195992e-04,4.583303892407276925e-03,0.000000000000000000e+00,0.000000000000000000e+00,0.000000000000000000e+00,0.000000000000000000e+00,0.000000000000000000e+00,0.000000000000000000e+00,0.000000000000000000e+00,0.000000000000000000e+00,0.000000000000000000e+00,0.000000000000000000e+00,0.000000000000000000e+00,0.000000000000000000e+00,0.000000000000000000e+00,0.000000000000000000e+00,0.000000000000000000e+00,0.000000000000000000e+00,0.000000000000000000e+00,0.000000000000000000e+00,0.000000000000000000e+00,4.161909610462442383e-05,0.000000000000000000e+00,9.010531437776912983e-05,3.061501366549770355e-04,7.027737615361744680e-04,1.094591684667172793e-03,0.000000000000000000e+00,0.000000000000000000e+00,0.000000000000000000e+00,0.000000000000000000e+00,0.000000000000000000e+00,0.000000000000000000e+00,0.000000000000000000e+00,0.000000000000000000e+00,0.000000000000000000e+00,0.000000000000000000e+00,1.467707654008080934e-03,2.921274176782468184e-03,4.114473349145868035e-03,5.008704986827474011e-03,5.596230929995501396e-03,0.000000000000000000e+00,0.000000000000000000e+00,0.000000000000000000e+00,0.000000000000000000e+00,0.000000000000000000e+00,0.000000000000000000e+00,0.000000000000000000e+00,0.000000000000000000e+00
3.132875709292779352e-08,6.008918839637430141e-04,0.000000000000000000e+00,0.000000000000000000e+00,0.000000000000000000e+00,0.000000000000000000e+00,0.000000000000000000e+00,0.000000000000000000e+00,0.000000000000000000e+00,0.000000000000000000e+00,0.000000000000000000e+00,3.678550275720401312e-05,1.619539718027111373e-04,2.967356604286925932e-04,4.371499646649481944e-04,5.790095869446027421e-04,7.180227547835709486e-04,8.499074356950297570e-04,9.704962341408675556e-04,1.324087644796527420e-03,2.250739515340104656e-03,3.237517179126233029e-03,3.824630211300877707e-03,4.005644873467235217e-03,3.837033407198656848e-03,3.416685464820726215e-03,2.860133197232032735e-03,2.275487418764068209e-03,1.744064168788514446e-03,1.311573097510619927e-03,9.906464451289263146e-04,7.712807375011344370e-04,6.335629515010653872e-04,5.577501383562482023e-04,5.295811862661908365e-04,5.417127578009390447e-04,5.936301668583049982e-04,6.917720580735211471e-04,8.497626136348764188e-04,1.087162808594491518e-03,1.425085885146906272e-03,1.878456586217546430e-03,2.446776813335602759e-03,3.106705430611916320e-03,3.809891885882362838e-03,4.488075431018017508e-03,5.065062831401311895e-03,5.472548769068857899e-03,5.664899328777935582e-03,5.627833476320986614e-03,5.377866428475602464e-03,4.952995794413262570e-03,4.398835448166318537e-03,3.756350532801856767e-03,3.056187877285433240e-03,2.320843975483356369e-03,1.571659198880868361e-03,8.353755741658713862e-04,9.370545998615115819e-04,1.325036845733505502e-03,1.716033655926122066e-03,2.105219802858332954e-03,0.000000000000000000e+00,0.000000000000000000e+00,0.000000000000000000e+00,0.000000000000000000e+00,0.000000000000000000e+00,0.000000000000000000e+00,0.000000000000000000e+00,0.000000000000000000e+00,0.000000000000000000e+00,0.000000000000000000e+00,0.000000000000000000e+00,0.000000000000000000e+00,0.000000000000000000e+00,0.000000000000000000e+00,4.706470236770087402e-04,1.256826365137504384e-03,1.876012393985365852e-03,2.273714333989735638e-03,2.431055840311607298e-03,2.369665081913885363e-03,2.148416537392772857e-03,1.853448565011203133e-03,1.583698976445732350e-03,1.434293224471517442e-03,1.480147693005643555e-03,1.762535767667915967e-03,2.281762610866145107e-03,0.000000000000000000e+00,0.000000000000000000e+00,0.000000000000000000e+00,0.000000000000000000e+00,0.000000000000000000e+00,0.000000000000000000e+00,0.000000000000000000e+00,0.000000000000000000e+00,0.000000000000000000e+00,0.000000000000000000e+00,0.000000000000000000e+00,0.000000000000000000e+00,0.000000000000000000e+00,0.000000000000000000e+00,0.000000000000000000e+00,0.000000000000000000e+00,1.584204162401275668e-03,0.000000000000000000e+00,0.000000000000000000e+00,0.000000000000000000e+00,0.000000000000000000e+00,0.000000000000000000e+00,0.000000000000000000e+00,2.882421856448834000e-05,3.496331183534611103e-04,6.718866217278666834e-04,9.658688977981582345e-04,1.211491890173376721e-03,1.403462102745090499e-03,1.552174764483023025e-03,1.679220676813802850e-03,1.808176780670570603e-03,1.953665753948449074e-03,0.000000000000000000e+00,0.000000000000000000e+00,0.000000000000000000e+00,0.000000000000000000e+00,0.000000000000000000e+00,0.000000000000000000e+00,0.000000000000000000e+00,0.000000000000000000e+00,6.837988450919374028e-04,1.491518236821596025e-03,1.070560207855699364e-03,0.000000000000000000e+00,0.000000000000000000e+00,0.000000000000000000e+00,0.000000000000000000e+00,0.000000000000000000e+00,0.000000000000000000e+00,0.000000000000000000e+00,0.000000000000000000e+00,0.000000000000000000e+00,8.844521877856149471e-04,2.444655115395219427e-03,3.629547185516369956e-03,0.000000000000000000e+00,0.000000000000000000e+00,0.000000000000000000e+00,0.000000000000000000e+00,0.000000000000000000e+00,0.000000000000000000e+00,0.000000000000000000e+00,0.000000000000000000e+00,0.000000000000000000e+00,0.000000000000000000e+00,0.000000000000000000e+00,1.122418696659492924e-03,0.000000000000000000e+00,1.008014939134848232e-03,2.261580438280126181e-03,0.000000000000000000e+00,0.000000000000000000e+00,0.000000000000000000e+00,0.000000000000000000e+00,0.000000000000000000e+00,0.000000000000000000e+00,0.000000000000000000e+00,0.000000000000000000e+00,0.000000000000000000e+00,0.000000000000000000e+00,0.000000000000000000e+00,0.000000000000000000e+00,0.000000000000000000e+00,0.000000000000000000e+00,2.352444731736990421e-03,1.131791306981833636e-04,0.000000000000000000e+00,0.000000000000000000e+00,0.000000000000000000e+00,0.000000000000000000e+00,0.000000000000000000e+00,0.000000000000000000e+00,3.796680775853468904e-04,6.528777746581328374e-04,6.399180021079633887e-04,3.126117484602329924e-04,0.000000000000000000e+00,0.000000000000000000e+00,0.000000000000000000e+00,1.258342084809242062e-03,2.984978671535495724e-03,5.173887446667200249e-04,1.626676404134017127e-03,4.100557960442063887e-03,4.012129448624334425e-03,0.000000000000000000e+00,0.000000000000000000e+00,0.000000000000000000e+00,0.000000000000000000e+00,0.000000000000000000e+00,0.000000000000000000e+00,0.000000000000000000e+00,0.000000000000000000e+00,0.000000000000000000e+00,0.000000000000000000e+00,0.000000000000000000e+00,0.000000000000000000e+00,0.000000000000000000e+00,0.000000000000000000e+00,0.000000000000000000e+00,0.000000000000000000e+00,0.000000000000000000e+00,8.104527141423029362e-04,1.936438752996373549e-03,2.642687259256031474e-03,2.833179296586799296e-03,0.000000000000000000e+00,0.000000000000000000e+00,0.000000000000000000e+00,9.694057394187547468e-04,1.159245167493296730e-03,1.457765090592786283e-03,1.767451839005065905e-03,2.040106615233859381e-03,2.234653685873987453e-03,2.334497931727232741e-03,2.356397052354608588e-03,2.347744508519823171e-03,2.373240168533843116e-03,2.495833325072056331e-03,2.758922385634529108e-03,3.176200612104721627e-03,3.732205519174497822e-03,0.000000000000000000e+00,0.000000000000000000e+00,0.000000000000000000e+00,0.000000000000000000e+00,0.000000000000000000e+00,0.000000000000000000e+00,0.000000000000000000e+00,0.000000000000000000e+00,0.000000000000000000e+00,8.940932898929995179e-05,6.496958464177525570e-04,9.222110933486571838e-04,8.498177504140193338e-04,4.340960518227724449e-04,0.000000000000000000e+00,0.000000000000000000e+00,0.000000000000000000e+00,3.961404262696692057e-04,1.591290270989371763e-03,2.564583583478640891e-03,3.247407391928388079e-03,3.596570157887340677e-03,3.611577227120066607e-03,3.343224601980048383e-03,2.887212998380375012e-03,2.362382333466827179e-03,1.880211143291472559e-03,1.516779412108672058e-03,1.297938075290591253e-03,1.202842905446744248e-03,1.405107046878514149e-03,2.304889332943255934e-03,3.062920711675480058e-03,3.641518079269767671e-03,4.007877219118438639e-03,4.135064992342681912e-03,4.005714755315950039e-03,3.617594757658874460e-03,2.988894468491098098e-03,2.160741322350149922e-03,1.824964066084131540e-03,1.792908343078806858e-03,1.603568282383961577e-03,1.235079270147636070e-03,6.852264572296995655e-04,0.000000000000000000e+00,0.000000000000000000e+00,0.000000000000000000e+00,0.000000000000000000e+00,0.000000000000000000e+00,0.000000000000000000e+00,0.000000000000000000e+00,0.000000000000000000e+00,0.000000000000000000e+00,0.000000000000000000e+00,0.000000000000000000e+00,0.000000000000000000e+00,0.000000000000000000e+00,0.000000000000000000e+00,0.000000000000000000e+00,0.000000000000000000e+00,0.000000000000000000e+00,0.000000000000000000e+00,1.784500758882154715e-04,5.936292224207880908e-04,7.731839308878864008e-04,7.365537253635417265e-04,5.358127601172761817e-04,2.454434131727255535e-04,0.000000000000000000e+00,0.000000000000000000e+00,0.000000000000000000e+00,0.000000000000000000e+00,0.000000000000000000e+00,5.928289981508202944e-05,3.406455458647188661e-04,5.776053507287917362e-04,7.065814296737582328e-04,6.835029361861511736e-04,4.903229725766312767e-04,1.351418703046260541e-04,0.000000000000000000e+00,0.000000000000000000e+00,0.000000000000000000e+00,0.000000000000000000e+00,0.000000000000000000e+00,0.000000000000000000e+00,0.000000000000000000e+00,0.000000000000000000e+00,0.000000000000000000e+00,0.000000000000000000e+00,0.000000000000000000e+00,0.000000000000000000e+00,0.000000000000000000e+00,0.000000000000000000e+00,0.000000000000000000e+00,0.000000000000000000e+00,0.000000000000000000e+00,0.000000000000000000e+00,0.000000000000000000e+00,0.000000000000000000e+00,0.000000000000000000e+00,0.000000000000000000e+00,7.847023962980587911e-04,1.924895242148114095e-03,2.880464214093075848e-03,3.582896041518102235e-03,3.995363042895831024e-03,4.119557070123980660e-03,3.995142480135099351e-03,3.691740975227237286e-03,3.294515886384470193e-03,2.885642077720637546e-03,2.525482852941094390e-03,2.231234929914711982e-03,3.089035319912958170e-04,5.706851017001577644e-04,8.504640710290889633e-04,1.194060272069227433e-03,1.616488806513647009e-03,2.094143427755723336e-03,0.000000000000000000e+00,0.000000000000000000e+00,0.000000000000000000e+00,0.000000000000000000e+00,0.000000000000000000e+00,0.000000000000000000e+00,0.000000000000000000e+00,0.000000000000000000e+00,0.000000000000000000e+00,2.548843672452900130e-05,2.972391766325143108e-03,1.041814985271762029e-03,0.000000000000000000e+00,2.784873662943235456e-04,8.797454061804761086e-04,0.000000000000000000e+00,0.000000000000000000e+00,0.000000000000000000e+00,0.000000000000000000e+00,0.000000000000000000e+00,0.000000000000000000e+00,0.000000000000000000e+00,0.000000000000000000e+00,0.000000000000000000e+00,0.000000000000000000e+00,0.000000000000000000e+00,7.975483221757409752e-04,1.590482751906430832e-03,2.279548340184233378e-03,2.864169317990647879e-03,3.348816463591970920e-03,3.733723390104823434e-03,4.011359499420747744e-03,4.168947315712438068e-03,4.194673634453719054e-03,4.084375968510842170e-03,3.846291122092730403e-03,3.502963146584938195e-03,3.090495089773012335e-03,2.655494257263640075e-03,2.249634132216173261e-03,1.921670861812497773e-03,1.707488205523749339e-03,1.620299098528703600e-03,1.644399989637702246e-03,1.735886609886965436e-03
0.000000000000000000e+00,3.487332835710757971e-04,7.579271138896646626e-04,1.171186614365868784e-03,1.529127496013725452e-03,1.775261894925985514e-03,1.860830425393942026e-03,1.749926551228368895e-03,1.426424248936394206e-03,1.184384082135022005e-03,1.359746249644147153e-03,1.547464821359062492e-03,1.747609354929408141e-03,1.959912494303610482e-03,2.183773456113629902e-03,2.418268841580584194e-03,4.507152265928980606e-03,6.371170017348085426e-03,0.000000000000000000e+00,0.000000000000000000e+00,0.000000000000000000e+00,0.000000000000000000e+00,0.000000000000000000e+00,0.000000000000000000e+00,0.000000000000000000e+00,0.000000000000000000e+00,0.000000000000000000e+00,0.000000000000000000e+00,0.000000000000000000e+00,0.000000000000000000e+00,0.000000000000000000e+00,0.000000000000000000e+00,0.000000000000000000e+00,0.000000000000000000e+00,0.000000000000000000e+00,0.000000000000000000e+00,0.000000000000000000e+00,0.000000000000000000e+00,0.000000000000000000e+00,0.000000000000000000e+00,0.000000000000000000e+00,0.000000000000000000e+00,0.000000000000000000e+00,0.000000000000000000e+00,0.000000000000000000e+00,0.000000000000000000e+00,0.000000000000000000e+00,0.000000000000000000e+00,8.554506380886873335e-05,5.246923927554045849e-04,1.028981688977675469e-03,1.558394768274937213e-03,2.060585592691278629e-03,4.272919316683481544e-03,0.000000000000000000e+00,0.000000000000000000e+00,0.000000000000000000e+00,0.000000000000000000e+00,0.000000000000000000e+00,0.000000000000000000e+00,0.000000000000000000e+00,8.231642269466940304e-05,1.576164799621239626e-04,0.000000000000000000e+00,0.000000000000000000e+00,0.000000000000000000e+00,0.000000000000000000e+00,0.000000000000000000e+00,0.000000000000000000e+00,0.000000000000000000e+00,0.000000000000000000e+00,0.000000000000000000e+00,0.000000000000000000e+00,0.000000000000000000e+00,0.000000000000000000e+00,0.000000000000000000e+00,0.000000000000000000e+00,7.645867866898256289e-04,1.638252871008565818e-03,2.334432352908074725e-03,2.800242126735214866e-03,3.023735925272709197e-03,3.042354606220164497e-03,2.941461587869626491e-03,0.000000000000000000e+00,0.000000000000000000e+00,0.000000000000000000e+00,0.000000000000000000e+00,0.000000000000000000e+00,0.000000000000000000e+00,0.000000000000000000e+00,0.000000000000000000e+00,0.000000000000000000e+00,0.000000000000000000e+00,0.000000000000000000e+00,0.000000000000000000e+00,0.000000000000000000e+00,0.000000000000000000e+00,5.407727558535570771e-05,2.243606606187212391e-03,4.090793110964047533e-03,6.111054391073366711e-03,0.000000000000000000e+00,0.000000000000000000e+00,0.000000000000000000e+00,0.000000000000000000e+00,0.000000000000000000e+00,0.000000000000000000e+00,2.565477705598050184e-04,0.000000000000000000e+00,0.000000000000000000e+00,0.000000000000000000e+00,0.000000000000000000e+00,0.000000000000000000e+00,0.000000000000000000e+00,0.000000000000000000e+00,0.000000000000000000e+00,1.009319185640575399e-04,6.142308046751962730e-04,9.769747649489434090e-04,1.114912678215323767e-03,1.090324317080247412e-03,2.321139558833966356e-03,3.398462372083300466e-03,4.281895847068573242e-03,4.943761901274715091e-03,5.367260126638438017e-03,5.546326541216302537e-03,5.487682641611529334e-03,5.214098616529554316e-03,4.766921607323169538e-03,4.205753875864293861e-03,3.603727930777361581e-03,3.037914882576292930e-03,2.575858589515801073e-03,2.260849090428349809e-03,3.138015049012273482e-03,4.025533210974283592e-03,4.728247199143231945e-03,5.169898374107466388e-03,5.300812247161927442e-03,0.000000000000000000e+00,0.000000000000000000e+00,0.000000000000000000e+00,0.000000000000000000e+00,0.000000000000000000e+00,0.000000000000000000e+00,0.000000000000000000e+00,0.000000000000000000e+00,0.000000000000000000e+00,1.409787882884234707e-03,1.223699895443821272e-03,3.269149643336285559e-04,1.237953709268687155e-03,2.071712331901748565e-03,1.386775251271812632e-03,1.387975552354077900e-03,1.220590897853103627e-03,9.067525741692600240e-04,4.659974899394665510e-04,0.000000000000000000e+00,1.818752837318448657e-04,1.278406417572403248e-03,2.405610347869375533e-03,3.444943170034308038e-03,4.295966374830637903e-03,4.888390527879385439e-03,5.187265814207635273e-03,5.191815368115806732e-03,4.929299165968915528e-03,4.445735063297871423e-03,3.795626562253449823e-03,3.032970636948953500e-03,2.205469431628834069e-03,1.352785148231263430e-03,5.081586325602309570e-04,0.000000000000000000e+00,0.000000000000000000e+00,0.000000000000000000e+00,0.000000000000000000e+00,0.000000000000000000e+00,0.000000000000000000e+00,0.000000000000000000e+00,0.000000000000000000e+00,0.000000000000000000e+00,0.000000000000000000e+00,0.000000000000000000e+00,0.000000000000000000e+00,0.000000000000000000e+00,0.000000000000000000e+00,6.152885701572134020e-04,1.812638432428048327e-03,5.937827070787906475e-04,0.000000000000000000e+00,0.000000000000000000e+00,0.000000000000000000e+00,2.530159167596802029e-03,9.874343356315761806e-06,1.411437374970236154e-04,2.777275786632196829e-04,6.194138185610260743e-03,0.000000000000000000e+00,0.000000000000000000e+00,0.000000000000000000e+00,0.000000000000000000e+00,0.000000000000000000e+00,0.000000000000000000e+00,0.000000000000000000e+00,0.000000000000000000e+00,0.000000000000000000e+00,0.000000000000000000e+00,0.000000000000000000e+00,0.000000000000000000e+00,0.000000000000000000e+00,0.000000000000000000e+00,0.000000000000000000e+00,0.000000000000000000e+00,0.000000000000000000e+00,0.000000000000000000e+00,0.000000000000000000e+00,0.000000000000000000e+00,0.000000000000000000e+00,0.000000000000000000e+00,0.000000000000000000e+00,0.000000000000000000e+00,0.000000000000000000e+00,0.000000000000000000e+00,0.000000000000000000e+00,0.000000000000000000e+00,0.000000000000000000e+00,0.000000000000000000e+00,0.000000000000000000e+00,0.000000000000000000e+00,0.000000000000000000e+00,0.000000000000000000e+00,0.000000000000000000e+00,0.000000000000000000e+00,0.000000000000000000e+00,0.000000000000000000e+00,0.000000000000000000e+00,0.000000000000000000e+00,0.000000000000000000e+00,0.000000000000000000e+00,0.000000000000000000e+00,0.000000000000000000e+00,0.000000000000000000e+00,0.000000000000000000e+00,2.158466961889264743e-04,8.642157767482258439e-04,1.263046003117189757e-03,1.384051728747359190e-03,1.230231092499717554e-03,8.315794288489746031e-04,2.386748925619473923e-04,0.000000000000000000e+00,0.000000000000000000e+00,0.000000000000000000e+00,0.000000000000000000e+00,0.000000000000000000e+00,0.000000000000000000e+00,0.000000000000000000e+00,0.000000000000000000e+00,0.000000000000000000e+00,0.000000000000000000e+00,0.000000000000000000e+00,0.000000000000000000e+00,0.000000000000000000e+00,0.000000000000000000e+00,0.000000000000000000e+00,5.761234010664904566e-04,1.194070456063118461e-03,1.660628780096368075e-03,1.935238194940893438e-03,1.992571182296079546e-03,1.832278471822764787e-03,1.483329693830493304e-03,1.000314866629501863e-03,4.519045343817582332e-04,0.000000000000000000e+00,3.132758291238364940e-04,7.292800507709000816e-04,9.057757366027839162e-04,8.814220123674746440e-04,7.175863765162863398e-04,4.909290634528920040e-04,2.839207186223947237e-04,1.736443338748526032e-04,2.201290587252676290e-04,4.565002273957619256e-04,8.833830072304636868e-04,1.468757275835788027e-03,2.152445320923728356e-03,2.853111936844991529e-03,3.476052674595267108e-03,3.921892097064754411e-03,4.097883400888505633e-03,3.933053203408560551e-03,3.415589120865936308e-03,2.942369738650043708e-03,2.307278424774662339e-03,1.573915574504700056e-03,8.048403096094474806e-04,5.571419234422173575e-05,6.272595430688119450e-04,3.961724779917701403e-03,1.893554997786345718e-03,0.000000000000000000e+00,0.000000000000000000e+00,0.000000000000000000e+00,0.000000000000000000e+00,0.000000000000000000e+00,0.000000000000000000e+00,0.000000000000000000e+00,1.052028601174505784e-03,2.292958384494385871e-03,3.469441046797008734e-03,4.495681577111358337e-03,5.290094052556957444e-03,5.780611251364040429e-03,5.910682201491905194e-03,5.647431399611415638e-03,4.991084451936516654e-03,3.982368985883467764e-03,2.703852591759517334e-03,1.272679726684405226e-03,0.000000000000000000e+00,0.000000000000000000e+00,0.000000000000000000e+00,0.000000000000000000e+00,0.000000000000000000e+00,0.000000000000000000e+00,0.000000000000000000e+00,0.000000000000000000e+00,0.000000000000000000e+00,0.000000000000000000e+00,0.000000000000000000e+00,0.000000000000000000e+00,0.000000000000000000e+00,0.000000000000000000e+00,0.000000000000000000e+00,0.000000000000000000e+00,0.000000000000000000e+00,0.000000000000000000e+00,0.000000000000000000e+00,0.000000000000000000e+00,0.000000000000000000e+00,0.000000000000000000e+00,0.000000000000000000e+00,0.000000000000000000e+00,0.000000000000000000e+00,0.000000000000000000e+00,0.000000000000000000e+00,0.000000000000000000e+00,0.000000000000000000e+00,0.000000000000000000e+00,0.000000000000000000e+00,0.000000000000000000e+00,0.000000000000000000e+00,0.000000000000000000e+00,0.000000000000000000e+00,0.000000000000000000e+00,0.000000000000000000e+00,0.000000000000000000e+00,1.029637602219431788e-03,2.213924095715459790e-03,3.343422446658644073e-03,4.306402252027362494e-03,5.005650636436579162e-03,5.374230857224755395e-03,5.385785099355938979e-03,5.057434690741851278e-03,4.444819104094286169e-03,0.000000000000000000e+00,0.000000000000000000e+00,0.000000000000000000e+00,0.000000000000000000e+00,6.390205721344236226e-04,2.887477968528124727e-03,0.000000000000000000e+00,0.000000000000000000e+00,0.000000000000000000e+00,0.000000000000000000e+00,0.000000000000000000e+00,0.000000000000000000e+00,0.000000000000000000e+00,0.000000000000000000e+00,0.000000000000000000e+00,0.000000000000000000e+00,0.000000000000000000e+00,0.000000000000000000e+00,8.472790152787156471e-05,1.409984144699115243e-04,1.614303274478760830e-04,1.781791431875311572e-04,2.356801749725955691e-04,3.811177619527961495e-04,6.515760221536089818e-04,1.061437141231888308e-03,1.594763116231671116e-03,2.206721564856487568e-03
8.327424068211506878e-08,9.754324407302888880e-05,4.492070118699461310e-04,0.000000000000000000e+00,0.000000000000000000e+00,0.000000000000000000e+00,4.041640357713638864e-04,9.123755924612700309e-04,1.407406081652219426e-03,1.833679173489010219e-03,2.170510026913755140e-03,2.432011393741571447e-03,2.651730822812887849e-03,2.858825639384478257e-03,2.639591890150245340e-03,0.000000000000000000e+00,0.000000000000000000e+00,0.000000000000000000e+00,0.000000000000000000e+00,2.377944186028136471e-04,0.000000000000000000e+00,0.000000000000000000e+00,0.000000000000000000e+00,0.000000000000000000e+00,0.000000000000000000e+00,0.000000000000000000e+00,4.642503185198905771e-03,0.000000000000000000e+00,0.000000000000000000e+00,0.000000000000000000e+00,4.141127017576936306e-04,8.366024053396181907e-04,1.957696328013174003e-03,2.849279833792814007e-03,3.451101565619506348e-03,0.000000000000000000e+00,0.000000000000000000e+00,0.000000000000000000e+00,0.000000000000000000e+00,0.000000000000000000e+00,0.000000000000000000e+00,0.000000000000000000e+00,6.681354607354433604e-06,1.005766749128219045e-03,1.649726786378884549e-03,1.980327340238045245e-03,2.085214875460443019e-03,2.078220688077780931e-03,2.075714045382344355e-03,2.171845401474201045e-03,2.417185391184256075e-03,2.806419736606572280e-03,1.746943778792552082e-03,1.860610062767279827e-03,2.051609718649453126e-03,2.236659198411102435e-03,2.343599499129844690e-03,2.328495975775374000e-03,2.182107294121163159e-03,1.925623500288218409e-03,1.599166179055888344e-03,1.248348714337456410e-03,1.392730306513067324e-03,1.896707279841985602e-03,2.397720616382805359e-03,2.922649950368325523e-03,3.502742294676950904e-03,4.164872543413681259e-03,4.920145148457104149e-03,5.752766741334268581e-03,6.613669641189789603e-03,7.423033236432395252e-03,8.083247939909598070e-03,8.499780905376742510e-03,8.603610689707974143e-03,8.367390175080592976e-03,7.809392530783437238e-03,6.984042361091008858e-03,5.963340315464086411e-03,4.817025857382137462e-03,3.599125859700870716e-03,2.344790845757856353e-03,1.076126970467035024e-03,0.000000000000000000e+00,0.000000000000000000e+00,0.000000000000000000e+00,0.000000000000000000e+00,0.000000000000000000e+00,0.000000000000000000e+00,0.000000000000000000e+00,0.000000000000000000e+00,0.000000000000000000e+00,0.000000000000000000e+00,0.000000000000000000e+00,0.000000000000000000e+00,0.000000000000000000e+00,0.000000000000000000e+00,0.000000000000000000e+00,0.000000000000000000e+00,0.000000000000000000e+00,0.000000000000000000e+00,0.000000000000000000e+00,0.000000000000000000e+00,6.781182510108701988e-04,1.426970627370693001e-03,2.055060636154282944e-03,2.510727632932773391e-03,2.770585348502233904e-03,3.476451696799072195e-03,4.756832589844346010e-03,5.720408051950790634e-03,6.274585773423742643e-03,6.372742901892933416e-03,6.026927047773850479e-03,5.310104401810581722e-03,4.345474135082427226e-03,3.283832280313953890e-03,2.273993126396827227e-03,1.434268415481108980e-03,8.332644031389411848e-04,4.853642757528195688e-04,3.610737382847718628e-04,4.071637729058833290e-04,5.683988669272050601e-04,8.029543429081767176e-04,1.087017362360574073e-03,1.408938792078672387e-03,1.757534356700357452e-03,2.111087246434101197e-03,2.432718840283800386e-03,2.674716008890079370e-03,2.790442972044972908e-03,2.749265730953793455e-03,2.548554861730207774e-03,2.217808430051037248e-03,1.812713343247273137e-03,1.400570429529977628e-03,1.041622941525545539e-03,7.724526404610690226e-04,5.971529550655924664e-04,1.019398063090067811e-03,1.320472315220482147e-03,1.379097328473017151e-03,1.187088850355645262e-03,7.677001591479222292e-04,1.754435051082669334e-04,0.000000000000000000e+00,0.000000000000000000e+00,0.000000000000000000e+00,2.688971015140929595e-04,7.521815401037051279e-04,1.307631003056550960e-03,1.854148271001604311e-03,2.307465910399870805e-03,2.594471027901769106e-03,2.664354946615065268e-03,2.495875308425708847e-03,2.100863466143182770e-03,1.524064373172153656e-03,8.388308959315093644e-04,1.378196890584226146e-04,0.000000000000000000e+00,0.000000000000000000e+00,0.000000000000000000e+00,0.000000000000000000e+00,0.000000000000000000e+00,0.000000000000000000e+00,0.000000000000000000e+00,0.000000000000000000e+00,0.000000000000000000e+00,0.000000000000000000e+00,0.000000000000000000e+00,0.000000000000000000e+00,0.000000000000000000e+00,0.000000000000000000e+00,0.000000000000000000e+00,6.346436989682613643e-04,1.191376321079639722e-03,1.612977131090406139e-03,1.858845746294126352e-03,1.910249155453134454e-03,1.770787737564402577e-03,1.461119887464421918e-03,1.010561936977012786e-03,4.488366387132113186e-04,0.000000000000000000e+00,0.000000000000000000e+00,0.000000000000000000e+00,0.000000000000000000e+00,0.000000000000000000e+00,0.000000000000000000e+00,0.000000000000000000e+00,0.000000000000000000e+00,0.000000000000000000e+00,0.000000000000000000e+00,0.000000000000000000e+00,0.000000000000000000e+00,0.000000000000000000e+00,0.000000000000000000e+00,6.065814368019591032e-04,1.324814230624572070e-03,1.784307514656396226e-03,1.949221677116292186e-03,1.814937717741822547e-03,1.408272034165000599e-03,7.839998251155015987e-04,1.697457491564290460e-05,0.000000000000000000e+00,0.000000000000000000e+00,0.000000000000000000e+00,0.000000000000000000e+00,0.000000000000000000e+00,0.000000000000000000e+00,1.353782495247076627e-04,6.472874856805848048e-04,9.976607109336229923e-04,1.175836827422857209e-03,1.207631603403815654e-03,1.144626536434339373e-03,1.045870304651450727e-03,9.583050472810122292e-04,9.025254077810230830e-04,8.686144257594387470e-04,8.232819921166935210e-04,7.255134960042130751e-04,5.449107347239586603e-04,2.760525318890759069e-04,0.000000000000000000e+00,1.409691921818949215e-04,2.911559316370564273e-04,4.380012604652840894e-04,5.783383670271107077e-04,7.091670795244043365e-04,8.277581394720246941e-04,9.317512077673680655e-04,1.395515893729050135e-03,1.893086492733554683e-03,2.351041942658946022e-03,2.974447363145955002e-03,3.418285981847379081e-03,3.629575067723209755e-03,3.593668975116632788e-03,3.338400325643432840e-03,0.000000000000000000e+00,4.487179862860198759e-04,1.229951071355810761e-03,2.044033280223042474e-03,2.879561079736231606e-03,3.755580922170225280e-03,0.000000000000000000e+00,0.000000000000000000e+00,0.000000000000000000e+00,0.000000000000000000e+00,0.000000000000000000e+00,0.000000000000000000e+00,0.000000000000000000e+00,0.000000000000000000e+00,0.000000000000000000e+00,0.000000000000000000e+00,0.000000000000000000e+00,0.000000000000000000e+00,0.000000000000000000e+00,0.000000000000000000e+00,2.287945784902847574e-03,0.000000000000000000e+00,0.000000000000000000e+00,6.690510641390451374e-04,1.570378392171995711e-03,2.340267797926649709e-03,2.925105567148178140e-03,3.276402162128935151e-03,3.358419925426697587e-03,3.157635757037722656e-03,2.690815649128746028e-03,2.008033794682010514e-03,1.188236802480214507e-03,1.037376661493932773e-03,1.042612388133627287e-03,1.034436071848025265e-03,1.027538396169822140e-03,1.033364614061008362e-03,1.053298716041092993e-03,1.075636356600450164e-03,1.078675740523949746e-03,1.039262384376478127e-03,9.432435102205968596e-04,7.930886061221025483e-04,6.089882468786400127e-04,4.226225411024447996e-04,2.659633791777963403e-04,1.594350393402884129e-04,1.036650876176737951e-04,7.723015520895176072e-05,4.037511959890160225e-05,3.615828990504922516e-04,1.044552219193431008e-03,1.438068497233341118e-03,1.486274409688279063e-03,1.185232332600568653e-03,5.733114178602325946e-04,0.000000000000000000e+00,0.000000000000000000e+00,0.000000000000000000e+00,0.000000000000000000e+00,0.000000000000000000e+00,0.000000000000000000e+00,0.000000000000000000e+00,0.000000000000000000e+00,0.000000000000000000e+00,0.000000000000000000e+00,0.000000000000000000e+00,0.000000000000000000e+00,0.000000000000000000e+00,0.000000000000000000e+00,0.000000000000000000e+00,1.847161573734184669e-04,7.562843222262973734e-04,1.079780709940719296e-03,1.155813332747033595e-03,9.999313086385837844e-04,6.412103538700660845e-04,1.225366924052951755e-04,1.351054522388920611e-04,2.350104608175010619e-04,2.990080173163417953e-04,3.196639074294046535e-04,2.971491411533676102e-04,2.394664715773017858e-04,1.601522632191887895e-04,7.566583978726013255e-05,4.043099958461165758e-06,0.000000000000000000e+00,0.000000000000000000e+00,6.309860481774110820e-05,3.194623627522248633e-04,8.628647959581895203e-04,1.253477141181743399e-03,1.450373328306916402e-03,1.522496162544601395e-03,1.838950370769283551e-03,2.091863843787579967e-03,2.280529170573732112e-03,2.428505796660804673e-03,2.576679383231124908e-03,2.769464682186155782e-03,3.038501405254034633e-03,3.389533777076253734e-03,0.000000000000000000e+00,0.000000000000000000e+00,0.000000000000000000e+00,0.000000000000000000e+00,0.000000000000000000e+00,0.000000000000000000e+00,0.000000000000000000e+00,0.000000000000000000e+00,0.000000000000000000e+00,0.000000000000000000e+00,0.000000000000000000e+00,0.000000000000000000e+00,5.113602471206623494e-04,1.493146605053378810e-03,2.092624573244308318e-03,2.296149219575709978e-03,0.000000000000000000e+00,0.000000000000000000e+00,0.000000000000000000e+00,1.317342146815429381e-04,0.000000000000000000e+00,0.000000000000000000e+00,0.000000000000000000e+00,0.000000000000000000e+00,0.000000000000000000e+00,0.000000000000000000e+00,9.144501897145877094e-04,0.000000000000000000e+00,0.000000000000000000e+00,1.430277328634489441e-05,0.000000000000000000e+00,0.000000000000000000e+00,0.000000000000000000e+00,1.978048834631864969e-04,1.035723118811852396e-03,1.911382942228855150e-03,2.739362909809691955e-03,3.433805488728898774e-03,3.926018708463503877e-03,4.177235139763069670e-03,4.182792394418186760e-03,3.967540461253472352e-03,3.575422097030846874e-03,3.057416201622092586e-03,2.461214050665168004e-03,1.824097655333391504e-03,1.168939285955646664e-03,5.029158177953191398e-04,0.000000000000000000e+00,0.000000000000000000e+00,0.000000000000000000e+00,0.000000000000000000e+00,0.000000000000000000e+00
1.110946786307843636e-07,3.706528921464829519e-04,7.741999172795282049e-04,1.178009393110896310e-03,1.540626588582893596e-03,1.819893170006754712e-03,1.984777529248765108e-03,2.026148197075281626e-03,1.961836761180715469e-03,1.833781325358426655e-03,1.698411735199526190e-03,1.613978316075228127e-03,1.628988523951775463e-03,0.000000000000000000e+00,9.759236304228072331e-05,3.534390607240724602e-04,3.843188694309251788e-04,1.689567892171968302e-04,0.000000000000000000e+00,0.000000000000000000e+00,0.000000000000000000e+00,0.000000000000000000e+00,0.000000000000000000e+00,0.000000000000000000e+00,0.000000000000000000e+00,1.072503309320979028e-03,2.805057648745621149e-03,4.338010690247517780e-03,3.936360362199005890e-03,4.008436744662786065e-03,3.809384046507672573e-03,3.376589390668486863e-03,2.766227371640672672e-03,2.042950100265645587e-03,1.269644960501935043e-03,5.276668104020455861e-04,1.141710093423821404e-03,1.591117373911582868e-03,1.850073190090463808e-03,1.920140848598738239e-03,1.825210916094768690e-03,1.606507544192002732e-03,1.317702477422479177e-03,1.019113520015029611e-03,7.699180409414278434e-04,6.182458110067347648e-04,5.904089617158197762e-04,6.818588351290852737e-04,1.203753759015992316e-03,1.779675773854000071e-03,2.223249847321421852e-03,2.499169079564890136e-03,2.591134838591716612e-03,2.505162964575542717e-03,2.269656392791028540e-03,1.930785333142275451e-03,1.542936776921504521e-03,1.156125193405959685e-03,8.041216729015838267e-04,4.974381879820529958e-04,2.236896852712416672e-04,0.000000000000000000e+00,0.000000000000000000e+00,0.000000000000000000e+00,0.000000000000000000e+00,0.000000000000000000e+00,0.000000000000000000e+00,0.000000000000000000e+00,0.000000000000000000e+00,0.000000000000000000e+00,0.000000000000000000e+00,0.000000000000000000e+00,0.000000000000000000e+00,0.000000000000000000e+00,0.000000000000000000e+00,0.000000000000000000e+00,0.000000000000000000e+00,0.000000000000000000e+00,0.000000000000000000e+00,0.000000000000000000e+00,0.000000000000000000e+00,0.000000000000000000e+00,0.000000000000000000e+00,0.000000000000000000e+00,7.294178282044159903e-05,4.421711184711702033e-04,7.435779524045880691e-04,9.698511260480479571e-04,1.120193652418231649e-03,1.201274744687206002e-03,1.228221079191173194e-03,1.224376235738104711e-03,1.218655969873823960e-03,1.240488007159716490e-03,1.313801006531335660e-03,0.000000000000000000e+00,0.000000000000000000e+00,0.000000000000000000e+00,0.000000000000000000e+00,0.000000000000000000e+00,0.000000000000000000e+00,0.000000000000000000e+00,0.000000000000000000e+00,0.000000000000000000e+00,0.000000000000000000e+00,0.000000000000000000e+00,0.000000000000000000e+00,0.000000000000000000e+00,0.000000000000000000e+00,0.000000000000000000e+00,0.000000000000000000e+00,0.000000000000000000e+00,0.000000000000000000e+00,0.000000000000000000e+00,0.000000000000000000e+00,0.000000000000000000e+00,0.000000000000000000e+00,0.000000000000000000e+00,9.345849381392274844e-05,1.434504757460374879e-03,2.715130921547978179e-03,3.841621872008158748e-03,0.000000000000000000e+00,0.000000000000000000e+00,0.000000000000000000e+00,0.000000000000000000e+00,0.000000000000000000e+00,0.000000000000000000e+00,0.000000000000000000e+00,0.000000000000000000e+00,0.000000000000000000e+00,0.000000000000000000e+00,5.906545554017393835e-04,1.361437691897277816e-03,0.000000000000000000e+00,1.629225992067740662e-04,2.989669033902183823e-04,3.983603076106960851e-04,4.689579917886446355e-04,5.072669642320172881e-04,4.992202818282726138e-04,4.265753501227203680e-04,2.762327837765139672e-04,4.890444343501051066e-05,0.000000000000000000e+00,0.000000000000000000e+00,0.000000000000000000e+00,0.000000000000000000e+00,0.000000000000000000e+00,0.000000000000000000e+00,0.000000000000000000e+00,2.441307548244198557e-04,5.653698899637521350e-04,8.571847077717916798e-04,1.072478415738544908e-03,1.166273124135385354e-03,1.108149652548057803e-03,8.916628455006957036e-04,5.375401041406527866e-04,8.933202529246307482e-05,0.000000000000000000e+00,0.000000000000000000e+00,0.000000000000000000e+00,0.000000000000000000e+00,0.000000000000000000e+00,0.000000000000000000e+00,0.000000000000000000e+00,0.000000000000000000e+00,0.000000000000000000e+00,0.000000000000000000e+00,0.000000000000000000e+00,0.000000000000000000e+00,0.000000000000000000e+00,0.000000000000000000e+00,0.000000000000000000e+00,0.000000000000000000e+00,0.000000000000000000e+00,0.000000000000000000e+00,1.648997342852019318e-04,4.866833335724745626e-04,7.733165568266070879e-04,1.029412606589009656e-03,1.257985379279014972e-03,1.456702097661092795e-03,1.617256568687189646e-03,1.727919771159104308e-03,1.777921326717880630e-03,1.761682163176514927e-03,1.681218636000338064e-03,1.546053284985791833e-03,1.371110699803740601e-03,1.814837865830685711e-03,2.497975850178394634e-03,3.106762063508823092e-03,3.559232779198975589e-03,3.812058778512717079e-03,3.867530013630503943e-03,3.768339209922187162e-03,3.583034167988155636e-03,3.387491695272534711e-03,3.248096747974748774e-03,3.210561221722097944e-03,3.295553873464419394e-03,3.499889719982262129e-03,3.800941986634645900e-03,4.162319518354656335e-03,4.539952380188576678e-03,4.888585065247552132e-03,5.168647910924068119e-03,5.352698533118569607e-03,5.429762915627655596e-03,5.405743594135933340e-03,5.298944747311962189e-03,5.131486984165645020e-03,4.919196277891369450e-03,4.663650858017787115e-03,4.349775693012970096e-03,3.950599208099458623e-03,3.963297215884856173e-03,4.070000822106510305e-03,4.065779269852603205e-03,3.957778679622576436e-03,3.740501000741435801e-03,3.395306735931638391e-03,2.898823226859687744e-03,2.236592597024061185e-03,1.416188275097426475e-03,4.745082093427201923e-04,0.000000000000000000e+00,0.000000000000000000e+00,0.000000000000000000e+00,0.000000000000000000e+00,0.000000000000000000e+00,0.000000000000000000e+00,0.000000000000000000e+00,5.904485643862328803e-04,1.359474125446201226e-03,2.029326341650134532e-03,2.544658961735388365e-03,2.867765922722120917e-03,2.982005828392970785e-03,2.890828434032776100e-03,2.612991732853253181e-03,2.175503362571614297e-03,2.140383452510742027e-03,2.849735588572391287e-03,3.539917876632294163e-03,4.139596418133576101e-03,4.573073486288542835e-03,4.778516103176360698e-03,4.723332143880802463e-03,4.412708474344507678e-03,3.889224226557509018e-03,3.223691592522123697e-03,2.499550218912377931e-03,1.794928942374144970e-03,1.167320626562602052e-03,6.453054829207632631e-04,2.297066372206432890e-04,0.000000000000000000e+00,0.000000000000000000e+00,0.000000000000000000e+00,0.000000000000000000e+00,0.000000000000000000e+00,0.000000000000000000e+00,0.000000000000000000e+00,0.000000000000000000e+00,1.977642629706122040e-04,6.088001916651762961e-04,9.787122122104979435e-04,1.246036837472693035e-03,1.367681850013757663e-03,1.326292478143691056e-03,1.130824331346820750e-03,8.116541108501426280e-04,4.127675280917592060e-04,0.000000000000000000e+00,0.000000000000000000e+00,0.000000000000000000e+00,0.000000000000000000e+00,0.000000000000000000e+00,0.000000000000000000e+00,0.000000000000000000e+00,0.000000000000000000e+00,0.000000000000000000e+00,0.000000000000000000e+00,0.000000000000000000e+00,0.000000000000000000e+00,0.000000000000000000e+00,0.000000000000000000e+00,0.000000000000000000e+00,1.842446372885850017e-05,1.496807401430269623e-04,1.757609532935881498e-04,3.429665382337234824e-04,5.195463346522768804e-04,5.581844747332382695e-04,4.509247485266623732e-04,2.274788142568582618e-04,0.000000000000000000e+00,0.000000000000000000e+00,0.000000000000000000e+00,0.000000000000000000e+00,8.524861865639996104e-05,1.777341710666217813e-04,5.746598028250259017e-04,1.036211215746088085e-03,1.444858294184197655e-03,1.750032319632528885e-03,0.000000000000000000e+00,0.000000000000000000e+00,0.000000000000000000e+00,0.000000000000000000e+00,0.000000000000000000e+00,0.000000000000000000e+00,0.000000000000000000e+00,1.671791224303408692e-04,4.297889478798400608e-04,6.913937346148181940e-04,9.400595924666602923e-04,1.161091150792838882e-03,1.343306527367677146e-03,1.485315787372723084e-03,1.598910886490323034e-03,1.707756470994035601e-03,1.841390268209353856e-03,1.949681795428452906e-03,8.992731665352165192e-04,0.000000000000000000e+00,0.000000000000000000e+00,0.000000000000000000e+00,0.000000000000000000e+00,0.000000000000000000e+00,0.000000000000000000e+00,0.000000000000000000e+00,0.000000000000000000e+00,0.000000000000000000e+00,0.000000000000000000e+00,0.000000000000000000e+00,0.000000000000000000e+00,0.000000000000000000e+00,0.000000000000000000e+00,0.000000000000000000e+00,0.000000000000000000e+00,0.000000000000000000e+00,0.000000000000000000e+00,2.614769040896797094e-04,7.093278651455351205e-04,9.201584465068771753e-04,1.402675871235517219e-05,0.000000000000000000e+00,0.000000000000000000e+00,0.000000000000000000e+00,0.000000000000000000e+00,4.863667224824928841e-05,4.000574975483207354e-04,1.018026608580678257e-03,1.679673082708890968e-03,2.353489139177208228e-03,3.002556063346738420e-03,3.585289424100192215e-03,4.058979373124014210e-03,4.385197034842204175e-03,4.535486868753275079e-03,4.495931825981515709e-03,4.269730300424003609e-03,3.877464991557663405e-03,3.354972724171931524e-03,2.748765275216044201e-03,2.109162989707764023e-03,1.481918615351951072e-03,8.999510369433962216e-04,3.773984843498534450e-04,0.000000000000000000e+00,0.000000000000000000e+00,0.000000000000000000e+00,0.000000000000000000e+00,0.000000000000000000e+00,0.000000000000000000e+00,0.000000000000000000e+00,0.000000000000000000e+00,0.000000000000000000e+00,0.000000000000000000e+00,0.000000000000000000e+00,0.000000000000000000e+00,0.000000000000000000e+00,0.000000000000000000e+00,0.000000000000000000e+00,0.000000000000000000e+00,0.000000000000000000e+00,0.000000000000000000e+00,0.000000000000000000e+00,0.000000000000000000e+00,0.000000000000000000e+00,0.000000000000000000e+00,0.000000000000000000e+00,0.000000000000000000e+00,0.000000000000000000e+00,4.026896587036054068e-04,9.000497928950375922e-04
1.207646421507132421e-07,4.627807958674220253e-04,9.702379602340622817e-04,1.104097894728961341e-03,6.368165787057179046e-04,3.273435393154043062e-04,0.000000000000000000e+00,0.000000000000000000e+00,0.000000000000000000e+00,0.000000000000000000e+00,0.000000000000000000e+00,0.000000000000000000e+00,0.000000000000000000e+00,0.000000000000000000e+00,0.000000000000000000e+00,0.000000000000000000e+00,0.000000000000000000e+00,0.000000000000000000e+00,0.000000000000000000e+00,0.000000000000000000e+00,0.000000000000000000e+00,0.000000000000000000e+00,0.000000000000000000e+00,0.000000000000000000e+00,0.000000000000000000e+00,0.000000000000000000e+00,0.000000000000000000e+00,0.000000000000000000e+00,0.000000000000000000e+00,0.000000000000000000e+00,0.000000000000000000e+00,0.000000000000000000e+00,0.000000000000000000e+00,0.000000000000000000e+00,0.000000000000000000e+00,0.000000000000000000e+00,0.000000000000000000e+00,0.000000000000000000e+00,0.000000000000000000e+00,0.000000000000000000e+00,0.000000000000000000e+00,0.000000000000000000e+00,0.000000000000000000e+00,0.000000000000000000e+00,0.000000000000000000e+00,0.000000000000000000e+00,0.000000000000000000e+00,0.000000000000000000e+00,0.000000000000000000e+00,0.000000000000000000e+00,0.000000000000000000e+00,0.000000000000000000e+00,0.000000000000000000e+00,0.000000000000000000e+00,0.000000000000000000e+00,0.000000000000000000e+00,0.000000000000000000e+00,0.000000000000000000e+00,0.000000000000000000e+00,0.000000000000000000e+00,0.000000000000000000e+00,0.000000000000000000e+00,0.000000000000000000e+00,0.000000000000000000e+00,0.000000000000000000e+00,0.000000000000000000e+00,0.000000000000000000e+00,0.000000000000000000e+00,0.000000000000000000e+00,0.000000000000000000e+00,0.000000000000000000e+00,0.000000000000000000e+00,0.000000000000000000e+00,0.000000000000000000e+00,0.000000000000000000e+00,0.000000000000000000e+00,0.000000000000000000e+00,0.000000000000000000e+00,0.000000000000000000e+00,0.000000000000000000e+00,0.000000000000000000e+00,0.000000000000000000e+00,0.000000000000000000e+00,0.000000000000000000e+00,0.000000000000000000e+00,0.000000000000000000e+00,0.000000000000000000e+00,0.000000000000000000e+00,0.000000000000000000e+00,0.000000000000000000e+00,0.000000000000000000e+00,0.000000000000000000e+00,0.000000000000000000e+00,0.000000000000000000e+00,3.330040507059797781e-05,8.426790068716030454e-04,1.559774462210987249e-03,2.154608211445295865e-03,2.617880659458224086e-03,2.954489506946867978e-03,3.172197857185858182e-03,6.108484001077942385e-03,0.000000000000000000e+00,0.000000000000000000e+00,0.000000000000000000e+00,0.000000000000000000e+00,0.000000000000000000e+00,1.768705684071233877e-03,0.000000000000000000e+00,0.000000000000000000e+00,6.560212398797952938e-04,0.000000000000000000e+00,0.000000000000000000e+00,0.000000000000000000e+00,0.000000000000000000e+00,0.000000000000000000e+00,0.000000000000000000e+00,0.000000000000000000e+00,0.000000000000000000e+00,0.000000000000000000e+00,0.000000000000000000e+00,0.000000000000000000e+00,0.000000000000000000e+00,0.000000000000000000e+00,0.000000000000000000e+00,0.000000000000000000e+00,0.000000000000000000e+00,0.000000000000000000e+00,0.000000000000000000e+00,0.000000000000000000e+00,0.000000000000000000e+00,0.000000000000000000e+00,0.000000000000000000e+00,0.000000000000000000e+00,0.000000000000000000e+00,0.000000000000000000e+00,0.000000000000000000e+00,0.000000000000000000e+00,0.000000000000000000e+00,0.000000000000000000e+00,0.000000000000000000e+00,0.000000000000000000e+00,0.000000000000000000e+00,0.000000000000000000e+00,0.000000000000000000e+00,0.000000000000000000e+00,0.000000000000000000e+00,0.000000000000000000e+00,0.000000000000000000e+00,0.000000000000000000e+00,0.000000000000000000e+00,0.000000000000000000e+00,0.000000000000000000e+00,0.000000000000000000e+00,0.000000000000000000e+00,0.000000000000000000e+00,0.000000000000000000e+00,0.000000000000000000e+00,0.000000000000000000e+00,0.000000000000000000e+00,0.000000000000000000e+00,0.000000000000000000e+00,0.000000000000000000e+00,9.855218707126790940e-04,2.055814440320553448e-03,0.000000000000000000e+00,0.000000000000000000e+00,0.000000000000000000e+00,0.000000000000000000e+00,0.000000000000000000e+00,0.000000000000000000e+00,0.000000000000000000e+00,0.000000000000000000e+00,0.000000000000000000e+00,0.000000000000000000e+00,0.000000000000000000e+00,0.000000000000000000e+00,0.000000000000000000e+00,0.000000000000000000e+00,0.000000000000000000e+00,0.000000000000000000e+00,0.000000000000000000e+00,0.000000000000000000e+00,0.000000000000000000e+00,0.000000000000000000e+00,0.000000000000000000e+00,0.000000000000000000e+00,0.000000000000000000e+00,0.000000000000000000e+00,0.000000000000000000e+00,0.000000000000000000e+00,0.000000000000000000e+00,0.000000000000000000e+00,0.000000000000000000e+00,0.000000000000000000e+00,0.000000000000000000e+00,0.000000000000000000e+00,0.000000000000000000e+00,0.000000000000000000e+00,2.828104345718225219e-04,3.152970810668577137e-03,3.428699629248694279e-03,0.000000000000000000e+00,0.000000000000000000e+00,0.000000000000000000e+00,0.000000000000000000e+00,0.000000000000000000e+00,0.000000000000000000e+00,0.000000000000000000e+00,0.000000000000000000e+00,0.000000000000000000e+00,0.000000000000000000e+00,0.000000000000000000e+00,1.781876709855701943e-03,0.000000000000000000e+00,2.593030552243173682e-04,0.000000000000000000e+00,0.000000000000000000e+00,0.000000000000000000e+00,0.000000000000000000e+00,0.000000000000000000e+00,0.000000000000000000e+00,7.353598176918248316e-04,0.000000000000000000e+00,0.000000000000000000e+00,0.000000000000000000e+00,0.000000000000000000e+00,0.000000000000000000e+00,0.000000000000000000e+00,0.000000000000000000e+00,0.000000000000000000e+00,0.000000000000000000e+00,0.000000000000000000e+00,0.000000000000000000e+00,0.000000000000000000e+00,0.000000000000000000e+00,0.000000000000000000e+00,0.000000000000000000e+00,0.000000000000000000e+00,0.000000000000000000e+00,0.000000000000000000e+00,0.000000000000000000e+00,0.000000000000000000e+00,0.000000000000000000e+00,0.000000000000000000e+00,0.000000000000000000e+00,0.000000000000000000e+00,0.000000000000000000e+00,3.036131621777341818e-04,5.749413398885120123e-04,6.769584898531802279e-04,6.239729723857219456e-04,4.413121344879792577e-04,1.646904832313120584e-04,0.000000000000000000e+00,0.000000000000000000e+00,0.000000000000000000e+00,0.000000000000000000e+00,0.000000000000000000e+00,0.000000000000000000e+00,0.000000000000000000e+00,0.000000000000000000e+00,0.000000000000000000e+00,0.000000000000000000e+00,0.000000000000000000e+00,0.000000000000000000e+00,3.994752113916935713e-05,9.421726952708281790e-05,1.357430643535544317e-04,1.645072337734485046e-04,1.806125849596256037e-04,1.842764016735916137e-04,5.372681965175110652e-04,9.776484921975193022e-04,1.073756172033996570e-03,8.000584276071253569e-04,1.808486422171191660e-04,0.000000000000000000e+00,0.000000000000000000e+00,0.000000000000000000e+00,0.000000000000000000e+00,0.000000000000000000e+00,0.000000000000000000e+00,0.000000000000000000e+00,0.000000000000000000e+00,0.000000000000000000e+00,0.000000000000000000e+00,0.000000000000000000e+00,0.000000000000000000e+00,0.000000000000000000e+00,0.000000000000000000e+00,2.215531869219629726e-04,8.631965278945956518e-04,1.227552546743122374e-03,1.330467311605075835e-03,1.224346932379161363e-03,9.858527554837365030e-04,6.999754193131606152e-04,4.440920014628844362e-04,2.752331721329632640e-04,2.225057165400688003e-04,2.851498465375530049e-04,4.355388656938133634e-04,6.257917868165933234e-04,7.964055293606392286e-04,8.853867948823559509e-04,8.366604389813666947e-04,6.071406399928326461e-04,1.724367813099681259e-04,0.000000000000000000e+00,0.000000000000000000e+00,0.000000000000000000e+00,0.000000000000000000e+00,0.000000000000000000e+00,0.000000000000000000e+00,0.000000000000000000e+00,5.728410317858273742e-04,1.230109854035677745e-03,1.820142503716578068e-03,2.251087687554847398e-03,2.453972546135265494e-03,2.395181461432009922e-03,2.079458049776914536e-03,1.543583569166982489e-03,8.443503633097238902e-04,6.705408044024009856e-04,1.342807692579756681e-03,1.840768568983826856e-03,2.132279874192460987e-03,2.200576126522564221e-03,2.053219496074457345e-03,1.726674828259972200e-03,1.283944691597232362e-03,8.051968513597351990e-04,3.736278208680748674e-04,6.020473466019726181e-05,0.000000000000000000e+00,0.000000000000000000e+00,1.269103336771783524e-04,4.238457345785268636e-04,7.614403877870968684e-04,1.060491564823019730e-03,1.243293035947464972e-03,1.245792504003251583e-03,1.029714542957644056e-03,5.929069335802373457e-04,0.000000000000000000e+00,0.000000000000000000e+00,0.000000000000000000e+00,0.000000000000000000e+00,0.000000000000000000e+00,0.000000000000000000e+00,0.000000000000000000e+00,2.333403467364666994e-04,4.948062278232787754e-04,7.633112042957528650e-04,1.038053938882537840e-03,1.318092170776446245e-03,1.602326106008100572e-03,1.889486111362789550e-03,2.178126588492899224e-03,2.466627928503607216e-03,2.753202894585955827e-03,3.035914474875940888e-03,3.312697323893709026e-03,4.030003480268361422e-03,1.995164013972212935e-04,0.000000000000000000e+00,0.000000000000000000e+00,0.000000000000000000e+00,0.000000000000000000e+00,0.000000000000000000e+00,3.173287081252449868e-04,1.227945156950474570e-03,2.190783869954940517e-03,3.098498196342701523e-03,3.877202709881801511e-03,0.000000000000000000e+00,0.000000000000000000e+00,0.000000000000000000e+00,0.000000000000000000e+00,0.000000000000000000e+00,0.000000000000000000e+00,0.000000000000000000e+00,0.000000000000000000e+00,0.000000000000000000e+00,0.000000000000000000e+00,0.000000000000000000e+00,0.000000000000000000e+00,0.000000000000000000e+00,0.000000000000000000e+00,0.000000000000000000e+00,0.000000000000000000e+00,0.000000000000000000e+00,0.000000000000000000e+00,0.000000000000000000e+00,0.000000000000000000e+00,0.000000000000000000e+00,1.980373910918539445e-04,1.060141390570476256e-03
1.057430605277633085e-07,3.735984053467503565e-04,0.000000000000000000e+00,1.092461843937894396e-04,4.358561093129089130e-05,0.000000000000000000e+00,1.784535815759686380e-04,1.946265180078019961e-03,0.000000000000000000e+00,2.648291725336051955e-04,0.000000000000000000e+00,0.000000000000000000e+00,0.000000000000000000e+00,2.436728936543142393e-04,6.459026465976797603e-04,0.000000000000000000e+00,0.000000000000000000e+00,0.000000000000000000e+00,0.000000000000000000e+00,0.000000000000000000e+00,0.000000000000000000e+00,0.000000000000000000e+00,0.000000000000000000e+00,0.000000000000000000e+00,1.367250845771973700e-03,0.000000000000000000e+00,0.000000000000000000e+00,0.000000000000000000e+00,0.000000000000000000e+00,0.000000000000000000e+00,0.000000000000000000e+00,0.000000000000000000e+00,0.000000000000000000e+00,0.000000000000000000e+00,0.000000000000000000e+00,0.000000000000000000e+00,0.000000000000000000e+00,0.000000000000000000e+00,0.000000000000000000e+00,0.000000000000000000e+00,0.000000000000000000e+00,0.000000000000000000e+00,0.000000000000000000e+00,0.000000000000000000e+00,0.000000000000000000e+00,0.000000000000000000e+00,0.000000000000000000e+00,0.000000000000000000e+00,0.000000000000000000e+00,0.000000000000000000e+00,0.000000000000000000e+00,8.414510444382168912e-04,2.162588424707493576e-03,3.255006587255109950e-03,4.066950324099612331e-03,4.571078693090076771e-03,4.764607208229350126e-03,4.669252978292097976e-03,4.329410931144947287e-03,3.806908356517384531e-03,3.172281550122837360e-03,2.494529368146755806e-03,1.832333313718190540e-03,1.228911955424177556e-03,7.106532319746741710e-04,2.879169751678561733e-04,0.000000000000000000e+00,0.000000000000000000e+00,0.000000000000000000e+00,0.000000000000000000e+00,0.000000000000000000e+00,0.000000000000000000e+00,1.576930761808962092e-04,2.034079772756236006e-03,2.240824395569844117e-04,1.021067044284314131e-04,8.928058866881356630e-04,0.000000000000000000e+00,0.000000000000000000e+00,0.000000000000000000e+00,0.000000000000000000e+00,0.000000000000000000e+00,0.000000000000000000e+00,0.000000000000000000e+00,0.000000000000000000e+00,0.000000000000000000e+00,0.000000000000000000e+00,0.000000000000000000e+00,0.000000000000000000e+00,0.000000000000000000e+00,0.000000000000000000e+00,3.298913430566294529e-04,8.163247351952034351e-04,1.280445123430018657e-03,1.736362493980437693e-03,2.180500707745963544e-03,2.581459554821051005e-03,2.880166549082847308e-03,3.002454057012854827e-03,2.881452847201781877e-03,2.483111195290219411e-03,1.826401763605221655e-03,1.479394037957691005e-03,1.946042503151197830e-03,2.434786983872553288e-03,2.829450264203204300e-03,3.042827468344284914e-03,3.043381281260486640e-03,2.861888104100615646e-03,2.577504640982689662e-03,2.289552603105142036e-03,2.084962563857530211e-03,2.251416123462664579e-03,2.271632801600682525e-03,2.181943626611156616e-03,2.276599036232241843e-03,2.246416482408205607e-03,2.011778604240368768e-03,1.536327363399265849e-03,8.364130707745965135e-04,0.000000000000000000e+00,0.000000000000000000e+00,0.000000000000000000e+00,0.000000000000000000e+00,0.000000000000000000e+00,0.000000000000000000e+00,0.000000000000000000e+00,0.000000000000000000e+00,0.000000000000000000e+00,0.000000000000000000e+00,0.000000000000000000e+00,0.000000000000000000e+00,0.000000000000000000e+00,0.000000000000000000e+00,5.262358609325371809e-04,1.233314309847368577e-03,1.676640337928955076e-03,1.801245258081615253e-03,1.598250782845421361e-03,1.109303512158639352e-03,4.218444547966250513e-04,0.000000000000000000e+00,0.000000000000000000e+00,0.000000000000000000e+00,0.000000000000000000e+00,0.000000000000000000e+00,0.000000000000000000e+00,0.000000000000000000e+00,1.294967875603414268e-04,3.694760463724587000e-04,9.997629587858937374e-04,1.462596928136315018e-03,1.707812180358881000e-03,1.727982923027773657e-03,1.913977445663969136e-03,2.680417716098443173e-03,3.207464553591259787e-03,3.482086738098545513e-03,3.509752777364288489e-03,3.317255883268020646e-03,2.948609745879824523e-03,2.453691961962171410e-03,1.873363262579431573e-03,1.227223467196148681e-03,7.436830204069420610e-04,5.866656265421419476e-04,4.189723862158545309e-04,2.447608054409487538e-04,6.845042641519039951e-05,0.000000000000000000e+00,0.000000000000000000e+00,0.000000000000000000e+00,0.000000000000000000e+00,0.000000000000000000e+00,0.000000000000000000e+00,0.000000000000000000e+00,0.000000000000000000e+00,0.000000000000000000e+00,0.000000000000000000e+00,0.000000000000000000e+00,0.000000000000000000e+00,0.000000000000000000e+00,0.000000000000000000e+00,0.000000000000000000e+00,0.000000000000000000e+00,8.316315295194808010e-05,1.563964678707340482e-03,3.218408027065932254e-03,4.820972436803552287e-03,6.281910335301598911e-03,7.500428424058507015e-03,8.381857316843195280e-03,0.000000000000000000e+00,0.000000000000000000e+00,0.000000000000000000e+00,0.000000000000000000e+00,0.000000000000000000e+00,0.000000000000000000e+00,0.000000000000000000e+00,0.000000000000000000e+00,0.000000000000000000e+00,0.000000000000000000e+00,0.000000000000000000e+00,0.000000000000000000e+00,0.000000000000000000e+00,0.000000000000000000e+00,0.000000000000000000e+00,0.000000000000000000e+00,0.000000000000000000e+00,0.000000000000000000e+00,0.000000000000000000e+00,0.000000000000000000e+00,0.000000000000000000e+00,0.000000000000000000e+00,8.508996870449575057e-04,1.757970377580759169e-03,0.000000000000000000e+00,0.000000000000000000e+00,0.000000000000000000e+00,0.000000000000000000e+00,3.839458771384786687e-04,0.000000000000000000e+00,0.000000000000000000e+00,0.000000000000000000e+00,1.710167926983173449e-03,0.000000000000000000e+00,0.000000000000000000e+00,0.000000000000000000e+00,0.000000000000000000e+00,0.000000000000000000e+00,0.000000000000000000e+00,0.000000000000000000e+00,0.000000000000000000e+00,0.000000000000000000e+00,0.000000000000000000e+00,3.447481967667203489e-04,4.662480227733392570e-04,2.534051672922760755e-03,4.484909293335566263e-05,0.000000000000000000e+00,0.000000000000000000e+00,2.367522417265543945e-04,5.254096248849875151e-04,5.118647960995050070e-04,1.303848889439014982e-04,0.000000000000000000e+00,0.000000000000000000e+00,0.000000000000000000e+00,1.347557468984787614e-07,5.808899940645344511e-05,9.304538388601020721e-05,1.037976656829626737e-04,8.972487527870072488e-05,5.081009854834028127e-05,0.000000000000000000e+00,0.000000000000000000e+00,0.000000000000000000e+00,0.000000000000000000e+00,0.000000000000000000e+00,0.000000000000000000e+00,0.000000000000000000e+00,0.000000000000000000e+00,1.025875583117177793e-04,3.968094140787232701e-04,6.041087678601032027e-04,7.711583190470320441e-04,9.468323176550976373e-04,1.168803899638026561e-03,1.452027012983631146e-03,1.781939777578126849e-03,2.114498596948710327e-03,2.383526893144924299e-03,2.513826747149514387e-03,2.436864304008812439e-03,2.105305362440209813e-03,1.503315876715469179e-03,6.509225563089407127e-04,0.000000000000000000e+00,0.000000000000000000e+00,0.000000000000000000e+00,0.000000000000000000e+00,0.000000000000000000e+00,0.000000000000000000e+00,0.000000000000000000e+00,0.000000000000000000e+00,1.937840013400419419e-04,4.973214848554510402e-04,7.977307880726494226e-04,6.468627572440529237e-03,2.453966277412282081e-03,0.000000000000000000e+00,0.000000000000000000e+00,0.000000000000000000e+00,0.000000000000000000e+00,0.000000000000000000e+00,0.000000000000000000e+00,0.000000000000000000e+00,9.175563697005846347e-04,1.634841583437266106e-03,2.094093149662385345e-03,2.283193141974240725e-03,2.205752304336768086e-03,1.871340356806771178e-03,1.291917808325542417e-03,4.868140665564265127e-04,0.000000000000000000e+00,0.000000000000000000e+00,4.539314823666774565e-03,3.956736866085808733e-03,5.687291800907205708e-04,9.806120298010011400e-04,2.224887938893531543e-03,2.128248801057860788e-03,3.207701240758586547e-03,4.001212543615613980e-03,4.457518466216833092e-03,4.549624549917440954e-03,4.280483470399717300e-03,3.688649316024797484e-03,2.849566073408880094e-03,1.869236538804349475e-03,8.697886175546307250e-04,0.000000000000000000e+00,0.000000000000000000e+00,0.000000000000000000e+00,0.000000000000000000e+00,0.000000000000000000e+00,0.000000000000000000e+00,0.000000000000000000e+00,0.000000000000000000e+00,0.000000000000000000e+00,0.000000000000000000e+00,0.000000000000000000e+00,0.000000000000000000e+00,0.000000000000000000e+00,0.000000000000000000e+00,0.000000000000000000e+00,0.000000000000000000e+00,0.000000000000000000e+00,0.000000000000000000e+00,0.000000000000000000e+00,2.246067572560468738e-05,4.641926304155339473e-04,1.073191981399384751e-03,1.837196367439389169e-03,2.703149492187833201e-03,3.584163791377621439e-03,4.374079663477531930e-03,4.966432440218117826e-03,5.273854537855235738e-03,5.513418590177084251e-03,5.753098589927556350e-03,5.788342468830850150e-03,5.622715812569857238e-03,5.257158374679259463e-03,4.690890976314357128e-03,3.928293082581260642e-03,2.989664041157305812e-03,1.921771299181406281e-03,8.031852953306103243e-04,0.000000000000000000e+00,0.000000000000000000e+00,0.000000000000000000e+00,0.000000000000000000e+00,0.000000000000000000e+00,0.000000000000000000e+00,0.000000000000000000e+00,1.084314443260723550e-03,2.471814415789325408e-03,3.877115596196340983e-03,5.174623083527895261e-03,6.253529802240745047e-03,7.027885170191302232e-03,7.444226565427010736e-03,7.485579511654280593e-03,7.170600563359275960e-03,6.547357603016147609e-03,5.682697987959244371e-03,4.649779028384115089e-03,3.517202065827651578e-03,2.342698958853704164e-03,1.172445608388605160e-03,4.462749105995772990e-05,0.000000000000000000e+00,8.197588850441511060e-04,1.862124906910951009e-03,2.644906605011992581e-03,3.095899808059297039e-03,3.202789588549325751e-03,3.009000735686522942e-03,2.597525134290382468e-03,2.067046733159735947e-03,1.507065174973002807e-03,9.793070863562439946e-04,5.106906263985886568e-04,9.891623982366011666e-05,0.000000000000000000e+00,0.000000000000000000e+00,0.000000000000000000e+00,3.781533242940095566e-04
0.000000000000000000e+00,3.741700178490763875e-04,1.078612854243252584e-03,0.000000000000000000e+00,0.000000000000000000e+00,0.000000000000000000e+00,0.000000000000000000e+00,0.000000000000000000e+00,0.000000000000000000e+00,0.000000000000000000e+00,8.017452908405754480e-04,0.000000000000000000e+00,0.000000000000000000e+00,0.000000000000000000e+00,0.000000000000000000e+00,0.000000000000000000e+00,1.556049375969358642e-05,3.828357519002298934e-04,7.009395194840608353e-04,9.874728160710181425e-04,1.255197293650715286e-03,1.509236727621639110e-03,1.747094862486379225e-03,1.960059848723359928e-03,2.134688973176024178e-03,2.253893441798885105e-03,2.298060912305546419e-03,2.246957712654461866e-03,2.082759254009610653e-03,1.793678370115530177e-03,1.713989981684246010e-03,0.000000000000000000e+00,6.599085859881896512e-05,0.000000000000000000e+00,0.000000000000000000e+00,0.000000000000000000e+00,0.000000000000000000e+00,0.000000000000000000e+00,0.000000000000000000e+00,0.000000000000000000e+00,0.000000000000000000e+00,0.000000000000000000e+00,1.553177137845338862e-03,4.465727653266024673e-03,0.000000000000000000e+00,0.000000000000000000e+00,4.523920850691151379e-04,0.000000000000000000e+00,3.917090873530317766e-04,1.838764040775256329e-03,2.066002358803831641e-03,2.213964120725057678e-03,2.027881616807353064e-03,1.600693243357631393e-03,9.587836172972748726e-04,1.507521711082903879e-04,0.000000000000000000e+00,0.000000000000000000e+00,0.000000000000000000e+00,0.000000000000000000e+00,0.000000000000000000e+00,0.000000000000000000e+00,0.000000000000000000e+00,0.000000000000000000e+00,0.000000000000000000e+00,0.000000000000000000e+00,4.355575848010443318e-04,1.701636974356802567e-03,0.000000000000000000e+00,0.000000000000000000e+00,0.000000000000000000e+00,0.000000000000000000e+00,0.000000000000000000e+00,0.000000000000000000e+00,0.000000000000000000e+00,0.000000000000000000e+00,0.000000000000000000e+00,3.068302218231359381e-04,4.638865859264016322e-04,6.135414260812735616e-04,7.547782545364056274e-04,2.151336371553921531e-03,3.601779355331142813e-03,4.772604459124626941e-03,5.564770735969014163e-03,5.947300689767734232e-03,0.000000000000000000e+00,0.000000000000000000e+00,0.000000000000000000e+00,0.000000000000000000e+00,0.000000000000000000e+00,0.000000000000000000e+00,0.000000000000000000e+00,0.000000000000000000e+00,0.000000000000000000e+00,0.000000000000000000e+00,0.000000000000000000e+00,0.000000000000000000e+00,0.000000000000000000e+00,0.000000000000000000e+00,0.000000000000000000e+00,0.000000000000000000e+00,0.000000000000000000e+00,0.000000000000000000e+00,0.000000000000000000e+00,0.000000000000000000e+00,0.000000000000000000e+00,0.000000000000000000e+00,0.000000000000000000e+00,0.000000000000000000e+00,0.000000000000000000e+00,0.000000000000000000e+00,0.000000000000000000e+00,0.000000000000000000e+00,0.000000000000000000e+00,0.000000000000000000e+00,0.000000000000000000e+00,0.000000000000000000e+00,0.000000000000000000e+00,0.000000000000000000e+00,0.000000000000000000e+00,0.000000000000000000e+00,0.000000000000000000e+00,0.000000000000000000e+00,0.000000000000000000e+00,4.590364993361336320e-03,8.664366679798357748e-04,1.470731861509985174e-03,0.000000000000000000e+00,0.000000000000000000e+00,0.000000000000000000e+00,0.000000000000000000e+00,0.000000000000000000e+00,0.000000000000000000e+00,2.439983867153726327e-04,2.170230624613394416e-03,0.000000000000000000e+00,0.000000000000000000e+00,0.000000000000000000e+00,0.000000000000000000e+00,0.000000000000000000e+00,0.000000000000000000e+00,0.000000000000000000e+00,0.000000000000000000e+00,0.000000000000000000e+00,0.000000000000000000e+00,0.000000000000000000e+00,0.000000000000000000e+00,0.000000000000000000e+00,0.000000000000000000e+00,0.000000000000000000e+00,0.000000000000000000e+00,0.000000000000000000e+00,0.000000000000000000e+00,0.000000000000000000e+00,4.564497322662796155e-05,4.617965115151488630e-04,9.628421689768933448e-04,1.492902144134532162e-03,1.963630279778184190e-03,2.269124685568205905e-03,2.306372808240186260e-03,1.995877281998190058e-03,1.297074106507193313e-03,3.710642362693812807e-04,4.928169547029344170e-04,6.026319312982514722e-04,7.000533079047715178e-04,7.849766247252783994e-04,8.576418637215432045e-04,9.186120866897428067e-04,9.687481833107277783e-04,1.009170780146475188e-03,1.041218737493016530e-03,1.066400575432015305e-03,1.086340239666915312e-03,1.102722033964818795e-03,1.117235950264125043e-03,1.131516071531417887e-03,1.147094575241106897e-03,1.165345984187282158e-03,1.187447448005016226e-03,1.214342009421179530e-03,1.246709242462497921e-03,1.284949499237795492e-03,1.329173299469613503e-03,1.379203789689505697e-03,1.434586690270748827e-03,1.494611003493167417e-03,1.558336414714609668e-03,1.624626456786701454e-03,1.692188413353524004e-03,1.759615638427380370e-03,2.822963384539301391e-03,1.474094445336730666e-04,0.000000000000000000e+00,0.000000000000000000e+00,0.000000000000000000e+00,0.000000000000000000e+00,0.000000000000000000e+00,0.000000000000000000e+00,0.000000000000000000e+00,0.000000000000000000e+00,0.000000000000000000e+00,0.000000000000000000e+00,0.000000000000000000e+00,0.000000000000000000e+00,0.000000000000000000e+00,0.000000000000000000e+00,0.000000000000000000e+00,0.000000000000000000e+00,0.000000000000000000e+00,0.000000000000000000e+00,0.000000000000000000e+00,0.000000000000000000e+00,0.000000000000000000e+00,2.840279788102969844e-04,1.619841717632631824e-03,2.914771903142060298e-03,4.048796907551717277e-03,4.900651721790282717e-03,5.368503707569791984e-03,5.392067452112109423e-03,4.970771483902435180e-03,4.172081113133717899e-03,3.125788502938414443e-03,2.003630556800794875e-03,9.878841491037550215e-04,2.360683751682140987e-04,0.000000000000000000e+00,0.000000000000000000e+00,6.316407553957219300e-04,6.239158840493343400e-04,7.311670367421442811e-04,7.644000584003955625e-04,7.482487753858485958e-04,2.075783904456015606e-03,0.000000000000000000e+00,0.000000000000000000e+00,0.000000000000000000e+00,0.000000000000000000e+00,2.382857583712749304e-04,7.692245228315486641e-04,1.472332249437392207e-03,2.326991425463067163e-03,3.281126423811877180e-03,4.262477353221884660e-03,5.197671978554557759e-03,6.031985981984788747e-03,6.742081456468301988e-03,0.000000000000000000e+00,0.000000000000000000e+00,0.000000000000000000e+00,0.000000000000000000e+00,0.000000000000000000e+00,0.000000000000000000e+00,0.000000000000000000e+00,0.000000000000000000e+00,0.000000000000000000e+00,0.000000000000000000e+00,0.000000000000000000e+00,0.000000000000000000e+00,0.000000000000000000e+00,0.000000000000000000e+00,0.000000000000000000e+00,0.000000000000000000e+00,0.000000000000000000e+00,0.000000000000000000e+00,0.000000000000000000e+00,4.237867358291769388e-04,1.123718557268426396e-03,1.675723195808327074e-03,2.195009399634108727e-03,2.771435637644169715e-03,0.000000000000000000e+00,0.000000000000000000e+00,0.000000000000000000e+00,0.000000000000000000e+00,2.395305338730279311e-04,7.342518338026637415e-04,1.250953475245817270e-03,1.761015182124414614e-03,1.062531147384297063e-03,1.070178856089582008e-03,1.067480736554478424e-03,1.056338501623116724e-03,1.038911605421423065e-03,1.017556018045872061e-03,9.947486621733154719e-04,1.782210118029616897e-03,2.502888525700524332e-03,3.062665810982592718e-03,3.467307449060756663e-03,3.721783749874839082e-03,3.830858325129130135e-03,3.802160006824367201e-03,3.649842777656791756e-03,0.000000000000000000e+00,0.000000000000000000e+00,0.000000000000000000e+00,0.000000000000000000e+00,0.000000000000000000e+00,1.896691539296895001e-04,2.392831320553462783e-04,0.000000000000000000e+00,0.000000000000000000e+00,0.000000000000000000e+00,0.000000000000000000e+00,0.000000000000000000e+00,0.000000000000000000e+00,0.000000000000000000e+00,0.000000000000000000e+00,0.000000000000000000e+00,0.000000000000000000e+00,0.000000000000000000e+00,0.000000000000000000e+00,0.000000000000000000e+00,0.000000000000000000e+00,3.323263058577585294e-05,3.127397771532736213e-04,4.849456065380610141e-04,5.822974920184704117e-04,6.490635666147307912e-04,7.332746628110850019e-04,8.771893802349179942e-04,1.254372073884027277e-03,1.917746054091487269e-03,0.000000000000000000e+00,0.000000000000000000e+00,4.852934760550066981e-04,1.392850908637512618e-03,0.000000000000000000e+00,0.000000000000000000e+00,2.999380590668968208e-05,3.085323721892731957e-04,5.921133052374246515e-04,8.803392585791685503e-04,0.000000000000000000e+00,0.000000000000000000e+00,0.000000000000000000e+00,0.000000000000000000e+00,0.000000000000000000e+00,0.000000000000000000e+00,0.000000000000000000e+00,0.000000000000000000e+00,0.000000000000000000e+00,1.206833324560312474e-04,7.665144746088887974e-04,1.147188826300911098e-03,1.255860724209999398e-03,1.108424856505290951e-03,7.414588580232894235e-04,2.066173668626141845e-04,0.000000000000000000e+00,0.000000000000000000e+00,0.000000000000000000e+00,0.000000000000000000e+00,0.000000000000000000e+00,0.000000000000000000e+00,0.000000000000000000e+00,0.000000000000000000e+00,0.000000000000000000e+00,0.000000000000000000e+00,0.000000000000000000e+00,0.000000000000000000e+00,0.000000000000000000e+00,0.000000000000000000e+00,0.000000000000000000e+00,0.000000000000000000e+00,3.485397796720242402e-04,7.511227245961113116e-04,1.014169566412687464e-03,1.083736636890354548e-03,9.251544938672130475e-04,5.396068191724791817e-04,0.000000000000000000e+00,0.000000000000000000e+00,0.000000000000000000e+00,0.000000000000000000e+00,0.000000000000000000e+00,0.000000000000000000e+00,0.000000000000000000e+00,0.000000000000000000e+00,0.000000000000000000e+00,0.000000000000000000e+00,1.864978832214311453e-04,3.249626661322313351e-04,3.045494819120784808e-04,1.732864722146033106e-04,0.000000000000000000e+00,0.000000000000000000e+00,0.000000000000000000e+00,0.000000000000000000e+00,4.880670096754784778e-04,1.352072215528469590e-03,2.000399737359111196e-03,2.423478314818737663e-03,2.628782006246190277e-03,2.644165573188856592e-03,2.518350454097188600e-03
9.347448419352925982e-09,0.000000000000000000e+00,0.000000000000000000e+00,0.000000000000000000e+00,0.000000000000000000e+00,0.000000000000000000e+00,0.000000000000000000e+00,0.000000000000000000e+00,0.000000000000000000e+00,1.413070722524268003e-04,3.483433880855748340e-04,4.556842488866112272e-04,4.539457765947242695e-04,3.556290246523722046e-04,1.908812037660988063e-04,0.000000000000000000e+00,0.000000000000000000e+00,0.000000000000000000e+00,0.000000000000000000e+00,0.000000000000000000e+00,0.000000000000000000e+00,0.000000000000000000e+00,0.000000000000000000e+00,0.000000000000000000e+00,0.000000000000000000e+00,0.000000000000000000e+00,0.000000000000000000e+00,2.460852263328339304e-04,5.414301005604796194e-04,8.542650433768924582e-04,1.149698390501642520e-03,1.383975185781560454e-03,1.506327379452518898e-03,1.463807923932913379e-03,1.210352365641143273e-03,7.188521134405064135e-04,0.000000000000000000e+00,0.000000000000000000e+00,0.000000000000000000e+00,0.000000000000000000e+00,0.000000000000000000e+00,0.000000000000000000e+00,0.000000000000000000e+00,0.000000000000000000e+00,0.000000000000000000e+00,0.000000000000000000e+00,0.000000000000000000e+00,0.000000000000000000e+00,0.000000000000000000e+00,0.000000000000000000e+00,0.000000000000000000e+00,0.000000000000000000e+00,0.000000000000000000e+00,0.000000000000000000e+00,0.000000000000000000e+00,0.000000000000000000e+00,0.000000000000000000e+00,0.000000000000000000e+00,0.000000000000000000e+00,0.000000000000000000e+00,0.000000000000000000e+00,0.000000000000000000e+00,0.000000000000000000e+00,3.516349665582924435e-05,1.030850406553325983e-03,2.927704355290553211e-03,1.549473012225878509e-03,0.000000000000000000e+00,0.000000000000000000e+00,1.272478904523789429e-04,1.145467487917406621e-03,2.140027338570726651e-03,3.036116588034883969e-03,3.769037245534453701e-03,4.294612756603579003e-03,4.595156904892956987e-03,4.679016879692888230e-03,4.573878158836901069e-03,4.316420237610279174e-03,3.942349151942715728e-03,3.480530992813678833e-03,2.952897047558625341e-03,2.378935690507677503e-03,1.781329800959249128e-03,1.188765766443787390e-03,1.502002638059794564e-03,2.146237070764874053e-03,2.616396959458218169e-03,2.903230671117414379e-03,3.020915505268795005e-03,2.998908521052943629e-03,2.872024808279830151e-03,2.672480769772650217e-03,2.426096968324367720e-03,2.152595591558083971e-03,1.868112684003101886e-03,1.587484013071807426e-03,1.324643258015268136e-03,1.090950617251567603e-03,8.925290484367429849e-04,7.281034934935410805e-04,5.883968958671800635e-04,4.573577876748075185e-04,3.149580251568867757e-04,1.411669567044115438e-04,4.330075351296849319e-04,9.001991067594510704e-04,1.241182793736765296e-03,1.479668341454141610e-03,1.659782060651032428e-03,1.835298749935685564e-03,2.056075588554900219e-03,2.354736601942306398e-03,2.737023825875535381e-03,3.178602125461347464e-03,3.629546398300022292e-03,4.025684055318747706e-03,4.304016517810971103e-03,4.418187490613455747e-03,4.349805674363858149e-03,4.112457848040435536e-03,0.000000000000000000e+00,0.000000000000000000e+00,0.000000000000000000e+00,7.978683971031605470e-04,1.705962817694391251e-03,2.453996666057167274e-03,3.001931345664087415e-03,3.319925697415436212e-03,3.388523076853897434e-03,3.202722274209821810e-03,2.778358620832286924e-03,2.157049191101442689e-03,1.405843461503922254e-03,6.096238426805215002e-04,0.000000000000000000e+00,0.000000000000000000e+00,0.000000000000000000e+00,0.000000000000000000e+00,0.000000000000000000e+00,0.000000000000000000e+00,0.000000000000000000e+00,0.000000000000000000e+00,0.000000000000000000e+00,0.000000000000000000e+00,0.000000000000000000e+00,0.000000000000000000e+00,0.000000000000000000e+00,0.000000000000000000e+00,0.000000000000000000e+00,0.000000000000000000e+00,0.000000000000000000e+00,0.000000000000000000e+00,0.000000000000000000e+00,0.000000000000000000e+00,0.000000000000000000e+00,0.000000000000000000e+00,0.000000000000000000e+00,7.034831528833737396e-05,1.126765045043358424e-03,1.289442935509771014e-03,0.000000000000000000e+00,0.000000000000000000e+00,0.000000000000000000e+00,0.000000000000000000e+00,0.000000000000000000e+00,0.000000000000000000e+00,0.000000000000000000e+00,3.967266173874499976e-05,7.594398328547250637e-04,1.387950336618436458e-03,1.908120893420699529e-03,2.315504625591092731e-03,2.608824728641935455e-03,2.781725402455697323e-03,2.818659551111156545e-03,2.696561094672377239e-03,2.392061755333854938e-03,1.891996006710282025e-03,1.203519161334403419e-03,3.599172403607835938e-04,0.000000000000000000e+00,0.000000000000000000e+00,0.000000000000000000e+00,0.000000000000000000e+00,0.000000000000000000e+00,0.000000000000000000e+00,0.000000000000000000e+00,0.000000000000000000e+00,0.000000000000000000e+00,0.000000000000000000e+00,0.000000000000000000e+00,0.000000000000000000e+00,0.000000000000000000e+00,0.000000000000000000e+00,7.112939712915101879e-05,2.258647999747139044e-04,3.837423464439769266e-04,5.427623464391218748e-04,7.007293890401011111e-04,8.552891367947402113e-04,1.003977135514299950e-03,6.475856565187789035e-04,8.000019099259455179e-04,1.123506796279624350e-04,1.388019376855753736e-04,1.810137804218532229e-04,2.015543817623101884e-04,1.583747479252332468e-04,1.751194513181580996e-05,0.000000000000000000e+00,0.000000000000000000e+00,0.000000000000000000e+00,0.000000000000000000e+00,0.000000000000000000e+00,1.628877367407915435e-04,8.962358415654059045e-04,1.717156952184457647e-03,2.561372552778220027e-03,2.989189734600779681e-03,0.000000000000000000e+00,0.000000000000000000e+00,0.000000000000000000e+00,0.000000000000000000e+00,0.000000000000000000e+00,0.000000000000000000e+00,0.000000000000000000e+00,0.000000000000000000e+00,0.000000000000000000e+00,0.000000000000000000e+00,0.000000000000000000e+00,0.000000000000000000e+00,0.000000000000000000e+00,0.000000000000000000e+00,0.000000000000000000e+00,0.000000000000000000e+00,0.000000000000000000e+00,0.000000000000000000e+00,0.000000000000000000e+00,0.000000000000000000e+00,0.000000000000000000e+00,0.000000000000000000e+00,0.000000000000000000e+00,0.000000000000000000e+00,0.000000000000000000e+00,0.000000000000000000e+00,0.000000000000000000e+00,0.000000000000000000e+00,0.000000000000000000e+00,0.000000000000000000e+00,0.000000000000000000e+00,0.000000000000000000e+00,0.000000000000000000e+00,0.000000000000000000e+00,2.277033643023119915e-03,0.000000000000000000e+00,0.000000000000000000e+00,0.000000000000000000e+00,0.000000000000000000e+00,1.431002842458130395e-03,0.000000000000000000e+00,0.000000000000000000e+00,2.153126610718532655e-04,1.279588584421445605e-03,2.219510350979416163e-03,2.947740383147570437e-03,0.000000000000000000e+00,0.000000000000000000e+00,0.000000000000000000e+00,0.000000000000000000e+00,0.000000000000000000e+00,0.000000000000000000e+00,0.000000000000000000e+00,0.000000000000000000e+00,0.000000000000000000e+00,0.000000000000000000e+00,0.000000000000000000e+00,0.000000000000000000e+00,0.000000000000000000e+00,0.000000000000000000e+00,0.000000000000000000e+00,0.000000000000000000e+00,0.000000000000000000e+00,4.222577622672214363e-05,3.068704632040855965e-04,0.000000000000000000e+00,0.000000000000000000e+00,0.000000000000000000e+00,0.000000000000000000e+00,0.000000000000000000e+00,0.000000000000000000e+00,0.000000000000000000e+00,0.000000000000000000e+00,0.000000000000000000e+00,0.000000000000000000e+00,0.000000000000000000e+00,0.000000000000000000e+00,0.000000000000000000e+00,0.000000000000000000e+00,0.000000000000000000e+00,0.000000000000000000e+00,0.000000000000000000e+00,0.000000000000000000e+00,0.000000000000000000e+00,0.000000000000000000e+00,0.000000000000000000e+00,0.000000000000000000e+00,0.000000000000000000e+00,0.000000000000000000e+00,0.000000000000000000e+00,0.000000000000000000e+00,0.000000000000000000e+00,0.000000000000000000e+00,0.000000000000000000e+00,0.000000000000000000e+00,0.000000000000000000e+00,0.000000000000000000e+00,0.000000000000000000e+00,0.000000000000000000e+00,0.000000000000000000e+00,0.000000000000000000e+00,1.985761661451291259e-03,8.275029207272313614e-04,1.954329206965773821e-03,0.000000000000000000e+00,2.453571160782512682e-05,1.676402726384353613e-04,3.676256966833511505e-04,2.785274164590728976e-03,0.000000000000000000e+00,0.000000000000000000e+00,0.000000000000000000e+00,0.000000000000000000e+00,0.000000000000000000e+00,0.000000000000000000e+00,0.000000000000000000e+00,4.597466147846048694e-04,1.049862885865284054e-03,1.611283490109501624e-03,2.089816018370602331e-03,2.443829833919738178e-03,2.645203726694305910e-03,2.677135074765595382e-03,2.531526160120904471e-03,2.208326607584018726e-03,1.717567935295360396e-03,1.082791460159651317e-03,3.432878850991133131e-04,0.000000000000000000e+00,0.000000000000000000e+00,0.000000000000000000e+00,0.000000000000000000e+00,0.000000000000000000e+00,0.000000000000000000e+00,0.000000000000000000e+00,0.000000000000000000e+00,0.000000000000000000e+00,0.000000000000000000e+00,0.000000000000000000e+00,0.000000000000000000e+00,0.000000000000000000e+00,0.000000000000000000e+00,0.000000000000000000e+00,0.000000000000000000e+00,0.000000000000000000e+00,0.000000000000000000e+00,0.000000000000000000e+00,0.000000000000000000e+00,0.000000000000000000e+00,0.000000000000000000e+00,0.000000000000000000e+00,0.000000000000000000e+00,0.000000000000000000e+00,0.000000000000000000e+00,0.000000000000000000e+00,0.000000000000000000e+00,0.000000000000000000e+00,0.000000000000000000e+00,0.000000000000000000e+00,0.000000000000000000e+00,0.000000000000000000e+00,0.000000000000000000e+00,0.000000000000000000e+00,0.000000000000000000e+00,0.000000000000000000e+00,0.000000000000000000e+00,0.000000000000000000e+00,0.000000000000000000e+00,0.000000000000000000e+00,0.000000000000000000e+00,0.000000000000000000e+00,0.000000000000000000e+00,0.000000000000000000e+00,0.000000000000000000e+00,0.000000000000000000e+00,0.000000000000000000e+00,0.000000000000000000e+00,0.000000000000000000e+00,0.000000000000000000e+00,0.000000000000000000e+00
0.000000000000000000e+00,0.000000000000000000e+00,0.000000000000000000e+00,0.000000000000000000e+00,0.000000000000000000e+00,0.000000000000000000e+00,0.000000000000000000e+00,0.000000000000000000e+00,0.000000000000000000e+00,2.214176741615654512e-04,7.378398342251297386e-04,1.046906065979434164e-03,1.161183387926454508e-03,1.147366704955760141e-03,1.096659897021049716e-03,1.089988374773090017e-03,1.168837713550360986e-03,1.319787069223188596e-03,1.476515235659246967e-03,1.538347607524656688e-03,1.400255178946398270e-03,9.863043542292458925e-04,2.773776938656072073e-04,0.000000000000000000e+00,0.000000000000000000e+00,0.000000000000000000e+00,0.000000000000000000e+00,0.000000000000000000e+00,0.000000000000000000e+00,0.000000000000000000e+00,0.000000000000000000e+00,0.000000000000000000e+00,0.000000000000000000e+00,2.202143364727325320e-04,1.281044870773766090e-03,2.691326213714311942e-04,4.081903481996267992e-04,0.000000000000000000e+00,0.000000000000000000e+00,0.000000000000000000e+00,0.000000000000000000e+00,0.000000000000000000e+00,0.000000000000000000e+00,0.000000000000000000e+00,0.000000000000000000e+00,1.796185003538856438e-04,6.126097147930855769e-04,6.729658525958954465e-04,3.952883320613352299e-04,0.000000000000000000e+00,0.000000000000000000e+00,0.000000000000000000e+00,0.000000000000000000e+00,0.000000000000000000e+00,0.000000000000000000e+00,0.000000000000000000e+00,0.000000000000000000e+00,0.000000000000000000e+00,0.000000000000000000e+00,0.000000000000000000e+00,0.000000000000000000e+00,5.387168268535503200e-04,1.010352192924696569e-03,1.367459279433057328e-03,1.601009127823882364e-03,1.715363362092406753e-03,1.717715077222310878e-03,1.606724846706146081e-03,1.366849977276156326e-03,9.730578992405030693e-04,4.057500445544508097e-04,0.000000000000000000e+00,0.000000000000000000e+00,0.000000000000000000e+00,0.000000000000000000e+00,0.000000000000000000e+00,0.000000000000000000e+00,0.000000000000000000e+00,0.000000000000000000e+00,0.000000000000000000e+00,0.000000000000000000e+00,0.000000000000000000e+00,6.585315333688730014e-06,6.616704913278410958e-04,1.037386576893785514e-03,1.101825465149963322e-03,8.792768862017274686e-04,4.471503563747061122e-04,0.000000000000000000e+00,0.000000000000000000e+00,0.000000000000000000e+00,0.000000000000000000e+00,0.000000000000000000e+00,0.000000000000000000e+00,3.274579926228533984e-04,1.043369613463628141e-03,1.735880550907011608e-03,2.314237401923501664e-03,2.713393891173735643e-03,2.997880693038753631e-03,3.392035139647169538e-03,3.662911969432250652e-03,3.843744639557054085e-03,3.959285665058303455e-03,4.020716327726745615e-03,4.026721939775004810e-03,3.969518133237083697e-03,3.843251413345223286e-03,3.651331055696818532e-03,3.409214650992275532e-03,3.140440593984316145e-03,2.866243671137310746e-03,2.592288103553412690e-03,2.838573387532522183e-03,3.685471678679028400e-03,4.372958246289092993e-03,4.819215313396094623e-03,4.986096798110311971e-03,4.885202941223822787e-03,4.571193132733433924e-03,4.124614885879203732e-03,3.629943277112993201e-03,3.155656565878854364e-03,2.741637937503283665e-03,2.395966055690215701e-03,2.099767656151489258e-03,1.816741476508785093e-03,1.503771784938066252e-03,1.120419221275264490e-03,6.367712951545897396e-04,4.004764921885397406e-05,0.000000000000000000e+00,6.248165246555477826e-04,1.904629568944307813e-03,2.988511191081675341e-03,3.804892631302371313e-03,4.305597891701239306e-03,4.472496110577119793e-03,4.318569787410552092e-03,3.883771195607232940e-03,3.227570804482669201e-03,2.420481069946731501e-03,1.536167638602096508e-03,6.445968034030369071e-04,0.000000000000000000e+00,0.000000000000000000e+00,0.000000000000000000e+00,0.000000000000000000e+00,0.000000000000000000e+00,4.869618004737376435e-04,1.328359382900406787e-03,1.998402973274837277e-03,2.398948181714892838e-03,2.454940289946054219e-03,2.128212575350326395e-03,1.428707571618039775e-03,4.197935238951402796e-04,0.000000000000000000e+00,0.000000000000000000e+00,0.000000000000000000e+00,0.000000000000000000e+00,0.000000000000000000e+00,0.000000000000000000e+00,0.000000000000000000e+00,0.000000000000000000e+00,0.000000000000000000e+00,0.000000000000000000e+00,0.000000000000000000e+00,0.000000000000000000e+00,0.000000000000000000e+00,0.000000000000000000e+00,0.000000000000000000e+00,0.000000000000000000e+00,0.000000000000000000e+00,0.000000000000000000e+00,0.000000000000000000e+00,0.000000000000000000e+00,0.000000000000000000e+00,0.000000000000000000e+00,0.000000000000000000e+00,0.000000000000000000e+00,0.000000000000000000e+00,0.000000000000000000e+00,0.000000000000000000e+00,0.000000000000000000e+00,0.000000000000000000e+00,0.000000000000000000e+00,0.000000000000000000e+00,0.000000000000000000e+00,2.397365432109990193e-04,3.176742592570346718e-04,2.909219903790022529e-04,2.290571684201689643e-04,1.818435706188201531e-04,1.792107117358872543e-04,2.376763726554920284e-04,3.677194954715112254e-04,5.773012342480304858e-04,8.698882867005883765e-04,1.239099148166526373e-03,1.664363491515466215e-03,2.111471003729821320e-03,2.538923562647991787e-03,2.907466675848647489e-03,3.188182550529363325e-03,3.365348109823705896e-03,3.433353254318934067e-03,3.390328658063053013e-03,3.232766049567433689e-03,2.954433436082802046e-03,2.550059284846025159e-03,2.021521091929152306e-03,1.383171564732483963e-03,7.661589889947384999e-04,3.839451243894894425e-04,0.000000000000000000e+00,0.000000000000000000e+00,0.000000000000000000e+00,0.000000000000000000e+00,0.000000000000000000e+00,0.000000000000000000e+00,0.000000000000000000e+00,0.000000000000000000e+00,0.000000000000000000e+00,7.123649220579892586e-04,1.439354533219223010e-03,1.841078768477866527e-03,1.796524405285448728e-03,1.255373629843809435e-03,2.512462430909971471e-04,0.000000000000000000e+00,0.000000000000000000e+00,0.000000000000000000e+00,0.000000000000000000e+00,0.000000000000000000e+00,0.000000000000000000e+00,0.000000000000000000e+00,0.000000000000000000e+00,0.000000000000000000e+00,0.000000000000000000e+00,0.000000000000000000e+00,0.000000000000000000e+00,0.000000000000000000e+00,0.000000000000000000e+00,0.000000000000000000e+00,0.000000000000000000e+00,0.000000000000000000e+00,0.000000000000000000e+00,0.000000000000000000e+00,0.000000000000000000e+00,0.000000000000000000e+00,0.000000000000000000e+00,0.000000000000000000e+00,0.000000000000000000e+00,0.000000000000000000e+00,0.000000000000000000e+00,0.000000000000000000e+00,0.000000000000000000e+00,0.000000000000000000e+00,0.000000000000000000e+00,0.000000000000000000e+00,0.000000000000000000e+00,0.000000000000000000e+00,0.000000000000000000e+00,0.000000000000000000e+00,0.000000000000000000e+00,4.781439022892111125e-03,2.809500849181630761e-03,0.000000000000000000e+00,0.000000000000000000e+00,0.000000000000000000e+00,0.000000000000000000e+00,0.000000000000000000e+00,0.000000000000000000e+00,0.000000000000000000e+00,0.000000000000000000e+00,0.000000000000000000e+00,0.000000000000000000e+00,2.793555918581343452e-04,8.184944228975353639e-04,1.201538185429444194e-03,1.403253450216592445e-03,1.450052346191505219e-03,1.413977545712590640e-03,1.390080666043227000e-03,1.464705309549175745e-03,1.912960624918059798e-03,2.235370329136294153e-03,2.482243441923413958e-03,2.898541351020026552e-03,3.191784544649200334e-03,3.283622007594256750e-03,3.140455772702736761e-03,2.778883169105294225e-03,2.256612992904651147e-03,1.654281212996549285e-03,1.409184968587875010e-03,1.583538592532806460e-03,1.744608752589384831e-03,1.891448004891178392e-03,2.157769857371855723e-03,9.976087838329700599e-03,2.241623907038781637e-03,0.000000000000000000e+00,0.000000000000000000e+00,0.000000000000000000e+00,0.000000000000000000e+00,3.229372983012233239e-04,5.338116144101637262e-04,5.153230844658383348e-04,1.259158011312339542e-03,2.381524533762243920e-03,3.095297623457432274e-03,3.346946288159036512e-03,3.134734128981023910e-03,2.510017826003344086e-03,5.251096228186734501e-03,4.453313181646609406e-04,7.234108786443161189e-04,0.000000000000000000e+00,0.000000000000000000e+00,0.000000000000000000e+00,0.000000000000000000e+00,0.000000000000000000e+00,0.000000000000000000e+00,0.000000000000000000e+00,0.000000000000000000e+00,0.000000000000000000e+00,0.000000000000000000e+00,0.000000000000000000e+00,0.000000000000000000e+00,0.000000000000000000e+00,0.000000000000000000e+00,0.000000000000000000e+00,0.000000000000000000e+00,0.000000000000000000e+00,0.000000000000000000e+00,0.000000000000000000e+00,0.000000000000000000e+00,0.000000000000000000e+00,0.000000000000000000e+00,0.000000000000000000e+00,0.000000000000000000e+00,0.000000000000000000e+00,0.000000000000000000e+00,0.000000000000000000e+00,0.000000000000000000e+00,0.000000000000000000e+00,0.000000000000000000e+00,0.000000000000000000e+00,0.000000000000000000e+00,0.000000000000000000e+00,0.000000000000000000e+00,0.000000000000000000e+00,0.000000000000000000e+00,0.000000000000000000e+00,0.000000000000000000e+00,0.000000000000000000e+00,0.000000000000000000e+00,0.000000000000000000e+00,0.000000000000000000e+00,0.000000000000000000e+00,0.000000000000000000e+00,0.000000000000000000e+00,0.000000000000000000e+00,0.000000000000000000e+00,0.000000000000000000e+00,0.000000000000000000e+00,0.000000000000000000e+00,0.000000000000000000e+00,0.000000000000000000e+00,0.000000000000000000e+00,0.000000000000000000e+00,0.000000000000000000e+00,0.000000000000000000e+00,0.000000000000000000e+00,6.124949769254546973e-04,1.808018640829833204e-03,3.019669841546262362e-03,4.177367228735889143e-03,5.206973958914628414e-03,6.033405354867117827e-03,6.590026003823720550e-03,6.832194520147368520e-03,6.750030882036016019e-03,6.374919178669944016e-03,5.776205084044346537e-03,5.048083081816219682e-03,4.290265875423395804e-03,3.588258775994698172e-03,2.999017695774774690e-03,2.545645237814544125e-03,2.221521341030041619e-03,2.001318253308351485e-03,1.854630556522060113e-03,1.757921832124867238e-03,1.701629475358122298e-03,1.691008686759591390e-03,1.741012314160930458e-03,1.866997849166523570e-03
1.028141120224760781e-07,2.172291738233721626e-04,6.758517490739225642e-04,1.311295135647438459e-03,2.035047078593150548e-03,2.759704099329215402e-03,3.418144086234726955e-03,3.971132101977105193e-03,5.697049864749035436e-03,4.832776719268740487e-03,0.000000000000000000e+00,0.000000000000000000e+00,0.000000000000000000e+00,0.000000000000000000e+00,0.000000000000000000e+00,0.000000000000000000e+00,0.000000000000000000e+00,0.000000000000000000e+00,0.000000000000000000e+00,0.000000000000000000e+00,0.000000000000000000e+00,1.614934028246797423e-03,0.000000000000000000e+00,0.000000000000000000e+00,0.000000000000000000e+00,1.034663102188561334e-03,3.761539646705032783e-03,2.013335609269517427e-03,0.000000000000000000e+00,7.809430436383853658e-05,0.000000000000000000e+00,2.194893457490330673e-05,7.326312517381403967e-04,1.474460603482918939e-03,2.176096377734907349e-03,2.770348041543368306e-03,0.000000000000000000e+00,0.000000000000000000e+00,0.000000000000000000e+00,0.000000000000000000e+00,0.000000000000000000e+00,0.000000000000000000e+00,0.000000000000000000e+00,0.000000000000000000e+00,0.000000000000000000e+00,0.000000000000000000e+00,0.000000000000000000e+00,4.179510868520073131e-04,1.060191403485132283e-03,5.818344808747217232e-03,0.000000000000000000e+00,0.000000000000000000e+00,0.000000000000000000e+00,0.000000000000000000e+00,0.000000000000000000e+00,0.000000000000000000e+00,4.588528156357957644e-04,9.474416938944280660e-04,1.253152697124940889e-03,1.346369775849389329e-03,1.231313955771172648e-03,9.422087396792599425e-04,5.361836154885840080e-04,8.466523246935742032e-05,0.000000000000000000e+00,0.000000000000000000e+00,0.000000000000000000e+00,0.000000000000000000e+00,0.000000000000000000e+00,0.000000000000000000e+00,5.011475974885803856e-04,1.100599652235370813e-03,1.654547946003271080e-03,2.090903643268866418e-03,2.365521534321490035e-03,2.468468779228644421e-03,2.420839182653429858e-03,2.264045023031578934e-03,2.045628271825472577e-03,1.805948912441209106e-03,1.569033144226502545e-03,1.339274675111332396e-03,1.104291772914278670e-03,1.022691209441158912e-03,1.131403817502685781e-03,1.225362851143810836e-03,1.303945370423937765e-03,1.366722516343897012e-03,1.413446156920401863e-03,1.444030881414435155e-03,1.458534644801062633e-03,1.457140394405960363e-03,1.440135114057813264e-03,0.000000000000000000e+00,0.000000000000000000e+00,0.000000000000000000e+00,0.000000000000000000e+00,0.000000000000000000e+00,0.000000000000000000e+00,0.000000000000000000e+00,0.000000000000000000e+00,0.000000000000000000e+00,0.000000000000000000e+00,0.000000000000000000e+00,0.000000000000000000e+00,0.000000000000000000e+00,0.000000000000000000e+00,0.000000000000000000e+00,4.236666827662378780e-03,6.575796442424978235e-04,8.178709331768429288e-04,1.018430593197874141e-03,0.000000000000000000e+00,0.000000000000000000e+00,0.000000000000000000e+00,0.000000000000000000e+00,0.000000000000000000e+00,0.000000000000000000e+00,0.000000000000000000e+00,0.000000000000000000e+00,0.000000000000000000e+00,0.000000000000000000e+00,0.000000000000000000e+00,0.000000000000000000e+00,0.000000000000000000e+00,0.000000000000000000e+00,0.000000000000000000e+00,0.000000000000000000e+00,0.000000000000000000e+00,0.000000000000000000e+00,1.344446648143453956e-04,8.318463044673826657e-05,0.000000000000000000e+00,0.000000000000000000e+00,0.000000000000000000e+00,0.000000000000000000e+00,0.000000000000000000e+00,1.385482919116665535e-04,4.613018631278454078e-04,7.921078192678312124e-04,1.095974282213233678e-03,1.361245314039525147e-03,1.598890342620144442e-03,1.832763574518855073e-03,2.086008205635926128e-03,2.370490170684182770e-03,2.684353315102818403e-03,1.838869163492178700e-03,1.460547387370675658e-03,1.192372570442168898e-03,1.030045417044241421e-03,9.759922989358759066e-04,1.028128282977501572e-03,1.161002283236923886e-03,1.311013303596827127e-03,1.376866178217303789e-03,1.240121000354921232e-03,8.013857510582845199e-04,1.976375322117861555e-05,0.000000000000000000e+00,0.000000000000000000e+00,0.000000000000000000e+00,0.000000000000000000e+00,0.000000000000000000e+00,0.000000000000000000e+00,3.385389242523385259e-05,4.099754364511634143e-03,0.000000000000000000e+00,0.000000000000000000e+00,0.000000000000000000e+00,0.000000000000000000e+00,0.000000000000000000e+00,9.928420472433625887e-05,6.561233821296111497e-04,1.173022018434999097e-03,1.675330464562232481e-03,2.173153204641033436e-03,2.654802800245139194e-03,3.302414394668197039e-03,3.425572695843129203e-03,5.563811959917096218e-04,1.367704401293680112e-03,2.252337519077649442e-03,3.166469789368962871e-03,4.053161737154486327e-03,4.858740382256334506e-03,5.547810695700382960e-03,0.000000000000000000e+00,0.000000000000000000e+00,0.000000000000000000e+00,0.000000000000000000e+00,0.000000000000000000e+00,0.000000000000000000e+00,0.000000000000000000e+00,0.000000000000000000e+00,0.000000000000000000e+00,0.000000000000000000e+00,0.000000000000000000e+00,0.000000000000000000e+00,0.000000000000000000e+00,0.000000000000000000e+00,0.000000000000000000e+00,0.000000000000000000e+00,0.000000000000000000e+00,0.000000000000000000e+00,0.000000000000000000e+00,0.000000000000000000e+00,7.612221874476243549e-04,0.000000000000000000e+00,0.000000000000000000e+00,5.368147408263494172e-04,1.321689213287028687e-03,2.227572092631459940e-03,3.155042841347275966e-03,4.020049565600690780e-03,4.764374821570730757e-03,5.356102886928942354e-03,5.782319872366012067e-03,6.656961976440238862e-03,6.126834580464471901e-03,7.561928238550500413e-03,0.000000000000000000e+00,0.000000000000000000e+00,0.000000000000000000e+00,0.000000000000000000e+00,0.000000000000000000e+00,0.000000000000000000e+00,0.000000000000000000e+00,0.000000000000000000e+00,0.000000000000000000e+00,0.000000000000000000e+00,0.000000000000000000e+00,0.000000000000000000e+00,0.000000000000000000e+00,0.000000000000000000e+00,5.139841077303952330e-04,1.732556810432903625e-03,2.882030865612871147e-03,3.845893166974345342e-03,4.551380159333380526e-03,4.975298021963661319e-03,5.134349929613230869e-03,5.066265157891533533e-03,4.811468859245049412e-03,4.403564198122616839e-03,0.000000000000000000e+00,0.000000000000000000e+00,1.021324632312141118e-03,2.008442031532900896e-03,0.000000000000000000e+00,0.000000000000000000e+00,0.000000000000000000e+00,0.000000000000000000e+00,0.000000000000000000e+00,0.000000000000000000e+00,0.000000000000000000e+00,0.000000000000000000e+00,0.000000000000000000e+00,0.000000000000000000e+00,0.000000000000000000e+00,0.000000000000000000e+00,0.000000000000000000e+00,0.000000000000000000e+00,0.000000000000000000e+00,0.000000000000000000e+00,0.000000000000000000e+00,0.000000000000000000e+00,0.000000000000000000e+00,0.000000000000000000e+00,4.144592810489128179e-04,8.082036286533982863e-04,1.031663908772489056e-03,1.041311941314925372e-03,8.236732375262306987e-04,4.027621883889479187e-04,4.748319682423804726e-04,5.838069668342856736e-04,6.806811465899416120e-04,7.646491118232458164e-04,8.351418471985363329e-04,8.918384609959711549e-04,9.346765203518225644e-04,9.673107218465167847e-04,1.727078303397422366e-03,2.235483243531296606e-03,2.419750314429868019e-03,2.232561986479535739e-03,2.243482388704607332e-03,1.998143194655791020e-03,1.472627271775091154e-03,7.899250220913163218e-04,7.318579488082839306e-04,6.688756667556295310e-04,6.016469274534587105e-04,5.306809920388943450e-04,4.563222636377482419e-04,3.787600764115528246e-04,2.980430124907565361e-04,2.141073225352772694e-04,1.268112613736474732e-04,3.597602794567709950e-05,0.000000000000000000e+00,0.000000000000000000e+00,0.000000000000000000e+00,0.000000000000000000e+00,0.000000000000000000e+00,0.000000000000000000e+00,0.000000000000000000e+00,0.000000000000000000e+00,0.000000000000000000e+00,0.000000000000000000e+00,0.000000000000000000e+00,0.000000000000000000e+00,0.000000000000000000e+00,0.000000000000000000e+00,0.000000000000000000e+00,0.000000000000000000e+00,0.000000000000000000e+00,0.000000000000000000e+00,3.338977326696539096e-03,1.409077610573879766e-03,1.729350256272697015e-03,0.000000000000000000e+00,8.999468883866885060e-05,9.738448459469210968e-04,1.702639737342556301e-03,2.250491972628091211e-03,2.626385370355420988e-03,5.960089833687175730e-03,0.000000000000000000e+00,0.000000000000000000e+00,0.000000000000000000e+00,0.000000000000000000e+00,0.000000000000000000e+00,0.000000000000000000e+00,0.000000000000000000e+00,0.000000000000000000e+00,0.000000000000000000e+00,0.000000000000000000e+00,1.062968936241555926e-03,1.754163249951147660e-03,0.000000000000000000e+00,0.000000000000000000e+00,0.000000000000000000e+00,0.000000000000000000e+00,0.000000000000000000e+00,0.000000000000000000e+00,0.000000000000000000e+00,0.000000000000000000e+00,0.000000000000000000e+00,0.000000000000000000e+00,0.000000000000000000e+00,0.000000000000000000e+00,0.000000000000000000e+00,0.000000000000000000e+00,0.000000000000000000e+00,0.000000000000000000e+00,0.000000000000000000e+00,0.000000000000000000e+00,0.000000000000000000e+00,0.000000000000000000e+00,0.000000000000000000e+00,0.000000000000000000e+00,0.000000000000000000e+00,0.000000000000000000e+00,0.000000000000000000e+00,0.000000000000000000e+00,0.000000000000000000e+00,0.000000000000000000e+00,0.000000000000000000e+00,0.000000000000000000e+00,0.000000000000000000e+00,0.000000000000000000e+00,0.000000000000000000e+00,0.000000000000000000e+00,0.000000000000000000e+00,0.000000000000000000e+00,1.073625180781909551e-03,2.048050230950719964e-03,2.749949169295357477e-03,3.169691428957737041e-03,3.329465657377056204e-03,3.276265173154771764e-03,3.071889501133058184e-03,2.781117628759849358e-03,2.459416435780886496e-03,2.142253774607615676e-03,1.838716947466272110e-03,1.531987928536411667e-03,1.187735099993885660e-03,9.606261209081737871e-04,1.813873648065365395e-03,2.610908408196704628e-03,3.230768684279259305e-03,3.567482713253839963e-03,3.545249356158594253e-03,3.128318523300692433e-03,2.324945014768038925e-03,1.185675193927658404e-03,0.000000000000000000e+00
5.712735261485311566e-08,3.091427751717374978e-04,7.011281742292836423e-04,1.127350201645918332e-03,1.546533170137380422e-03,1.928417549656791631e-03,2.253051284037586692e-03,2.506900103484258763e-03,2.677664543633272685e-03,2.749949915154311069e-03,2.703778591852321923e-03,2.517260820249388274e-03,2.173549005644926247e-03,1.670513228617156011e-03,1.030029301232108715e-03,3.030670429009804743e-04,4.815756305179510246e-05,9.519784687641467469e-05,1.404232964941923506e-04,1.825477307095476644e-04,2.203900951372634600e-04,2.529070937289331668e-04,2.792194081959046875e-04,2.986363205461959420e-04,1.037027015156069803e-03,1.843397996920563336e-03,2.467450651506932543e-03,2.813016065672625538e-03,2.819989794937548689e-03,2.473404884089895703e-03,1.805209497528923552e-03,8.877807964299352537e-04,1.589250000713464937e-04,0.000000000000000000e+00,0.000000000000000000e+00,0.000000000000000000e+00,0.000000000000000000e+00,0.000000000000000000e+00,1.155517946655295659e-04,5.375912280929466373e-03,6.076521954980140604e-05,0.000000000000000000e+00,3.678321772032811128e-05,5.928439583061796959e-06,3.840679485115460607e-05,0.000000000000000000e+00,0.000000000000000000e+00,0.000000000000000000e+00,0.000000000000000000e+00,0.000000000000000000e+00,0.000000000000000000e+00,3.328685212811667224e-03,0.000000000000000000e+00,2.441463339122598112e-04,6.893097156153951850e-05,6.976863010940174362e-04,1.056184383520173244e-03,1.094946269756567631e-03,8.132082098526949515e-04,2.480048554116892016e-04,0.000000000000000000e+00,0.000000000000000000e+00,0.000000000000000000e+00,0.000000000000000000e+00,0.000000000000000000e+00,0.000000000000000000e+00,0.000000000000000000e+00,0.000000000000000000e+00,0.000000000000000000e+00,0.000000000000000000e+00,0.000000000000000000e+00,0.000000000000000000e+00,0.000000000000000000e+00,0.000000000000000000e+00,0.000000000000000000e+00,0.000000000000000000e+00,0.000000000000000000e+00,0.000000000000000000e+00,0.000000000000000000e+00,0.000000000000000000e+00,0.000000000000000000e+00,0.000000000000000000e+00,0.000000000000000000e+00,0.000000000000000000e+00,0.000000000000000000e+00,0.000000000000000000e+00,0.000000000000000000e+00,0.000000000000000000e+00,0.000000000000000000e+00,0.000000000000000000e+00,1.374413060408925802e-04,1.749232378433439837e-04,4.217497731326621288e-04,8.475772009678651450e-04,1.397495216163345587e-03,1.996334153428788120e-03,2.559655949647058563e-03,3.009028484282601397e-03,3.286600691074906266e-03,3.363922045105636766e-03,3.242469604412802353e-03,2.947129198269272683e-03,2.516793006638742749e-03,2.416633581792870453e-03,2.673922049955583524e-03,2.931262244642453881e-03,3.186707086607526267e-03,3.438285535402940858e-03,3.684044516919328990e-03,3.922084038209175567e-03,4.150588500822535547e-03,4.367853811317409622e-03,4.572306083622282649e-03,4.762517096210313119e-03,4.937212729093113858e-03,5.095276550603555082e-03,5.235748799541580650e-03,5.357823446633710324e-03,1.135124482106138373e-03,1.442140081088574182e-03,1.868872857968689304e-03,2.339669253920206859e-03,2.778598903353762632e-03,3.121829653740272430e-03,3.326487029639877292e-03,3.375132651395545882e-03,3.275854871059062472e-03,3.058466921022726104e-03,2.767544307959291568e-03,2.453258962131787697e-03,2.161312798341372479e-03,1.923681921639245175e-03,1.752092194344793746e-03,1.635955336000450037e-03,1.545754042934933048e-03,1.441695196116165624e-03,1.285966586075270712e-03,1.055548558519247247e-03,7.517114150600095416e-04,4.026494596716120671e-04,5.746294585629958064e-05,0.000000000000000000e+00,0.000000000000000000e+00,0.000000000000000000e+00,0.000000000000000000e+00,0.000000000000000000e+00,2.048314192053022912e-05,2.433705418695352948e-04,4.374451598801528014e-04,5.897051644557145013e-04,7.050618031686172165e-04,8.014849123632896127e-04,9.042400881023779889e-04,1.041100145301411409e-03,1.238564679753222835e-03,1.647307713401754102e-03,1.741958276405491642e-03,4.620204015730722648e-04,6.149982271969084858e-04,7.584366572257162601e-04,8.918507799655265396e-04,1.014725697107310204e-03,1.126519429897274984e-03,1.226668914431383031e-03,1.314597298694518803e-03,1.389725125639277485e-03,1.451481568780545791e-03,1.499319628654316580e-03,1.532731561020351119e-03,1.551267647742158792e-03,1.554553234338682324e-03,1.542309228618153876e-03,2.058846357093305907e-04,0.000000000000000000e+00,0.000000000000000000e+00,0.000000000000000000e+00,0.000000000000000000e+00,0.000000000000000000e+00,0.000000000000000000e+00,0.000000000000000000e+00,6.020604422590683080e-04,1.445504046671761524e-03,0.000000000000000000e+00,0.000000000000000000e+00,0.000000000000000000e+00,0.000000000000000000e+00,0.000000000000000000e+00,0.000000000000000000e+00,0.000000000000000000e+00,0.000000000000000000e+00,0.000000000000000000e+00,0.000000000000000000e+00,0.000000000000000000e+00,0.000000000000000000e+00,0.000000000000000000e+00,8.292502075185100973e-04,2.646977882444971272e-03,5.060315542741988630e-03,0.000000000000000000e+00,0.000000000000000000e+00,0.000000000000000000e+00,0.000000000000000000e+00,0.000000000000000000e+00,0.000000000000000000e+00,0.000000000000000000e+00,0.000000000000000000e+00,0.000000000000000000e+00,0.000000000000000000e+00,6.914723380477853440e-04,1.990570617838687537e-04,5.895782290023857380e-04,9.059745119214134999e-04,1.147231664993613853e-03,1.320757699923049734e-03,1.436033307926622539e-03,1.497236188557746553e-03,1.498169814677785885e-03,1.422522290998233388e-03,1.250389816024045616e-03,9.689525902063924690e-04,5.828432096141890600e-04,1.194533179171715207e-04,0.000000000000000000e+00,0.000000000000000000e+00,0.000000000000000000e+00,0.000000000000000000e+00,0.000000000000000000e+00,0.000000000000000000e+00,0.000000000000000000e+00,1.465327031505516992e-04,7.045188542592003850e-04,1.273309056312159826e-03,1.822662425739796999e-03,2.300574807351254535e-03,2.646223669129849684e-03,2.807213965742126269e-03,2.755287870327325760e-03,2.495437435278686882e-03,2.066045803638490684e-03,1.531024418993984443e-03,9.673659915968271968e-04,4.521723067760493133e-04,5.209364474177803704e-05,0.000000000000000000e+00,0.000000000000000000e+00,0.000000000000000000e+00,2.410162762039840662e-04,6.834659511140095617e-04,1.177749270388593963e-03,1.639015495412588950e-03,1.980184273392518110e-03,2.127386610209405782e-03,2.035717830053621145e-03,1.701037972773228367e-03,1.163519280086750679e-03,5.003101970734914359e-04,0.000000000000000000e+00,0.000000000000000000e+00,0.000000000000000000e+00,6.642576642457474358e-06,7.721908859457878331e-05,1.508526235592935402e-04,2.265723242085994728e-04,3.033109915947425632e-04,3.799386959047297498e-04,4.552996381391912211e-04,5.282460431711924346e-04,5.976758745817234344e-04,6.625636535757424821e-04,7.219914839946302417e-04,8.389717876167787506e-04,1.865987375902134881e-03,2.816182431076778847e-03,3.572585570193497102e-03,3.855837734272924561e-03,3.964297147571584599e-03,3.720350069309635594e-03,3.142110017470725429e-03,2.291009913058740695e-03,1.261131587829936391e-03,1.632842863985958424e-04,0.000000000000000000e+00,0.000000000000000000e+00,0.000000000000000000e+00,0.000000000000000000e+00,0.000000000000000000e+00,0.000000000000000000e+00,0.000000000000000000e+00,0.000000000000000000e+00,0.000000000000000000e+00,4.156379204009593049e-03,2.830760816475254901e-04,2.259212777141432070e-04,2.563629459418268722e-04,3.558374282495085699e-04,5.028359915087909568e-04,1.384854084424354042e-03,2.625913815119901382e-03,2.638282998738149514e-03,3.249540133281640479e-03,3.591523129198696557e-03,3.694650345814741270e-03,3.619837586061898545e-03,3.441870000035300407e-03,3.234684388694696044e-03,3.061603138418679277e-03,2.970997621679176848e-03,2.995991256066230218e-03,3.155963966317885429e-03,3.457594280897806783e-03,3.893752192182033632e-03,4.439788673138328132e-03,4.339214548650767271e-03,4.417991069922172671e-03,4.558573785383853230e-03,4.725980863947931709e-03,4.869985928052820642e-03,4.939147072732802055e-03,4.895504015380819189e-03,4.724795929129794320e-03,4.439278179483839744e-03,4.073252355007844598e-03,0.000000000000000000e+00,0.000000000000000000e+00,3.513328763172303588e-04,6.001116845005931028e-04,6.513367428149628323e-04,5.923003024085572114e-04,5.020062197008738581e-04,4.294183234563122317e-04,3.846615116794466519e-04,3.437711061930187736e-04,2.627571811895169679e-04,9.438584863494824172e-05,0.000000000000000000e+00,0.000000000000000000e+00,0.000000000000000000e+00,0.000000000000000000e+00,0.000000000000000000e+00,0.000000000000000000e+00,0.000000000000000000e+00,0.000000000000000000e+00,0.000000000000000000e+00,0.000000000000000000e+00,0.000000000000000000e+00,1.261537834277666394e-04,1.090181025156063610e-03,2.777539497554798887e-03,0.000000000000000000e+00,0.000000000000000000e+00,0.000000000000000000e+00,1.189700203255818830e-04,3.185610882068859971e-04,5.186113163475807118e-04,7.165265915272854775e-04,9.097210147314656672e-04,1.095662344884398235e-03,1.271911108174731461e-03,1.436156472907505321e-03,0.000000000000000000e+00,0.000000000000000000e+00,0.000000000000000000e+00,0.000000000000000000e+00,0.000000000000000000e+00,0.000000000000000000e+00,0.000000000000000000e+00,0.000000000000000000e+00,0.000000000000000000e+00,0.000000000000000000e+00,0.000000000000000000e+00,0.000000000000000000e+00,0.000000000000000000e+00,0.000000000000000000e+00,0.000000000000000000e+00,0.000000000000000000e+00,0.000000000000000000e+00,0.000000000000000000e+00,0.000000000000000000e+00,0.000000000000000000e+00,0.000000000000000000e+00,0.000000000000000000e+00,4.764271263241830721e-04,1.358411823156067521e-03,2.091442679819147804e-03,0.000000000000000000e+00,0.000000000000000000e+00,0.000000000000000000e+00,0.000000000000000000e+00,0.000000000000000000e+00,0.000000000000000000e+00,0.000000000000000000e+00,0.000000000000000000e+00,0.000000000000000000e+00,0.000000000000000000e+00,0.000000000000000000e+00,0.000000000000000000e+00,0.000000000000000000e+00,0.000000000000000000e+00,0.000000000000000000e+00,0.000000000000000000e+00
1.347237656817155322e-08,0.000000000000000000e+00,0.000000000000000000e+00,0.000000000000000000e+00,0.000000000000000000e+00,0.000000000000000000e+00,0.000000000000000000e+00,0.000000000000000000e+00,0.000000000000000000e+00,0.000000000000000000e+00,5.088948821712496479e-04,1.030225341746151407e-03,1.483205442151640414e-03,1.802978115581941590e-03,1.918299020433969449e-03,1.755388747847639805e-03,1.247817121917695147e-03,3.528755857784231622e-04,0.000000000000000000e+00,0.000000000000000000e+00,0.000000000000000000e+00,0.000000000000000000e+00,0.000000000000000000e+00,0.000000000000000000e+00,0.000000000000000000e+00,0.000000000000000000e+00,0.000000000000000000e+00,0.000000000000000000e+00,0.000000000000000000e+00,0.000000000000000000e+00,0.000000000000000000e+00,7.863591396551986848e-04,2.751920089376973418e-03,4.392473077106181720e-03,0.000000000000000000e+00,0.000000000000000000e+00,0.000000000000000000e+00,0.000000000000000000e+00,0.000000000000000000e+00,0.000000000000000000e+00,0.000000000000000000e+00,0.000000000000000000e+00,0.000000000000000000e+00,0.000000000000000000e+00,0.000000000000000000e+00,0.000000000000000000e+00,0.000000000000000000e+00,0.000000000000000000e+00,0.000000000000000000e+00,0.000000000000000000e+00,0.000000000000000000e+00,0.000000000000000000e+00,0.000000000000000000e+00,0.000000000000000000e+00,0.000000000000000000e+00,0.000000000000000000e+00,0.000000000000000000e+00,3.305608435534896261e-04,3.393873317823528288e-03,1.452780021872604780e-04,2.682065294839291406e-04,1.159775942290205324e-03,8.477125648863278497e-04,1.074586610633905840e-03,1.175524533737303326e-03,1.130004904748729052e-03,9.477936254260938866e-04,6.534892017177765331e-04,0.000000000000000000e+00,2.035030760367296805e-04,0.000000000000000000e+00,0.000000000000000000e+00,2.776614803901455118e-03,0.000000000000000000e+00,0.000000000000000000e+00,0.000000000000000000e+00,0.000000000000000000e+00,0.000000000000000000e+00,0.000000000000000000e+00,4.996319965766587295e-03,0.000000000000000000e+00,4.312828096004912674e-03,0.000000000000000000e+00,1.515154734753972185e-03,6.527348533439618740e-04,1.497487370005333917e-03,2.024120128575329549e-03,2.208330683153820941e-03,2.068426278109259959e-03,0.000000000000000000e+00,3.745399510884316573e-04,0.000000000000000000e+00,0.000000000000000000e+00,0.000000000000000000e+00,0.000000000000000000e+00,0.000000000000000000e+00,0.000000000000000000e+00,0.000000000000000000e+00,0.000000000000000000e+00,0.000000000000000000e+00,2.139688571669765937e-04,3.949343042730352584e-04,4.929589504926048084e-04,5.165054834251050705e-04,4.937486544574637166e-04,4.660934941783814820e-04,4.795529645814789322e-04,5.762824191725143081e-04,7.881943944815049527e-04,1.133701566969389169e-03,1.599049840360193282e-04,5.715519090274115616e-05,0.000000000000000000e+00,0.000000000000000000e+00,0.000000000000000000e+00,0.000000000000000000e+00,0.000000000000000000e+00,4.283947866051838804e-05,3.293765584585379167e-04,7.009171785287017075e-04,1.094493530419513852e-03,0.000000000000000000e+00,0.000000000000000000e+00,0.000000000000000000e+00,0.000000000000000000e+00,0.000000000000000000e+00,0.000000000000000000e+00,0.000000000000000000e+00,0.000000000000000000e+00,0.000000000000000000e+00,0.000000000000000000e+00,0.000000000000000000e+00,0.000000000000000000e+00,2.651120854949879529e-04,1.262394321483967935e-03,2.112016635250195742e-03,2.724222399483662831e-03,3.031095648594469075e-03,3.002743016155530464e-03,2.656045754447876675e-03,2.054175667788990436e-03,1.296980556209292260e-03,5.039945108207153843e-04,0.000000000000000000e+00,0.000000000000000000e+00,0.000000000000000000e+00,0.000000000000000000e+00,0.000000000000000000e+00,0.000000000000000000e+00,0.000000000000000000e+00,0.000000000000000000e+00,0.000000000000000000e+00,0.000000000000000000e+00,0.000000000000000000e+00,0.000000000000000000e+00,0.000000000000000000e+00,0.000000000000000000e+00,0.000000000000000000e+00,0.000000000000000000e+00,0.000000000000000000e+00,0.000000000000000000e+00,0.000000000000000000e+00,0.000000000000000000e+00,0.000000000000000000e+00,0.000000000000000000e+00,0.000000000000000000e+00,0.000000000000000000e+00,0.000000000000000000e+00,0.000000000000000000e+00,5.313214867034069916e-05,5.609758317421792689e-04,6.138412159664866172e-04,2.387691341471838435e-04,0.000000000000000000e+00,0.000000000000000000e+00,0.000000000000000000e+00,0.000000000000000000e+00,0.000000000000000000e+00,0.000000000000000000e+00,0.000000000000000000e+00,0.000000000000000000e+00,0.000000000000000000e+00,0.000000000000000000e+00,0.000000000000000000e+00,8.882222213397985482e-05,2.582906218163377818e-04,4.209065407509811818e-04,5.741099774286351556e-04,7.155710105680993709e-04,8.432604394004943700e-04,9.555146667930208360e-04,1.051082643340537151e-03,1.129165875609558934e-03,1.189435980958300889e-03,1.232040560308531128e-03,1.257590356059355013e-03,1.267130076110710392e-03,1.262096892549928809e-03,1.621441433619549930e-03,2.763576430119050412e-03,3.572624243113067376e-03,3.956374544812910413e-03,3.886190073176878489e-03,3.405384815344538428e-03,2.624493049826066762e-03,1.702407872413107650e-03,9.085164210322996823e-04,8.753234464761393795e-04,8.498159794532873226e-04,8.329180585706376892e-04,8.252041865611798709e-04,8.268975857390797922e-04,8.196645056721128461e-03,0.000000000000000000e+00,0.000000000000000000e+00,0.000000000000000000e+00,0.000000000000000000e+00,2.364742558693695555e-04,0.000000000000000000e+00,0.000000000000000000e+00,0.000000000000000000e+00,0.000000000000000000e+00,0.000000000000000000e+00,0.000000000000000000e+00,5.053321577207293188e-04,1.050321782993230693e-03,2.359116541694643212e-03,1.987977456806850306e-03,0.000000000000000000e+00,0.000000000000000000e+00,0.000000000000000000e+00,0.000000000000000000e+00,0.000000000000000000e+00,0.000000000000000000e+00,0.000000000000000000e+00,0.000000000000000000e+00,0.000000000000000000e+00,0.000000000000000000e+00,0.000000000000000000e+00,0.000000000000000000e+00,3.923970023221344050e-04,0.000000000000000000e+00,0.000000000000000000e+00,0.000000000000000000e+00,0.000000000000000000e+00,0.000000000000000000e+00,0.000000000000000000e+00,0.000000000000000000e+00,0.000000000000000000e+00,0.000000000000000000e+00,0.000000000000000000e+00,0.000000000000000000e+00,0.000000000000000000e+00,0.000000000000000000e+00,0.000000000000000000e+00,0.000000000000000000e+00,0.000000000000000000e+00,0.000000000000000000e+00,0.000000000000000000e+00,2.273423850741937077e-03,0.000000000000000000e+00,0.000000000000000000e+00,0.000000000000000000e+00,0.000000000000000000e+00,0.000000000000000000e+00,0.000000000000000000e+00,0.000000000000000000e+00,0.000000000000000000e+00,2.736567606421204130e-03,0.000000000000000000e+00,0.000000000000000000e+00,0.000000000000000000e+00,0.000000000000000000e+00,0.000000000000000000e+00,0.000000000000000000e+00,0.000000000000000000e+00,0.000000000000000000e+00,0.000000000000000000e+00,0.000000000000000000e+00,0.000000000000000000e+00,0.000000000000000000e+00,0.000000000000000000e+00,0.000000000000000000e+00,0.000000000000000000e+00,0.000000000000000000e+00,6.391394426359305611e-04,1.715579544849560496e-03,2.462186661993406595e-03,2.808691917390964722e-03,2.732796139378543439e-03,2.259709724494322544e-03,1.455432536023715641e-03,4.153769256808004197e-04,0.000000000000000000e+00,0.000000000000000000e+00,2.089021296202411761e-04,4.900965225576261628e-04,7.733249385504780424e-04,1.057423835819208376e-03,1.842117185001605935e-03,2.603449458728872463e-03,3.207501035260789269e-03,3.603246494661428625e-03,3.785683729876896525e-03,3.793757217520875909e-03,3.695977682459770149e-03,9.383282555705365138e-03,9.155437837292431237e-05,3.962520605928012709e-04,6.475649523517344698e-04,8.901208987701703709e-04,1.188484534507043945e-03,1.605053521428930581e-03,2.176820507103579064e-03,2.898026688355549805e-03,3.714791113420080892e-03,4.534503702399418634e-03,0.000000000000000000e+00,0.000000000000000000e+00,0.000000000000000000e+00,0.000000000000000000e+00,0.000000000000000000e+00,0.000000000000000000e+00,5.718859464650616559e-04,2.175935294709720105e-03,3.574343549919026773e-03,4.692144026639725671e-03,5.504280219607967511e-03,6.030381545950634983e-03,6.317194384845089758e-03,6.415946454080990319e-03,6.363508436154185176e-03,6.174270422652164934e-03,5.844913782034308163e-03,5.368789078477281644e-03,4.752778748911148411e-03,4.028867496865841218e-03,3.255369589396694355e-03,2.507411609739421468e-03,1.860657245055548489e-03,1.374533462743176291e-03,1.080556224325870908e-03,9.785377433555268994e-04,1.040019412769096780e-03,1.215878063947861860e-03,1.444552998813461182e-03,1.658585355628901508e-03,1.789231280638527459e-03,1.770594948514003786e-03,1.545153951101348785e-03,1.312143933517150073e-03,1.410499965471431706e-03,1.459802238649196820e-03,1.487690721415062299e-03,1.538606255485442352e-03,1.664044011876471534e-03,1.910867022672236171e-03,2.310270114609568482e-03,2.869253718722522030e-03,3.565577887838128433e-03,4.346699146189821408e-03,5.133289671659863225e-03,5.828045428196718114e-03,6.329926002049868564e-03,6.552304431605039149e-03,6.441287915791790893e-03,5.988973749576053870e-03,5.236800599592115329e-03,4.266842232383631292e-03,3.182916646005344314e-03,2.086993626792003811e-03,1.057986024851506612e-03,1.389511048966178455e-04,0.000000000000000000e+00,0.000000000000000000e+00,0.000000000000000000e+00,0.000000000000000000e+00,0.000000000000000000e+00,0.000000000000000000e+00,8.592048315738145777e-05,2.506849407246397208e-04,3.845028616538852858e-04,4.869985863700947203e-04,5.593419935749325981e-04,6.072862601438212653e-04,6.439264013811290318e-04,6.903742090593039402e-04,7.726012521324613237e-04,9.138153063450699760e-04,1.123614372498776392e-03,1.387062589493570381e-03,1.657988318579321774e-03,1.860537348507184047e-03,1.901076231696957001e-03,1.689298070971872144e-03,1.163655093014658677e-03,3.134803129731298754e-04,0.000000000000000000e+00,0.000000000000000000e+00,0.000000000000000000e+00
0.000000000000000000e+00,0.000000000000000000e+00,0.000000000000000000e+00,0.000000000000000000e+00,0.000000000000000000e+00,0.000000000000000000e+00,0.000000000000000000e+00,0.000000000000000000e+00,0.000000000000000000e+00,0.000000000000000000e+00,3.162359884878957004e-03,1.741695978175011395e-03,0.000000000000000000e+00,0.000000000000000000e+00,0.000000000000000000e+00,0.000000000000000000e+00,0.000000000000000000e+00,0.000000000000000000e+00,0.000000000000000000e+00,0.000000000000000000e+00,1.407270483351898236e-04,2.364458300069521152e-04,1.126099539626595640e-04,0.000000000000000000e+00,0.000000000000000000e+00,0.000000000000000000e+00,0.000000000000000000e+00,0.000000000000000000e+00,0.000000000000000000e+00,0.000000000000000000e+00,0.000000000000000000e+00,0.000000000000000000e+00,0.000000000000000000e+00,0.000000000000000000e+00,0.000000000000000000e+00,0.000000000000000000e+00,3.576299511560103320e-05,6.507910494172645076e-04,1.172542589003915245e-03,1.533353345034642020e-03,1.693346830402493600e-03,1.653512587585787529e-03,1.457734272864970662e-03,1.505330762277280396e-03,1.802289482684969139e-03,1.828418539011465727e-03,1.574314696206770454e-03,1.126334963001829640e-03,1.311302518889231362e-03,2.051749136417865566e-03,0.000000000000000000e+00,0.000000000000000000e+00,0.000000000000000000e+00,0.000000000000000000e+00,0.000000000000000000e+00,0.000000000000000000e+00,0.000000000000000000e+00,0.000000000000000000e+00,0.000000000000000000e+00,0.000000000000000000e+00,0.000000000000000000e+00,0.000000000000000000e+00,0.000000000000000000e+00,0.000000000000000000e+00,0.000000000000000000e+00,0.000000000000000000e+00,0.000000000000000000e+00,0.000000000000000000e+00,0.000000000000000000e+00,0.000000000000000000e+00,0.000000000000000000e+00,0.000000000000000000e+00,0.000000000000000000e+00,0.000000000000000000e+00,0.000000000000000000e+00,1.203081394785336362e-04,5.297110591743504080e-04,1.478786561644468726e-03,0.000000000000000000e+00,0.000000000000000000e+00,0.000000000000000000e+00,0.000000000000000000e+00,0.000000000000000000e+00,0.000000000000000000e+00,0.000000000000000000e+00,0.000000000000000000e+00,0.000000000000000000e+00,0.000000000000000000e+00,0.000000000000000000e+00,0.000000000000000000e+00,0.000000000000000000e+00,0.000000000000000000e+00,0.000000000000000000e+00,0.000000000000000000e+00,0.000000000000000000e+00,0.000000000000000000e+00,0.000000000000000000e+00,0.000000000000000000e+00,0.000000000000000000e+00,0.000000000000000000e+00,0.000000000000000000e+00,0.000000000000000000e+00,5.621195698592484696e-04,1.658804431620096052e-03,2.652549804429977631e-03,0.000000000000000000e+00,0.000000000000000000e+00,0.000000000000000000e+00,0.000000000000000000e+00,0.000000000000000000e+00,0.000000000000000000e+00,0.000000000000000000e+00,0.000000000000000000e+00,3.403154204364230323e-04,8.778797969380827204e-04,1.158320504637125282e-03,1.139503581401301062e-03,8.071531289799021864e-04,1.929509318140504542e-04,4.549404197377148861e-04,6.559264791854949213e-04,7.765671008667978043e-04,7.990028529836299548e-04,7.093691511561398553e-04,5.000656191230102958e-04,1.727437440860698007e-04,0.000000000000000000e+00,0.000000000000000000e+00,0.000000000000000000e+00,0.000000000000000000e+00,0.000000000000000000e+00,0.000000000000000000e+00,0.000000000000000000e+00,0.000000000000000000e+00,0.000000000000000000e+00,0.000000000000000000e+00,0.000000000000000000e+00,0.000000000000000000e+00,0.000000000000000000e+00,0.000000000000000000e+00,0.000000000000000000e+00,0.000000000000000000e+00,0.000000000000000000e+00,0.000000000000000000e+00,0.000000000000000000e+00,0.000000000000000000e+00,0.000000000000000000e+00,0.000000000000000000e+00,0.000000000000000000e+00,0.000000000000000000e+00,0.000000000000000000e+00,0.000000000000000000e+00,0.000000000000000000e+00,0.000000000000000000e+00,0.000000000000000000e+00,0.000000000000000000e+00,0.000000000000000000e+00,8.947467796463760793e-04,3.617384524259805671e-03,0.000000000000000000e+00,0.000000000000000000e+00,0.000000000000000000e+00,0.000000000000000000e+00,0.000000000000000000e+00,0.000000000000000000e+00,0.000000000000000000e+00,0.000000000000000000e+00,0.000000000000000000e+00,0.000000000000000000e+00,0.000000000000000000e+00,4.331234333419289569e-04,1.057518737975517631e-03,1.628360655780810868e-03,2.070157471138656287e-03,2.326271631288659783e-03,2.372211572117799254e-03,2.220366187480677343e-03,1.915542660210974545e-03,1.523600335689482893e-03,1.116919682659295050e-03,7.602409894475430216e-04,4.993787713278582214e-04,3.544059661656503253e-04,3.183257389237995885e-04,3.616264357612174033e-04,4.418946748270670237e-04,5.159795699738233075e-04,5.509465681621800301e-04,5.302701223478568926e-04,4.536855148563341653e-04,3.319234133341593526e-04,1.796983619456402612e-04,1.051414870188154722e-05,0.000000000000000000e+00,0.000000000000000000e+00,0.000000000000000000e+00,0.000000000000000000e+00,0.000000000000000000e+00,0.000000000000000000e+00,0.000000000000000000e+00,0.000000000000000000e+00,0.000000000000000000e+00,0.000000000000000000e+00,0.000000000000000000e+00,0.000000000000000000e+00,0.000000000000000000e+00,0.000000000000000000e+00,0.000000000000000000e+00,0.000000000000000000e+00,0.000000000000000000e+00,0.000000000000000000e+00,0.000000000000000000e+00,5.646155723873420330e-04,1.677197983419412590e-03,2.563856720259092160e-03,3.182487356269705046e-03,3.530946924342817216e-03,3.643756806715854005e-03,3.580135477409145985e-03,3.407436683201726761e-03,3.185096741386119704e-03,2.953455814015535329e-03,2.729737314420963099e-03,2.510821313411329327e-03,2.280299304574320146e-03,2.016485085454108785e-03,1.698795355745606056e-03,1.311683978682794864e-03,8.470715732557192830e-04,3.068834487441666451e-04,1.123369167120012474e-04,3.971567022361736877e-04,6.753109399158946109e-04,9.433684513792517769e-04,1.198011271723720909e-03,1.459656825730432962e-03,2.299705399442692443e-03,2.953804287843270031e-03,3.389911179144726623e-03,3.603471944739233476e-03,3.613740092371892955e-03,3.457870781780503222e-03,3.184144183658836266e-03,2.845199966485966424e-03,2.491916621384953744e-03,2.448820141020553297e-03,2.397721313083222335e-03,2.321957880684038210e-03,2.223609778496523411e-03,2.105046244606690979e-03,1.968867874544756938e-03,1.817842956932324465e-03,1.680831247706967603e-03,1.797960239142180590e-03,1.960769347920182475e-03,2.110959685253111125e-03,2.211031866507736244e-03,2.218917246072977471e-03,2.099419714620087002e-03,1.834643499603960583e-03,1.429008256841950110e-03,9.068651169032712145e-04,3.039109336126985528e-04,0.000000000000000000e+00,0.000000000000000000e+00,0.000000000000000000e+00,0.000000000000000000e+00,0.000000000000000000e+00,4.714117062581918152e-06,3.833799924294454707e-04,6.095956785882464604e-04,6.717393522185791457e-04,5.838430078586598088e-04,3.802427391337623698e-04,1.080588834215028899e-04,0.000000000000000000e+00,0.000000000000000000e+00,0.000000000000000000e+00,0.000000000000000000e+00,0.000000000000000000e+00,0.000000000000000000e+00,0.000000000000000000e+00,3.939479582031313841e-04,8.972163464245336414e-04,1.405538297411357707e-03,1.859938816577352393e-03,2.205491494147341063e-03,2.400791349828442899e-03,2.426670852973903444e-03,2.292358397460829856e-03,2.037337037035637753e-03,1.727534380890893015e-03,1.445319891142214305e-03,1.274130070673082241e-03,1.280231721886316513e-03,1.495685229065424251e-03,1.907321917476401075e-03,2.455777159813208807e-03,3.046197958706906451e-03,3.568656436558853649e-03,3.922941808049429553e-03,4.040644848920760430e-03,3.898227672534975395e-03,3.517824730106502290e-03,2.956567275138531539e-03,2.288673159196692036e-03,1.586172048136302295e-03,9.037824805095855726e-04,2.715798517252944423e-04,0.000000000000000000e+00,0.000000000000000000e+00,0.000000000000000000e+00,0.000000000000000000e+00,0.000000000000000000e+00,0.000000000000000000e+00,0.000000000000000000e+00,0.000000000000000000e+00,0.000000000000000000e+00,0.000000000000000000e+00,0.000000000000000000e+00,2.882482233064300511e-04,1.363466066647770446e-03,2.443064420868785568e-03,3.424454494842894044e-03,4.208539352600501604e-03,4.713287495150025180e-03,4.886664742971533019e-03,4.715748983200221400e-03,4.228989350610123238e-03,3.490134587180936457e-03,2.584811114134039252e-03,1.603092467215080181e-03,6.227601301042209967e-04,0.000000000000000000e+00,0.000000000000000000e+00,0.000000000000000000e+00,0.000000000000000000e+00,0.000000000000000000e+00,0.000000000000000000e+00,0.000000000000000000e+00,0.000000000000000000e+00,0.000000000000000000e+00,0.000000000000000000e+00,0.000000000000000000e+00,0.000000000000000000e+00,0.000000000000000000e+00,0.000000000000000000e+00,0.000000000000000000e+00,0.000000000000000000e+00,0.000000000000000000e+00,0.000000000000000000e+00,0.000000000000000000e+00,0.000000000000000000e+00,0.000000000000000000e+00,0.000000000000000000e+00,3.048290440664459724e-04,8.072517099636654803e-04,5.199580416663606916e-03,0.000000000000000000e+00,0.000000000000000000e+00,0.000000000000000000e+00,0.000000000000000000e+00,0.000000000000000000e+00,0.000000000000000000e+00,0.000000000000000000e+00,0.000000000000000000e+00,0.000000000000000000e+00,0.000000000000000000e+00,0.000000000000000000e+00,0.000000000000000000e+00,0.000000000000000000e+00,0.000000000000000000e+00,0.000000000000000000e+00,0.000000000000000000e+00,0.000000000000000000e+00,0.000000000000000000e+00,0.000000000000000000e+00,0.000000000000000000e+00,5.214522020375270291e-05,1.066504121093706479e-03,2.809062544638393603e-03,0.000000000000000000e+00,0.000000000000000000e+00,0.000000000000000000e+00,0.000000000000000000e+00,0.000000000000000000e+00,0.000000000000000000e+00,0.000000000000000000e+00,4.056891105632932058e-03,1.327941270407797299e-03,1.944616402253839102e-03,2.448682507483168538e-03,2.814294393227853228e-03,3.041332145166029260e-03,3.156494375177823844e-03,3.205020083714480057e-03,3.234120675103517410e-03,3.272826466025794290e-03,3.315339792641302467e-03,3.314809168536675225e-03
1.578116112871510602e-08,0.000000000000000000e+00,0.000000000000000000e+00,0.000000000000000000e+00,0.000000000000000000e+00,0.000000000000000000e+00,0.000000000000000000e+00,0.000000000000000000e+00,0.000000000000000000e+00,9.675789522083429346e-05,6.633015484326838535e-04,1.153030489958710089e-03,1.538386044975135689e-03,1.819708661546933079e-03,2.026883055927648520e-03,1.056281392962075266e-03,6.556949891190293721e-04,3.635446332017474788e-04,4.142547452266100985e-04,4.668977601847414615e-04,5.203658645226734566e-04,5.733552018298725865e-04,6.243852755932022096e-04,6.718224019665037898e-04,7.139160285560907466e-04,7.488369539811257688e-04,7.747248652437010866e-04,7.897389998404428678e-04,9.063451404692649330e-04,1.076341176337644329e-03,1.194095887894076457e-03,1.259360826395131529e-03,1.278799140343227225e-03,1.266937894313228822e-03,1.246159435004421745e-03,1.244898373028271174e-03,1.293667460849025471e-03,1.419209516777425809e-03,1.637696682686818651e-03,1.948326898694473014e-03,2.328874852735576036e-03,2.734829870349129392e-03,3.103550513902123172e-03,3.364154950868150553e-03,3.452346070440848267e-03,3.327324005702003967e-03,2.986013559491707339e-03,2.469314166541849986e-03,1.856671193338456198e-03,1.248918525035139400e-03,7.436713782281520338e-04,4.106582287972840675e-04,2.747182796497879402e-04,3.115064250553414241e-04,4.564199973743808471e-04,6.228637335678913027e-04,7.234654884244999138e-04,6.880111159776374158e-04,4.741967735015362845e-04,7.053930655945177058e-05,0.000000000000000000e+00,0.000000000000000000e+00,0.000000000000000000e+00,0.000000000000000000e+00,0.000000000000000000e+00,0.000000000000000000e+00,0.000000000000000000e+00,0.000000000000000000e+00,0.000000000000000000e+00,0.000000000000000000e+00,0.000000000000000000e+00,0.000000000000000000e+00,0.000000000000000000e+00,0.000000000000000000e+00,0.000000000000000000e+00,0.000000000000000000e+00,0.000000000000000000e+00,7.846375442896250921e-05,2.327394670823145937e-04,3.212510848555859820e-04,3.710360694875174548e-04,4.075125685363765711e-04,4.498480065095672789e-04,5.067042675729062882e-04,5.723381107111562066e-04,6.245143387661700142e-04,6.264267388541189686e-04,5.339175740581535157e-04,3.070718610198151940e-04,0.000000000000000000e+00,0.000000000000000000e+00,0.000000000000000000e+00,0.000000000000000000e+00,0.000000000000000000e+00,0.000000000000000000e+00,0.000000000000000000e+00,0.000000000000000000e+00,0.000000000000000000e+00,0.000000000000000000e+00,0.000000000000000000e+00,3.311770727766014132e-04,7.774206604431083177e-04,1.101659242523650743e-03,1.265626188976743489e-03,2.077937193321126655e-03,2.647879203820049498e-03,2.949436587784213387e-03,3.005334659329064999e-03,2.881791899958320840e-03,2.673234867275183120e-03,2.480566537325879124e-03,2.388345617531965719e-03,2.446471628099067090e-03,2.660696225697914506e-03,2.993919817109033047e-03,3.377395412148320730e-03,3.728418092684315354e-03,3.969490056032367979e-03,4.043871157821891070e-03,3.923920808994547579e-03,5.227696212391417380e-03,6.346634911263009798e-03,7.065585365457609582e-03,7.363306856495875109e-03,7.268334093226925738e-03,6.849308229758118045e-03,6.198439738718411994e-03,5.411956310270161011e-03,4.572314324795580254e-03,3.736527404462475568e-03,2.933192580862536720e-03,2.168211902384957739e-03,1.436665278726216750e-03,7.365226005773854376e-04,7.948985515590248168e-05,0.000000000000000000e+00,0.000000000000000000e+00,0.000000000000000000e+00,0.000000000000000000e+00,0.000000000000000000e+00,0.000000000000000000e+00,0.000000000000000000e+00,1.929551394051609158e-05,5.329042757555354365e-04,9.651868477763410293e-04,1.270575049245648925e-03,1.439203642262124570e-03,1.498054934597486390e-03,1.502605520271426158e-03,1.520795594439974590e-03,1.613570685214801067e-03,1.817755480602220673e-03,0.000000000000000000e+00,0.000000000000000000e+00,0.000000000000000000e+00,0.000000000000000000e+00,0.000000000000000000e+00,0.000000000000000000e+00,0.000000000000000000e+00,0.000000000000000000e+00,0.000000000000000000e+00,0.000000000000000000e+00,0.000000000000000000e+00,0.000000000000000000e+00,0.000000000000000000e+00,0.000000000000000000e+00,0.000000000000000000e+00,0.000000000000000000e+00,0.000000000000000000e+00,0.000000000000000000e+00,0.000000000000000000e+00,0.000000000000000000e+00,1.523552802740323281e-03,3.087313176671262964e-04,0.000000000000000000e+00,0.000000000000000000e+00,0.000000000000000000e+00,0.000000000000000000e+00,0.000000000000000000e+00,0.000000000000000000e+00,0.000000000000000000e+00,0.000000000000000000e+00,0.000000000000000000e+00,0.000000000000000000e+00,0.000000000000000000e+00,0.000000000000000000e+00,0.000000000000000000e+00,0.000000000000000000e+00,0.000000000000000000e+00,2.855790736437701841e-05,7.736310981780523781e-05,1.225965156439620619e-04,1.637644484750804767e-04,2.006962886363542560e-04,2.335492963829548501e-04,2.628001208880842562e-04,2.892200267354071001e-04,3.138333814290861939e-04,3.513411941294662688e-04,4.780786879364721641e-04,5.837475972224632353e-04,6.664336856226596873e-04,7.218661832440025896e-04,7.460469082182628496e-04,7.378669189664948053e-04,7.011875161982330639e-04,6.695928832378059137e-04,7.433899856906311205e-04,8.252969632741494590e-04,9.146509979028720223e-04,1.010436607196318155e-03,1.111308731599771086e-03,1.215630912262468137e-03,1.321520875493426093e-03,1.426908092041962763e-03,1.529592742022434356e-03,0.000000000000000000e+00,0.000000000000000000e+00,0.000000000000000000e+00,0.000000000000000000e+00,0.000000000000000000e+00,0.000000000000000000e+00,0.000000000000000000e+00,0.000000000000000000e+00,0.000000000000000000e+00,0.000000000000000000e+00,3.297711681765396678e-04,1.915534226238611599e-03,3.313075168023735511e-03,0.000000000000000000e+00,0.000000000000000000e+00,0.000000000000000000e+00,0.000000000000000000e+00,0.000000000000000000e+00,0.000000000000000000e+00,0.000000000000000000e+00,0.000000000000000000e+00,0.000000000000000000e+00,0.000000000000000000e+00,0.000000000000000000e+00,0.000000000000000000e+00,0.000000000000000000e+00,0.000000000000000000e+00,0.000000000000000000e+00,0.000000000000000000e+00,0.000000000000000000e+00,0.000000000000000000e+00,0.000000000000000000e+00,0.000000000000000000e+00,0.000000000000000000e+00,0.000000000000000000e+00,0.000000000000000000e+00,0.000000000000000000e+00,0.000000000000000000e+00,0.000000000000000000e+00,1.514078474980605764e-04,6.300489820453929451e-04,1.011848770540109020e-03,1.284182359352470338e-03,1.427709632459935431e-03,1.415850132204759908e-03,1.221178192397511832e-03,8.262480189197974993e-04,2.343143920505620789e-04,0.000000000000000000e+00,0.000000000000000000e+00,0.000000000000000000e+00,0.000000000000000000e+00,0.000000000000000000e+00,0.000000000000000000e+00,0.000000000000000000e+00,0.000000000000000000e+00,0.000000000000000000e+00,0.000000000000000000e+00,0.000000000000000000e+00,0.000000000000000000e+00,0.000000000000000000e+00,0.000000000000000000e+00,0.000000000000000000e+00,0.000000000000000000e+00,0.000000000000000000e+00,0.000000000000000000e+00,0.000000000000000000e+00,0.000000000000000000e+00,0.000000000000000000e+00,0.000000000000000000e+00,0.000000000000000000e+00,0.000000000000000000e+00,0.000000000000000000e+00,0.000000000000000000e+00,0.000000000000000000e+00,0.000000000000000000e+00,0.000000000000000000e+00,0.000000000000000000e+00,0.000000000000000000e+00,0.000000000000000000e+00,6.424083945031656149e-04,1.297988438617412059e-03,8.030088136336190063e-03,1.231436919155597587e-03,1.313517865938982569e-03,1.395226479180362552e-03,1.475813936685963900e-03,1.554678255435994064e-03,1.631369556071630283e-03,1.705590235200870382e-03,1.777188555455078058e-03,1.846143715585827315e-03,1.912545658948759794e-03,1.976572209459397534e-03,2.038458521525887950e-03,2.098466698080313393e-03,2.156851393030014344e-03,2.213828804153497413e-03,0.000000000000000000e+00,0.000000000000000000e+00,0.000000000000000000e+00,0.000000000000000000e+00,0.000000000000000000e+00,0.000000000000000000e+00,0.000000000000000000e+00,0.000000000000000000e+00,0.000000000000000000e+00,0.000000000000000000e+00,0.000000000000000000e+00,0.000000000000000000e+00,0.000000000000000000e+00,0.000000000000000000e+00,0.000000000000000000e+00,0.000000000000000000e+00,0.000000000000000000e+00,0.000000000000000000e+00,0.000000000000000000e+00,0.000000000000000000e+00,0.000000000000000000e+00,0.000000000000000000e+00,0.000000000000000000e+00,0.000000000000000000e+00,0.000000000000000000e+00,0.000000000000000000e+00,0.000000000000000000e+00,0.000000000000000000e+00,0.000000000000000000e+00,0.000000000000000000e+00,0.000000000000000000e+00,0.000000000000000000e+00,0.000000000000000000e+00,0.000000000000000000e+00,0.000000000000000000e+00,0.000000000000000000e+00,0.000000000000000000e+00,0.000000000000000000e+00,0.000000000000000000e+00,0.000000000000000000e+00,0.000000000000000000e+00,0.000000000000000000e+00,0.000000000000000000e+00,0.000000000000000000e+00,0.000000000000000000e+00,0.000000000000000000e+00,0.000000000000000000e+00,1.480011489451985766e-04,3.249672136223812936e-04,5.132814152367869923e-04,7.649967920847429480e-04,1.269352728940543410e-03,1.620098439169396316e-03,1.806160612893401192e-03,1.845345219097804107e-03,1.810496282818253606e-03,3.754591559894922357e-04,7.138239173130331901e-04,9.994486977387654226e-04,1.199222386355858552e-03,1.291740413230802213e-03,1.263332098416838738e-03,1.106429033034674742e-03,8.226342737644101602e-04,4.291797536803190196e-04,0.000000000000000000e+00,0.000000000000000000e+00,0.000000000000000000e+00,0.000000000000000000e+00,0.000000000000000000e+00,0.000000000000000000e+00,0.000000000000000000e+00,0.000000000000000000e+00,3.091142157295137158e-04,1.017517771252643899e-03,1.721790395119944311e-03,6.337489194216512634e-03,0.000000000000000000e+00,0.000000000000000000e+00,0.000000000000000000e+00,0.000000000000000000e+00,0.000000000000000000e+00,0.000000000000000000e+00,0.000000000000000000e+00,0.000000000000000000e+00,0.000000000000000000e+00
8.248923059372939100e-08,1.551216323416252556e-03,0.000000000000000000e+00,0.000000000000000000e+00,0.000000000000000000e+00,0.000000000000000000e+00,0.000000000000000000e+00,0.000000000000000000e+00,0.000000000000000000e+00,0.000000000000000000e+00,0.000000000000000000e+00,0.000000000000000000e+00,0.000000000000000000e+00,0.000000000000000000e+00,0.000000000000000000e+00,0.000000000000000000e+00,0.000000000000000000e+00,0.000000000000000000e+00,0.000000000000000000e+00,0.000000000000000000e+00,0.000000000000000000e+00,0.000000000000000000e+00,0.000000000000000000e+00,0.000000000000000000e+00,0.000000000000000000e+00,0.000000000000000000e+00,0.000000000000000000e+00,0.000000000000000000e+00,0.000000000000000000e+00,0.000000000000000000e+00,0.000000000000000000e+00,0.000000000000000000e+00,0.000000000000000000e+00,0.000000000000000000e+00,0.000000000000000000e+00,0.000000000000000000e+00,0.000000000000000000e+00,0.000000000000000000e+00,0.000000000000000000e+00,0.000000000000000000e+00,0.000000000000000000e+00,0.000000000000000000e+00,0.000000000000000000e+00,9.204490884241870764e-04,1.963606864753632102e-03,2.747131440915549609e-03,3.190781550752887479e-03,3.270092172637213603e-03,3.016621266972015821e-03,2.506523490803801765e-03,1.841910915598188835e-03,1.130723838339560677e-03,4.699728662533539120e-04,0.000000000000000000e+00,0.000000000000000000e+00,0.000000000000000000e+00,0.000000000000000000e+00,0.000000000000000000e+00,6.378249928581766932e-04,2.985881556828803678e-03,0.000000000000000000e+00,0.000000000000000000e+00,0.000000000000000000e+00,0.000000000000000000e+00,0.000000000000000000e+00,0.000000000000000000e+00,0.000000000000000000e+00,0.000000000000000000e+00,0.000000000000000000e+00,0.000000000000000000e+00,0.000000000000000000e+00,0.000000000000000000e+00,0.000000000000000000e+00,0.000000000000000000e+00,0.000000000000000000e+00,0.000000000000000000e+00,0.000000000000000000e+00,0.000000000000000000e+00,0.000000000000000000e+00,0.000000000000000000e+00,0.000000000000000000e+00,0.000000000000000000e+00,0.000000000000000000e+00,0.000000000000000000e+00,9.509839071982024907e-04,1.949442038114720813e-03,2.833707356427394523e-03,3.534154342112044277e-03,4.004401141723085839e-03,4.230515005404830026e-03,4.233409174955034444e-03,4.063309906575789457e-03,3.787618754653154177e-03,3.475814374852640495e-03,3.186123457844549072e-03,2.957927897238147880e-03,2.811440226478177044e-03,2.753125380252349937e-03,2.783062636279476365e-03,2.899992893429926936e-03,3.101420890621523711e-03,3.379055172630158164e-03,3.712705699134148749e-03,4.067054214058249927e-03,4.394705913252828014e-03,4.645976514883265809e-03,4.782267424922526620e-03,4.787499424275390610e-03,4.672257501457987953e-03,4.468155832935432996e-03,4.214287395012509402e-03,3.941310537632986694e-03,3.659986504776978084e-03,3.359122400105497754e-03,3.013796082552970546e-03,2.600367991117068320e-03,2.112048893773185287e-03,1.568753469537643129e-03,1.017412634733228958e-03,5.225889715095831129e-04,1.506542268280445585e-04,8.808575463442510625e-04,1.979823826928325640e-03,2.931605192930545559e-03,3.685226068208047063e-03,4.210895149177061418e-03,4.494222773773897360e-03,4.530977730528338611e-03,4.325390773543392672e-03,3.892696433309197294e-03,3.264169917448273960e-03,2.491288416586146144e-03,2.253377013345156995e-03,2.155192159243550856e-03,1.988820750350022218e-03,1.735702814616833182e-03,1.379451784459265629e-03,9.192098524179546232e-04,3.792225236591260668e-04,0.000000000000000000e+00,0.000000000000000000e+00,0.000000000000000000e+00,0.000000000000000000e+00,0.000000000000000000e+00,1.418674094488141944e-05,1.933462689962396727e-04,3.750230081444309751e-04,5.570522297529014290e-04,7.373143435133212853e-04,9.137910606503978506e-04,1.084617870428884311e-03,1.248127923927002097e-03,1.485225163476440458e-03,2.219383604381071351e-03,2.677697048778647504e-03,2.851699200168389316e-03,2.771545599043156918e-03,2.495028830318512560e-03,2.100745004280224395e-03,2.176249174242177870e-03,9.917119546692435526e-04,1.342501101534673965e-03,1.515882647227019889e-03,1.473187459153015022e-03,1.202163043974390985e-03,7.211505472675201929e-04,7.837466207795615856e-05,0.000000000000000000e+00,0.000000000000000000e+00,0.000000000000000000e+00,0.000000000000000000e+00,0.000000000000000000e+00,0.000000000000000000e+00,0.000000000000000000e+00,0.000000000000000000e+00,0.000000000000000000e+00,0.000000000000000000e+00,0.000000000000000000e+00,0.000000000000000000e+00,0.000000000000000000e+00,1.613853489137089068e-04,2.843434324876691023e-04,2.409935126422823313e-04,1.140717642606859863e-04,4.091193109761224545e-04,8.044911198891016363e-04,1.122966701908128390e-03,1.351749317743527849e-03,1.494922377562904426e-03,1.572794251605540627e-03,1.617002682921197436e-03,1.663437960365404854e-03,1.745717183681495940e-03,1.891332328538563451e-03,2.120881964318354143e-03,2.448925292727295762e-03,1.309189337742281507e-03,1.260145761024406962e-03,1.204416724381671870e-03,1.140358611853148395e-03,1.066406128281199026e-03,9.811368791056256089e-04,8.833355071770960685e-04,7.720481620341870712e-04,6.466312700898327109e-04,5.067859849999937268e-04,3.653137429403516853e-04,2.720804624147101034e-04,9.346541142649718737e-05,0.000000000000000000e+00,0.000000000000000000e+00,0.000000000000000000e+00,0.000000000000000000e+00,0.000000000000000000e+00,0.000000000000000000e+00,0.000000000000000000e+00,0.000000000000000000e+00,0.000000000000000000e+00,0.000000000000000000e+00,0.000000000000000000e+00,0.000000000000000000e+00,0.000000000000000000e+00,0.000000000000000000e+00,0.000000000000000000e+00,0.000000000000000000e+00,0.000000000000000000e+00,0.000000000000000000e+00,0.000000000000000000e+00,0.000000000000000000e+00,0.000000000000000000e+00,0.000000000000000000e+00,0.000000000000000000e+00,0.000000000000000000e+00,0.000000000000000000e+00,0.000000000000000000e+00,0.000000000000000000e+00,0.000000000000000000e+00,0.000000000000000000e+00,0.000000000000000000e+00,0.000000000000000000e+00,0.000000000000000000e+00,0.000000000000000000e+00,0.000000000000000000e+00,0.000000000000000000e+00,0.000000000000000000e+00,0.000000000000000000e+00,0.000000000000000000e+00,0.000000000000000000e+00,0.000000000000000000e+00,0.000000000000000000e+00,2.334151067380329906e-04,5.073646175632399698e-04,7.722233002893861805e-04,1.025333671927038332e-03,1.264228859558936451e-03,1.486680645497905550e-03,1.690745795885710209e-03,1.874803560599269236e-03,2.037580797684485513e-03,2.178170334406455324e-03,2.296037318453931532e-03,2.391013607159798993e-03,2.463285763020333936e-03,2.513367204608937290e-03,7.184062105372970505e-03,8.421227280557856340e-03,0.000000000000000000e+00,0.000000000000000000e+00,0.000000000000000000e+00,0.000000000000000000e+00,0.000000000000000000e+00,0.000000000000000000e+00,0.000000000000000000e+00,0.000000000000000000e+00,0.000000000000000000e+00,0.000000000000000000e+00,0.000000000000000000e+00,0.000000000000000000e+00,0.000000000000000000e+00,0.000000000000000000e+00,0.000000000000000000e+00,0.000000000000000000e+00,0.000000000000000000e+00,0.000000000000000000e+00,0.000000000000000000e+00,0.000000000000000000e+00,0.000000000000000000e+00,0.000000000000000000e+00,0.000000000000000000e+00,0.000000000000000000e+00,3.265661014585437575e-07,1.980338917936684724e-04,7.564686904767853890e-04,1.422145141344932813e-03,1.990979095847132674e-03,2.404742221705710725e-03,2.631734329593403508e-03,2.668816590681574469e-03,2.535500365428871618e-03,2.262509044814576750e-03,1.879467290923890347e-03,1.406723354941836904e-03,8.544272251027591834e-04,2.285766644375461900e-04,0.000000000000000000e+00,0.000000000000000000e+00,0.000000000000000000e+00,0.000000000000000000e+00,0.000000000000000000e+00,0.000000000000000000e+00,0.000000000000000000e+00,0.000000000000000000e+00,0.000000000000000000e+00,0.000000000000000000e+00,0.000000000000000000e+00,0.000000000000000000e+00,0.000000000000000000e+00,0.000000000000000000e+00,1.739698234784340704e-04,1.264001914349678927e-03,2.317200301883629802e-03,3.232662838643961430e-03,3.905093761515106288e-03,4.240684962951521246e-03,4.174961661603687237e-03,3.688550518769487946e-03,2.816056902892423094e-03,1.644332378628730667e-03,0.000000000000000000e+00,1.286014352113158113e-03,3.131981917547991515e-04,0.000000000000000000e+00,0.000000000000000000e+00,0.000000000000000000e+00,0.000000000000000000e+00,0.000000000000000000e+00,0.000000000000000000e+00,0.000000000000000000e+00,0.000000000000000000e+00,0.000000000000000000e+00,0.000000000000000000e+00,0.000000000000000000e+00,0.000000000000000000e+00,0.000000000000000000e+00,0.000000000000000000e+00,0.000000000000000000e+00,0.000000000000000000e+00,0.000000000000000000e+00,0.000000000000000000e+00,0.000000000000000000e+00,0.000000000000000000e+00,8.734874954566113872e-05,6.255924199751837630e-04,1.150478920926886100e-03,1.631440338762454997e-03,2.050361950154577523e-03,2.401094884168082817e-03,2.684411891017729479e-03,2.901765593074061376e-03,3.051233941674000479e-03,3.127354990875476880e-03,3.124225447572759676e-03,3.039641209449523308e-03,2.877932329248685320e-03,0.000000000000000000e+00,0.000000000000000000e+00,0.000000000000000000e+00,0.000000000000000000e+00,0.000000000000000000e+00,0.000000000000000000e+00,0.000000000000000000e+00,7.984944408626894153e-04,0.000000000000000000e+00,5.123298237649566997e-04,0.000000000000000000e+00,0.000000000000000000e+00,0.000000000000000000e+00,0.000000000000000000e+00,0.000000000000000000e+00,0.000000000000000000e+00,0.000000000000000000e+00,0.000000000000000000e+00,0.000000000000000000e+00,0.000000000000000000e+00,0.000000000000000000e+00,0.000000000000000000e+00,0.000000000000000000e+00,7.490085997368422285e-04,1.681467295910336456e-03,2.560022274125806161e-03,0.000000000000000000e+00,0.000000000000000000e+00,0.000000000000000000e+00,0.000000000000000000e+00,0.000000000000000000e+00,0.000000000000000000e+00,0.000000000000000000e+00,0.000000000000000000e+00,0.000000000000000000e+00,0.000000000000000000e+00
0.000000000000000000e+00,0.000000000000000000e+00,0.000000000000000000e+00,0.000000000000000000e+00,0.000000000000000000e+00,0.000000000000000000e+00,0.000000000000000000e+00,0.000000000000000000e+00,0.000000000000000000e+00,0.000000000000000000e+00,0.000000000000000000e+00,0.000000000000000000e+00,0.000000000000000000e+00,0.000000000000000000e+00,0.000000000000000000e+00,0.000000000000000000e+00,0.000000000000000000e+00,0.000000000000000000e+00,0.000000000000000000e+00,0.000000000000000000e+00,0.000000000000000000e+00,0.000000000000000000e+00,0.000000000000000000e+00,0.000000000000000000e+00,0.000000000000000000e+00,3.513304476309122079e-05,7.719167870934811986e-04,1.327574396495970373e-03,1.761712961998365429e-03,2.135775429128222887e-03,2.486057967556281039e-03,2.809099607197588014e-03,1.046943877188415920e-03,8.274525678722907543e-04,4.993068831855348305e-04,6.514280742114919435e-05,0.000000000000000000e+00,0.000000000000000000e+00,0.000000000000000000e+00,0.000000000000000000e+00,0.000000000000000000e+00,0.000000000000000000e+00,0.000000000000000000e+00,0.000000000000000000e+00,0.000000000000000000e+00,0.000000000000000000e+00,0.000000000000000000e+00,0.000000000000000000e+00,1.771214517572950657e-04,6.115454827367453397e-04,1.070398574131284581e-03,1.544032769045302353e-03,2.010539213443705408e-03,2.440236036382747650e-03,2.803834741767497526e-03,3.081119293079832323e-03,3.267046058314408436e-03,3.373447599787484340e-03,3.426285330098739410e-03,3.750819939128451075e-03,0.000000000000000000e+00,0.000000000000000000e+00,0.000000000000000000e+00,0.000000000000000000e+00,0.000000000000000000e+00,0.000000000000000000e+00,0.000000000000000000e+00,0.000000000000000000e+00,0.000000000000000000e+00,0.000000000000000000e+00,0.000000000000000000e+00,0.000000000000000000e+00,0.000000000000000000e+00,0.000000000000000000e+00,5.508282402446655840e-04,1.315332511862495534e-03,0.000000000000000000e+00,0.000000000000000000e+00,3.370274727892685613e-04,9.562436420247807370e-04,1.532411716930916342e-03,2.010932316392844647e-03,2.337123412383661485e-03,2.464038673629593071e-03,2.361893413961282679e-03,2.025863712365464069e-03,1.479160400002995333e-03,7.700850523115923378e-04,0.000000000000000000e+00,0.000000000000000000e+00,0.000000000000000000e+00,0.000000000000000000e+00,0.000000000000000000e+00,0.000000000000000000e+00,0.000000000000000000e+00,3.684928205150606755e-04,8.782813578970151544e-04,1.356497572170744723e-03,1.744850904072962373e-03,1.994248533487411913e-03,2.077020849139637245e-03,1.994310807604736998e-03,1.775916631594516917e-03,1.472346822043183769e-03,2.002773759398701701e-03,2.522775169398001806e-03,2.935225446996243912e-03,3.208891982745514914e-03,3.318684055087377932e-03,3.251330386191686028e-03,3.008186088374399745e-03,2.604432889720288170e-03,2.065645683791604136e-03,1.423719497101218418e-03,7.139630251869941678e-04,6.439726982240642121e-04,5.704497138453160825e-04,4.850463798626461574e-04,3.880833826437712734e-04,2.799877219155328745e-04,1.612829851594682498e-04,3.257670099872897495e-05,0.000000000000000000e+00,0.000000000000000000e+00,0.000000000000000000e+00,0.000000000000000000e+00,0.000000000000000000e+00,0.000000000000000000e+00,2.164488045895834878e-04,3.712818088069967984e-04,3.193780172161118816e-04,8.949942854106998516e-05,0.000000000000000000e+00,0.000000000000000000e+00,0.000000000000000000e+00,0.000000000000000000e+00,0.000000000000000000e+00,0.000000000000000000e+00,0.000000000000000000e+00,0.000000000000000000e+00,0.000000000000000000e+00,0.000000000000000000e+00,0.000000000000000000e+00,0.000000000000000000e+00,0.000000000000000000e+00,0.000000000000000000e+00,0.000000000000000000e+00,0.000000000000000000e+00,0.000000000000000000e+00,0.000000000000000000e+00,0.000000000000000000e+00,0.000000000000000000e+00,0.000000000000000000e+00,0.000000000000000000e+00,0.000000000000000000e+00,0.000000000000000000e+00,0.000000000000000000e+00,0.000000000000000000e+00,0.000000000000000000e+00,0.000000000000000000e+00,0.000000000000000000e+00,0.000000000000000000e+00,0.000000000000000000e+00,0.000000000000000000e+00,0.000000000000000000e+00,0.000000000000000000e+00,0.000000000000000000e+00,0.000000000000000000e+00,0.000000000000000000e+00,0.000000000000000000e+00,0.000000000000000000e+00,0.000000000000000000e+00,0.000000000000000000e+00,7.317602340498010791e-05,6.485132019010019693e-04,1.181017966511496622e-03,1.634293083043920902e-03,1.963137988826456695e-03,2.124058891971409343e-03,2.087378633504933384e-03,1.847801815782300697e-03,1.430211242930175567e-03,8.882548823504984349e-04,2.951269298335355731e-04,0.000000000000000000e+00,0.000000000000000000e+00,0.000000000000000000e+00,0.000000000000000000e+00,0.000000000000000000e+00,0.000000000000000000e+00,0.000000000000000000e+00,0.000000000000000000e+00,0.000000000000000000e+00,0.000000000000000000e+00,0.000000000000000000e+00,0.000000000000000000e+00,0.000000000000000000e+00,0.000000000000000000e+00,0.000000000000000000e+00,0.000000000000000000e+00,0.000000000000000000e+00,0.000000000000000000e+00,0.000000000000000000e+00,0.000000000000000000e+00,0.000000000000000000e+00,0.000000000000000000e+00,0.000000000000000000e+00,0.000000000000000000e+00,0.000000000000000000e+00,0.000000000000000000e+00,0.000000000000000000e+00,0.000000000000000000e+00,0.000000000000000000e+00,0.000000000000000000e+00,0.000000000000000000e+00,0.000000000000000000e+00,3.362104356406809538e-04,1.165328428100091164e-03,1.909561320272811251e-03,2.545381890609120946e-03,3.490153203702042392e-03,0.000000000000000000e+00,0.000000000000000000e+00,0.000000000000000000e+00,0.000000000000000000e+00,0.000000000000000000e+00,0.000000000000000000e+00,0.000000000000000000e+00,0.000000000000000000e+00,0.000000000000000000e+00,0.000000000000000000e+00,0.000000000000000000e+00,4.113492780641268132e-05,5.529163887186975060e-04,0.000000000000000000e+00,3.339032235849283541e-05,4.003688893970879051e-05,0.000000000000000000e+00,4.636983724760651327e-05,4.523217050997336539e-05,4.709735580643347797e-04,0.000000000000000000e+00,0.000000000000000000e+00,1.700858035496772593e-04,3.659779035711414885e-04,0.000000000000000000e+00,0.000000000000000000e+00,0.000000000000000000e+00,0.000000000000000000e+00,0.000000000000000000e+00,0.000000000000000000e+00,0.000000000000000000e+00,0.000000000000000000e+00,0.000000000000000000e+00,0.000000000000000000e+00,0.000000000000000000e+00,0.000000000000000000e+00,0.000000000000000000e+00,0.000000000000000000e+00,0.000000000000000000e+00,0.000000000000000000e+00,0.000000000000000000e+00,0.000000000000000000e+00,0.000000000000000000e+00,0.000000000000000000e+00,0.000000000000000000e+00,0.000000000000000000e+00,0.000000000000000000e+00,0.000000000000000000e+00,0.000000000000000000e+00,0.000000000000000000e+00,0.000000000000000000e+00,0.000000000000000000e+00,0.000000000000000000e+00,0.000000000000000000e+00,0.000000000000000000e+00,0.000000000000000000e+00,0.000000000000000000e+00,3.840303228873077259e-06,0.000000000000000000e+00,0.000000000000000000e+00,0.000000000000000000e+00,0.000000000000000000e+00,0.000000000000000000e+00,0.000000000000000000e+00,0.000000000000000000e+00,0.000000000000000000e+00,0.000000000000000000e+00,0.000000000000000000e+00,0.000000000000000000e+00,0.000000000000000000e+00,0.000000000000000000e+00,0.000000000000000000e+00,0.000000000000000000e+00,0.000000000000000000e+00,0.000000000000000000e+00,0.000000000000000000e+00,0.000000000000000000e+00,3.031825604490084760e-04,1.004293319769625345e-03,1.689865891563212827e-03,0.000000000000000000e+00,0.000000000000000000e+00,0.000000000000000000e+00,0.000000000000000000e+00,0.000000000000000000e+00,0.000000000000000000e+00,0.000000000000000000e+00,0.000000000000000000e+00,0.000000000000000000e+00,0.000000000000000000e+00,0.000000000000000000e+00,0.000000000000000000e+00,0.000000000000000000e+00,0.000000000000000000e+00,0.000000000000000000e+00,0.000000000000000000e+00,0.000000000000000000e+00,0.000000000000000000e+00,0.000000000000000000e+00,0.000000000000000000e+00,0.000000000000000000e+00,0.000000000000000000e+00,0.000000000000000000e+00,0.000000000000000000e+00,0.000000000000000000e+00,0.000000000000000000e+00,0.000000000000000000e+00,4.190683023065025102e-04,7.370566750487809104e-04,9.082837426535848597e-04,9.929502555839867396e-04,0.000000000000000000e+00,0.000000000000000000e+00,0.000000000000000000e+00,3.554078994057266634e-03,0.000000000000000000e+00,0.000000000000000000e+00,0.000000000000000000e+00,0.000000000000000000e+00,0.000000000000000000e+00,0.000000000000000000e+00,0.000000000000000000e+00,0.000000000000000000e+00,0.000000000000000000e+00,0.000000000000000000e+00,0.000000000000000000e+00,0.000000000000000000e+00,0.000000000000000000e+00,0.000000000000000000e+00,4.461636235591109933e-05,5.905101316136840721e-04,9.682775018434703436e-04,1.146989490335000852e-03,1.113416692186185207e-03,8.724640091546262627e-04,4.441090434800648037e-04,0.000000000000000000e+00,0.000000000000000000e+00,0.000000000000000000e+00,0.000000000000000000e+00,2.434946763961991250e-05,6.216065084568765621e-04,1.077063435308273217e-03,1.377502888837711399e-03,1.539314631894836546e-03,1.604706708680163612e-03,1.632643163967715735e-03,1.686091924350081959e-03,1.817950386851964993e-03,2.058587097610637632e-03,2.408004726127451617e-03,2.834950427912599595e-03,3.283684705175354563e-03,3.686962359320270811e-03,3.981799382764877361e-03,4.123710514066267901e-03,4.095718556556902055e-03,3.910373620483259365e-03,3.605313092964206392e-03,3.234533791773823094e-03,2.857966814100216472e-03,2.531375453035284839e-03,2.297791184643779849e-03,2.181329854239479147e-03,2.184327152985782259e-03,2.288686853850489724e-03,2.461588721273783986e-03,2.664171258676789524e-03,2.860358306606448908e-03,3.022648022787950955e-03,3.133013746611127987e-03,3.179444655184732876e-03,3.150789061404696192e-03,3.033113113482285676e-03,2.809519615469798729e-03,2.463151673492301654e-03,1.981439372190238902e-03,1.359456578674433230e-03,6.015059666681476635e-04
2.698214191332883923e-07,5.288584427720260722e-04,9.891719360490206902e-04,1.364968259761138638e-03,1.644180166530639399e-03,1.820060469302386096e-03,1.892673450652265386e-03,1.867996503459651162e-03,1.754272913061218726e-03,1.557027271495370346e-03,1.274945250371657202e-03,8.982972808509285005e-04,4.105569996544859430e-04,0.000000000000000000e+00,0.000000000000000000e+00,0.000000000000000000e+00,0.000000000000000000e+00,0.000000000000000000e+00,0.000000000000000000e+00,0.000000000000000000e+00,0.000000000000000000e+00,0.000000000000000000e+00,0.000000000000000000e+00,0.000000000000000000e+00,0.000000000000000000e+00,0.000000000000000000e+00,0.000000000000000000e+00,0.000000000000000000e+00,0.000000000000000000e+00,0.000000000000000000e+00,0.000000000000000000e+00,0.000000000000000000e+00,4.326914281959938209e-04,1.780103332649369966e-03,3.154022893949202239e-03,4.527222969841788493e-03,0.000000000000000000e+00,0.000000000000000000e+00,0.000000000000000000e+00,0.000000000000000000e+00,0.000000000000000000e+00,0.000000000000000000e+00,0.000000000000000000e+00,0.000000000000000000e+00,0.000000000000000000e+00,1.268317294774995571e-03,1.787414411134615909e-03,1.561277024246093869e-03,0.000000000000000000e+00,0.000000000000000000e+00,0.000000000000000000e+00,8.675728005501675731e-05,6.464032247005763263e-04,1.213821038524633697e-03,1.701050481407911756e-03,1.999025025451322234e-03,2.001657302878982747e-03,1.632951801307533889e-03,8.696846285576090817e-04,0.000000000000000000e+00,0.000000000000000000e+00,0.000000000000000000e+00,0.000000000000000000e+00,0.000000000000000000e+00,0.000000000000000000e+00,0.000000000000000000e+00,0.000000000000000000e+00,0.000000000000000000e+00,0.000000000000000000e+00,0.000000000000000000e+00,3.417663720140989088e-04,6.481006951888919993e-04,6.176859049926315941e-04,2.591508690819464204e-04,0.000000000000000000e+00,0.000000000000000000e+00,0.000000000000000000e+00,0.000000000000000000e+00,0.000000000000000000e+00,0.000000000000000000e+00,0.000000000000000000e+00,0.000000000000000000e+00,0.000000000000000000e+00,0.000000000000000000e+00,0.000000000000000000e+00,0.000000000000000000e+00,0.000000000000000000e+00,0.000000000000000000e+00,0.000000000000000000e+00,0.000000000000000000e+00,0.000000000000000000e+00,0.000000000000000000e+00,0.000000000000000000e+00,0.000000000000000000e+00,0.000000000000000000e+00,0.000000000000000000e+00,0.000000000000000000e+00,0.000000000000000000e+00,0.000000000000000000e+00,0.000000000000000000e+00,0.000000000000000000e+00,0.000000000000000000e+00,0.000000000000000000e+00,0.000000000000000000e+00,0.000000000000000000e+00,0.000000000000000000e+00,0.000000000000000000e+00,0.000000000000000000e+00,0.000000000000000000e+00,0.000000000000000000e+00,0.000000000000000000e+00,0.000000000000000000e+00,0.000000000000000000e+00,0.000000000000000000e+00,0.000000000000000000e+00,0.000000000000000000e+00,0.000000000000000000e+00,0.000000000000000000e+00,0.000000000000000000e+00,0.000000000000000000e+00,0.000000000000000000e+00,0.000000000000000000e+00,0.000000000000000000e+00,0.000000000000000000e+00,0.000000000000000000e+00,0.000000000000000000e+00,0.000000000000000000e+00,0.000000000000000000e+00,0.000000000000000000e+00,0.000000000000000000e+00,0.000000000000000000e+00,0.000000000000000000e+00,0.000000000000000000e+00,0.000000000000000000e+00,0.000000000000000000e+00,0.000000000000000000e+00,0.000000000000000000e+00,0.000000000000000000e+00,0.000000000000000000e+00,0.000000000000000000e+00,0.000000000000000000e+00,0.000000000000000000e+00,0.000000000000000000e+00,0.000000000000000000e+00,0.000000000000000000e+00,0.000000000000000000e+00,0.000000000000000000e+00,0.000000000000000000e+00,0.000000000000000000e+00,0.000000000000000000e+00,0.000000000000000000e+00,0.000000000000000000e+00,0.000000000000000000e+00,0.000000000000000000e+00,0.000000000000000000e+00,0.000000000000000000e+00,0.000000000000000000e+00,0.000000000000000000e+00,1.074342291023132399e-04,5.254951184417544063e-04,6.577638932083271911e-04,5.186130456608294094e-04,1.694906770575752117e-04,0.000000000000000000e+00,0.000000000000000000e+00,0.000000000000000000e+00,0.000000000000000000e+00,0.000000000000000000e+00,0.000000000000000000e+00,0.000000000000000000e+00,0.000000000000000000e+00,0.000000000000000000e+00,0.000000000000000000e+00,0.000000000000000000e+00,0.000000000000000000e+00,0.000000000000000000e+00,0.000000000000000000e+00,0.000000000000000000e+00,0.000000000000000000e+00,9.080549299528651924e-04,1.832772053844495142e-03,2.520458244812767441e-03,2.932738898348817916e-03,3.054963034392124514e-03,2.898695606573514251e-03,2.502003605340846499e-03,1.926087608233700973e-03,1.247362719931614447e-03,5.455844408320551040e-04,0.000000000000000000e+00,0.000000000000000000e+00,0.000000000000000000e+00,0.000000000000000000e+00,0.000000000000000000e+00,0.000000000000000000e+00,0.000000000000000000e+00,0.000000000000000000e+00,0.000000000000000000e+00,0.000000000000000000e+00,0.000000000000000000e+00,0.000000000000000000e+00,1.187067828652113897e-04,2.211598190452628335e-04,3.047978458144087353e-04,3.687334834404002826e-04,4.383029986468428519e-04,1.020126567458469208e-03,1.498414222806079138e-03,1.809957411438494878e-03,1.910807608104652831e-03,1.784253648463085063e-03,1.441335054645571023e-03,9.141526870533027037e-04,2.452339339618005588e-04,0.000000000000000000e+00,0.000000000000000000e+00,0.000000000000000000e+00,0.000000000000000000e+00,0.000000000000000000e+00,0.000000000000000000e+00,0.000000000000000000e+00,0.000000000000000000e+00,0.000000000000000000e+00,0.000000000000000000e+00,0.000000000000000000e+00,0.000000000000000000e+00,0.000000000000000000e+00,0.000000000000000000e+00,0.000000000000000000e+00,0.000000000000000000e+00,0.000000000000000000e+00,0.000000000000000000e+00,0.000000000000000000e+00,0.000000000000000000e+00,0.000000000000000000e+00,0.000000000000000000e+00,0.000000000000000000e+00,0.000000000000000000e+00,0.000000000000000000e+00,0.000000000000000000e+00,0.000000000000000000e+00,0.000000000000000000e+00,0.000000000000000000e+00,0.000000000000000000e+00,0.000000000000000000e+00,0.000000000000000000e+00,8.424431199741686319e-05,1.191506159694727873e-03,2.189515216340855337e-03,2.989668831598462414e-03,3.515808721278238565e-03,3.711533483631391378e-03,3.546634239624827257e-03,3.022076981306982130e-03,2.172454770919654381e-03,1.064430416047404968e-03,0.000000000000000000e+00,0.000000000000000000e+00,0.000000000000000000e+00,0.000000000000000000e+00,0.000000000000000000e+00,0.000000000000000000e+00,0.000000000000000000e+00,0.000000000000000000e+00,0.000000000000000000e+00,0.000000000000000000e+00,0.000000000000000000e+00,4.025879907225746908e-06,1.165391171982304479e-03,7.672836163200693130e-03,0.000000000000000000e+00,0.000000000000000000e+00,0.000000000000000000e+00,0.000000000000000000e+00,0.000000000000000000e+00,0.000000000000000000e+00,0.000000000000000000e+00,0.000000000000000000e+00,0.000000000000000000e+00,0.000000000000000000e+00,0.000000000000000000e+00,0.000000000000000000e+00,0.000000000000000000e+00,0.000000000000000000e+00,0.000000000000000000e+00,5.751246727472488403e-06,3.238167788305185580e-03,1.841125793635678539e-03,0.000000000000000000e+00,0.000000000000000000e+00,5.883537762660635102e-05,8.169018942358067994e-04,1.476641235483562662e-03,1.975058348568514352e-03,2.283117478135030572e-03,2.403514400583449048e-03,2.359979349262076188e-03,2.180868489478457201e-03,1.882512191375650167e-03,1.458996098430253262e-03,8.835025246968618989e-04,1.838088384930636502e-04,0.000000000000000000e+00,0.000000000000000000e+00,0.000000000000000000e+00,0.000000000000000000e+00,0.000000000000000000e+00,0.000000000000000000e+00,0.000000000000000000e+00,0.000000000000000000e+00,0.000000000000000000e+00,9.147275016002746071e-05,2.319474670145675415e-04,3.610707723841136553e-04,4.786104857173471751e-04,5.845180625773619288e-04,6.789117302759307970e-04,7.620565179587979188e-04,8.343401390979214788e-04,8.962488156716751564e-04,1.020379092347695540e-03,1.356966809238459477e-03,1.559712547037668410e-03,1.676265083253109401e-03,1.749646439736472596e-03,1.807393592727644114e-03,1.858254827477756393e-03,1.897180085456563747e-03,1.915756024416404892e-03,1.912848461870730876e-03,1.900156785662107488e-03,1.899838351437716216e-03,0.000000000000000000e+00,0.000000000000000000e+00,0.000000000000000000e+00,0.000000000000000000e+00,0.000000000000000000e+00,0.000000000000000000e+00,0.000000000000000000e+00,0.000000000000000000e+00,0.000000000000000000e+00,0.000000000000000000e+00,0.000000000000000000e+00,1.949287381488381751e-03,7.559953947109757924e-04,1.195620012183444460e-03,1.290322041381532963e-03,0.000000000000000000e+00,0.000000000000000000e+00,0.000000000000000000e+00,0.000000000000000000e+00,0.000000000000000000e+00,0.000000000000000000e+00,0.000000000000000000e+00,0.000000000000000000e+00,0.000000000000000000e+00,0.000000000000000000e+00,0.000000000000000000e+00,0.000000000000000000e+00,0.000000000000000000e+00,0.000000000000000000e+00,0.000000000000000000e+00,0.000000000000000000e+00,0.000000000000000000e+00,0.000000000000000000e+00,0.000000000000000000e+00,0.000000000000000000e+00,3.480090285593418300e-04,1.374836665647026371e-03,2.495347890947406319e-03,3.710554009311562394e-03,4.998999633420615069e-03,6.306735559090235858e-03,0.000000000000000000e+00,0.000000000000000000e+00,0.000000000000000000e+00,0.000000000000000000e+00,0.000000000000000000e+00,0.000000000000000000e+00,0.000000000000000000e+00,0.000000000000000000e+00,0.000000000000000000e+00,0.000000000000000000e+00,0.000000000000000000e+00,0.000000000000000000e+00,0.000000000000000000e+00,3.194983952594542074e-03,0.000000000000000000e+00,2.445065493753399016e-03,0.000000000000000000e+00,0.000000000000000000e+00,0.000000000000000000e+00,0.000000000000000000e+00,0.000000000000000000e+00,0.000000000000000000e+00,0.000000000000000000e+00,0.000000000000000000e+00,1.642291604048540504e-03,3.513819965343523057e-03,3.608658384239609362e-05
7.833719767682651572e-08,7.095689626177317756e-04,1.771978249864170486e-04,0.000000000000000000e+00,3.469176036019303022e-03,0.000000000000000000e+00,0.000000000000000000e+00,2.508394901819809854e-04,1.843129478452140799e-04,8.198840366374837360e-04,1.991755281561857598e-03,0.000000000000000000e+00,0.000000000000000000e+00,0.000000000000000000e+00,0.000000000000000000e+00,0.000000000000000000e+00,0.000000000000000000e+00,0.000000000000000000e+00,0.000000000000000000e+00,0.000000000000000000e+00,0.000000000000000000e+00,8.271509336982678655e-05,1.652297169530427944e-03,0.000000000000000000e+00,0.000000000000000000e+00,0.000000000000000000e+00,0.000000000000000000e+00,2.129168104094234665e-04,3.341614799710939309e-04,2.042940632045981233e-04,0.000000000000000000e+00,0.000000000000000000e+00,0.000000000000000000e+00,0.000000000000000000e+00,0.000000000000000000e+00,0.000000000000000000e+00,0.000000000000000000e+00,0.000000000000000000e+00,0.000000000000000000e+00,0.000000000000000000e+00,0.000000000000000000e+00,0.000000000000000000e+00,0.000000000000000000e+00,0.000000000000000000e+00,0.000000000000000000e+00,0.000000000000000000e+00,0.000000000000000000e+00,0.000000000000000000e+00,0.000000000000000000e+00,3.283915383787459701e-04,1.611799543458528527e-03,2.824726235999488241e-03,3.872565392622292439e-03,4.675290804291777624e-03,5.172684059623508697e-03,5.326906824622674140e-03,5.123652095856075055e-03,4.573475592192703318e-03,3.714168776670954009e-03,2.613332306482873697e-03,1.368501687310716636e-03,1.328958182628452384e-03,1.439398504973890113e-03,1.528850598669735314e-03,1.597413106243720637e-03,1.645313183689286465e-03,4.370618821004830686e-03,4.951263163792850829e-03,0.000000000000000000e+00,0.000000000000000000e+00,0.000000000000000000e+00,0.000000000000000000e+00,0.000000000000000000e+00,0.000000000000000000e+00,1.006438136768706917e-04,4.585257847882146030e-04,7.349314230406969566e-04,9.119780350145191995e-04,0.000000000000000000e+00,0.000000000000000000e+00,0.000000000000000000e+00,2.213029081751799378e-03,0.000000000000000000e+00,0.000000000000000000e+00,0.000000000000000000e+00,0.000000000000000000e+00,0.000000000000000000e+00,0.000000000000000000e+00,0.000000000000000000e+00,0.000000000000000000e+00,0.000000000000000000e+00,0.000000000000000000e+00,0.000000000000000000e+00,0.000000000000000000e+00,0.000000000000000000e+00,0.000000000000000000e+00,0.000000000000000000e+00,0.000000000000000000e+00,0.000000000000000000e+00,0.000000000000000000e+00,0.000000000000000000e+00,2.267495643926130150e-04,7.109446924939959861e-04,1.160564569760659656e-03,1.462370216461669715e-03,1.516801551893182326e-03,1.263612072214531125e-03,6.963020959169089526e-04,0.000000000000000000e+00,0.000000000000000000e+00,0.000000000000000000e+00,0.000000000000000000e+00,0.000000000000000000e+00,0.000000000000000000e+00,0.000000000000000000e+00,0.000000000000000000e+00,0.000000000000000000e+00,0.000000000000000000e+00,0.000000000000000000e+00,0.000000000000000000e+00,0.000000000000000000e+00,0.000000000000000000e+00,0.000000000000000000e+00,0.000000000000000000e+00,0.000000000000000000e+00,0.000000000000000000e+00,0.000000000000000000e+00,0.000000000000000000e+00,5.021038135501496111e-04,1.192928169780743284e-03,1.724625203551144069e-03,2.086407525681941745e-03,2.283393488857041968e-03,2.325427617247812894e-03,2.219019750077429014e-03,1.965686662896754758e-03,1.566102910817324329e-03,1.026518228083881778e-03,3.634113805512306718e-04,0.000000000000000000e+00,0.000000000000000000e+00,2.519588278976863218e-04,1.081127047069642974e-03,1.850457880028705737e-03,2.482361793920188475e-03,2.918116609451451657e-03,3.122015935449965873e-03,3.082356417056252452e-03,2.810151963229720693e-03,2.335854706940652774e-03,1.704070494069244521e-03,9.665582353332992458e-04,1.746129510208199438e-04,0.000000000000000000e+00,0.000000000000000000e+00,0.000000000000000000e+00,0.000000000000000000e+00,0.000000000000000000e+00,1.513610214144969421e-04,5.411999605378740863e-04,8.209388505598590961e-04,9.731673096728720232e-04,9.868110948821789182e-04,8.620719795360384970e-04,6.140721061161808500e-04,2.735094413994632176e-04,0.000000000000000000e+00,0.000000000000000000e+00,0.000000000000000000e+00,0.000000000000000000e+00,0.000000000000000000e+00,0.000000000000000000e+00,2.680999207728718657e-03,1.509958999584676146e-03,0.000000000000000000e+00,0.000000000000000000e+00,0.000000000000000000e+00,2.256290737872468992e-05,5.533527135636865562e-04,1.054014360318444822e-03,1.527453693627667036e-03,1.980270877995490234e-03,2.418463954549184523e-03,2.842790818357744838e-03,3.244793883020102507e-03,3.604546024341348087e-03,3.891028410179156634e-03,4.065688611163546448e-03,4.089079585674201649e-03,3.929535584017178861e-03,3.571789514957098358e-03,3.022822715077055390e-03,2.312564543309840286e-03,1.488658234930072700e-03,6.067471326042476066e-04,9.641853509618631942e-04,1.785258581709629538e-03,2.627581976364982714e-03,6.073484297646590188e-03,0.000000000000000000e+00,0.000000000000000000e+00,0.000000000000000000e+00,0.000000000000000000e+00,0.000000000000000000e+00,0.000000000000000000e+00,0.000000000000000000e+00,0.000000000000000000e+00,0.000000000000000000e+00,0.000000000000000000e+00,0.000000000000000000e+00,0.000000000000000000e+00,0.000000000000000000e+00,0.000000000000000000e+00,0.000000000000000000e+00,5.172674908160903050e-05,6.208144996391133305e-03,1.546870090986809552e-03,0.000000000000000000e+00,0.000000000000000000e+00,0.000000000000000000e+00,0.000000000000000000e+00,0.000000000000000000e+00,0.000000000000000000e+00,0.000000000000000000e+00,0.000000000000000000e+00,0.000000000000000000e+00,3.495505095180013707e-04,8.662340633517636281e-05,1.827134351673683507e-04,2.652340697564610126e-04,3.330060889286036874e-04,8.753584437848590302e-04,1.633477881220269864e-03,2.307779010306821622e-03,0.000000000000000000e+00,0.000000000000000000e+00,0.000000000000000000e+00,0.000000000000000000e+00,0.000000000000000000e+00,0.000000000000000000e+00,0.000000000000000000e+00,0.000000000000000000e+00,0.000000000000000000e+00,0.000000000000000000e+00,0.000000000000000000e+00,0.000000000000000000e+00,0.000000000000000000e+00,0.000000000000000000e+00,0.000000000000000000e+00,0.000000000000000000e+00,0.000000000000000000e+00,0.000000000000000000e+00,0.000000000000000000e+00,0.000000000000000000e+00,1.242329243976213497e-03,6.261760889414440430e-04,0.000000000000000000e+00,1.885766913546284718e-04,6.298762269421851216e-04,1.100122440788032629e-03,1.552534610933374148e-03,1.936631440375056589e-03,2.209186485224523024e-03,2.342570639918791549e-03,0.000000000000000000e+00,0.000000000000000000e+00,0.000000000000000000e+00,0.000000000000000000e+00,0.000000000000000000e+00,0.000000000000000000e+00,0.000000000000000000e+00,0.000000000000000000e+00,0.000000000000000000e+00,0.000000000000000000e+00,0.000000000000000000e+00,0.000000000000000000e+00,0.000000000000000000e+00,0.000000000000000000e+00,0.000000000000000000e+00,0.000000000000000000e+00,0.000000000000000000e+00,0.000000000000000000e+00,0.000000000000000000e+00,0.000000000000000000e+00,0.000000000000000000e+00,0.000000000000000000e+00,0.000000000000000000e+00,0.000000000000000000e+00,0.000000000000000000e+00,0.000000000000000000e+00,0.000000000000000000e+00,0.000000000000000000e+00,0.000000000000000000e+00,0.000000000000000000e+00,0.000000000000000000e+00,0.000000000000000000e+00,0.000000000000000000e+00,0.000000000000000000e+00,0.000000000000000000e+00,0.000000000000000000e+00,0.000000000000000000e+00,0.000000000000000000e+00,0.000000000000000000e+00,0.000000000000000000e+00,0.000000000000000000e+00,0.000000000000000000e+00,0.000000000000000000e+00,0.000000000000000000e+00,0.000000000000000000e+00,0.000000000000000000e+00,0.000000000000000000e+00,0.000000000000000000e+00,0.000000000000000000e+00,0.000000000000000000e+00,0.000000000000000000e+00,0.000000000000000000e+00,0.000000000000000000e+00,0.000000000000000000e+00,0.000000000000000000e+00,0.000000000000000000e+00,0.000000000000000000e+00,0.000000000000000000e+00,0.000000000000000000e+00,0.000000000000000000e+00,0.000000000000000000e+00,0.000000000000000000e+00,0.000000000000000000e+00,0.000000000000000000e+00,0.000000000000000000e+00,0.000000000000000000e+00,0.000000000000000000e+00,0.000000000000000000e+00,0.000000000000000000e+00,0.000000000000000000e+00,6.347528465313757970e-05,1.255810540323690086e-03,2.491124592897037398e-03,3.642491913918517992e-03,2.987163697784821822e-03,3.042116713520471097e-03,2.966413475917106714e-03,2.765997349694586729e-03,2.457258586022451844e-03,2.069530508772039670e-03,1.648492836226298375e-03,1.257331805339138246e-03,9.725568174955104847e-04,8.731723474169223462e-04,1.024493796580809362e-03,1.460307053017687344e-03,2.168381966255465004e-03,3.084135775091910361e-03,4.095546633513611617e-03,5.059521538034065201e-03,5.826659208882546334e-03,6.268690995625015965e-03,6.301932466814475636e-03,5.901338987042775534e-03,5.102753670519865128e-03,3.994359982463431200e-03,2.700677028869289623e-03,1.362896687195533493e-03,4.063105541574176579e-04,1.104912447031333386e-03,1.827497717001159159e-03,2.528955438610051322e-03,3.165764429505017654e-03,3.700831445301156104e-03,4.105136586491295314e-03,4.357836072557798660e-03,4.446771651695155710e-03,4.370222285515895644e-03,4.139138699195151969e-03,3.778046138547566397e-03,3.323008646168995172e-03,2.816371867854783936e-03,2.299563390280610041e-03,1.806201082713165861e-03,1.357616047846249606e-03,9.619060608566694240e-04,6.163011746528646332e-04,3.115213059643649426e-04,3.619608765958714629e-05,0.000000000000000000e+00,0.000000000000000000e+00,0.000000000000000000e+00,0.000000000000000000e+00,0.000000000000000000e+00,0.000000000000000000e+00,0.000000000000000000e+00,0.000000000000000000e+00,0.000000000000000000e+00,0.000000000000000000e+00,0.000000000000000000e+00,0.000000000000000000e+00,4.183628744447598509e-04,6.815410962774695299e-04,7.834474294662136179e-04,8.039567451777472921e-04,8.378507171180998294e-04
0.000000000000000000e+00,1.954038893901005201e-04,5.745660429282204275e-04,1.254961265899349598e-03,1.163967977164618662e-03,1.669525397677022868e-03,2.235575161692850144e-03,2.799437301731418602e-03,3.284985867644177240e-03,3.620744441096069351e-03,3.756011973960414127e-03,3.670429324397218515e-03,3.375057784719442521e-03,2.905854605670087250e-03,2.312377530590443552e-03,1.645359464658514024e-03,9.463773309773852380e-04,2.418402738265872749e-04,0.000000000000000000e+00,0.000000000000000000e+00,0.000000000000000000e+00,0.000000000000000000e+00,0.000000000000000000e+00,0.000000000000000000e+00,0.000000000000000000e+00,0.000000000000000000e+00,0.000000000000000000e+00,0.000000000000000000e+00,0.000000000000000000e+00,7.456827763428534818e-05,1.902748331554647186e-04,2.971951787145786072e-04,3.932010821663604449e-04,4.763049312871800618e-04,5.446883136751169002e-04,5.967375563980411007e-04,6.310724309676674689e-04,6.465738394013328429e-04,6.424113193923871711e-04,6.180648993527554456e-04,5.733493156271211345e-04,5.754840586222264524e-04,8.203845189222442160e-04,1.031372256319599244e-03,1.199835197255457418e-03,1.337825061233101007e-03,1.477781025829048162e-03,1.664404341445417700e-03,1.941092191267434781e-03,2.335295297668898897e-03,2.847637592777639559e-03,3.448436329468250894e-03,4.082686268911404730e-03,4.681569323853559429e-03,5.176297973113411742e-03,5.509611455892558275e-03,5.641760706309977523e-03,5.550661576015366618e-03,5.228620743745394928e-03,4.679305970356290034e-03,3.917737131056859938e-03,3.124441021196028810e-03,3.768140691459693006e-03,4.396358076922634445e-03,4.964510014252676399e-03,5.434842645389024833e-03,5.778073449265036521e-03,5.970306651059008665e-03,5.988425771563490527e-03,5.808403612832063918e-03,5.409741625241223408e-03,6.215241314758339873e-03,6.077656384359407006e-03,0.000000000000000000e+00,0.000000000000000000e+00,0.000000000000000000e+00,0.000000000000000000e+00,0.000000000000000000e+00,1.554991809397977549e-04,2.332132273818170881e-04,2.083820992902821981e-04,0.000000000000000000e+00,7.383752690564707513e-05,3.107115703252861030e-04,7.684371420223260439e-04,6.730831638958579242e-04,1.093504772990859389e-03,1.613701905641384306e-03,2.219099292557005949e-03,2.861783345180212660e-03,3.469188667610638432e-03,3.958362962095671352e-03,4.250244961871508902e-03,4.280493522042461141e-03,4.006658006243812506e-03,3.413724405853440190e-03,2.520063096622285163e-03,1.383533824789353510e-03,1.046006200927535745e-04,0.000000000000000000e+00,0.000000000000000000e+00,0.000000000000000000e+00,0.000000000000000000e+00,0.000000000000000000e+00,0.000000000000000000e+00,0.000000000000000000e+00,0.000000000000000000e+00,1.096697053927101276e-03,2.440582724708493904e-03,3.541639962411839530e-03,4.276535002283655615e-03,4.573142675306750282e-03,4.417038158283861579e-03,3.851439026389212768e-03,2.970265037903237117e-03,1.904406204653791507e-03,8.024120620689734022e-04,0.000000000000000000e+00,9.605357570649752626e-04,4.154381308400678652e-03,5.540235407082801837e-04,0.000000000000000000e+00,0.000000000000000000e+00,0.000000000000000000e+00,1.485907524878932705e-04,0.000000000000000000e+00,0.000000000000000000e+00,0.000000000000000000e+00,0.000000000000000000e+00,0.000000000000000000e+00,0.000000000000000000e+00,0.000000000000000000e+00,0.000000000000000000e+00,0.000000000000000000e+00,0.000000000000000000e+00,0.000000000000000000e+00,0.000000000000000000e+00,0.000000000000000000e+00,0.000000000000000000e+00,0.000000000000000000e+00,0.000000000000000000e+00,0.000000000000000000e+00,2.877101780301740395e-04,9.256987467344721891e-04,1.559908240366846910e-03,3.202123733763903015e-04,0.000000000000000000e+00,0.000000000000000000e+00,0.000000000000000000e+00,0.000000000000000000e+00,0.000000000000000000e+00,1.057056806596860766e-04,2.623950323439590109e-04,4.314186464939180057e-04,6.105347444825461739e-04,7.974194642893991936e-04,9.897276972761881019e-04,1.185146096348699404e-03,1.381439202856079955e-03,1.576488214420856526e-03,1.768318665815175406e-03,1.955121822873811827e-03,2.135266823192552132e-03,2.307306057402712211e-03,2.469973449955679794e-03,2.622179226483871244e-03,0.000000000000000000e+00,0.000000000000000000e+00,0.000000000000000000e+00,0.000000000000000000e+00,0.000000000000000000e+00,0.000000000000000000e+00,0.000000000000000000e+00,0.000000000000000000e+00,3.303140154651593678e-05,1.056332349163777639e-03,2.008230516445919621e-03,4.261212741146301781e-03,0.000000000000000000e+00,0.000000000000000000e+00,0.000000000000000000e+00,0.000000000000000000e+00,0.000000000000000000e+00,0.000000000000000000e+00,0.000000000000000000e+00,0.000000000000000000e+00,0.000000000000000000e+00,0.000000000000000000e+00,0.000000000000000000e+00,0.000000000000000000e+00,0.000000000000000000e+00,2.685044923481472536e-04,1.084315918724973243e-03,1.709280470760956780e-03,2.041007872930579014e-03,2.011218903160803904e-03,1.603572002244071622e-03,8.585263673393057557e-04,0.000000000000000000e+00,0.000000000000000000e+00,0.000000000000000000e+00,0.000000000000000000e+00,0.000000000000000000e+00,0.000000000000000000e+00,0.000000000000000000e+00,0.000000000000000000e+00,0.000000000000000000e+00,0.000000000000000000e+00,0.000000000000000000e+00,0.000000000000000000e+00,0.000000000000000000e+00,0.000000000000000000e+00,0.000000000000000000e+00,0.000000000000000000e+00,0.000000000000000000e+00,0.000000000000000000e+00,0.000000000000000000e+00,0.000000000000000000e+00,0.000000000000000000e+00,0.000000000000000000e+00,0.000000000000000000e+00,0.000000000000000000e+00,0.000000000000000000e+00,0.000000000000000000e+00,0.000000000000000000e+00,0.000000000000000000e+00,0.000000000000000000e+00,0.000000000000000000e+00,0.000000000000000000e+00,0.000000000000000000e+00,0.000000000000000000e+00,0.000000000000000000e+00,0.000000000000000000e+00,0.000000000000000000e+00,0.000000000000000000e+00,0.000000000000000000e+00,0.000000000000000000e+00,0.000000000000000000e+00,0.000000000000000000e+00,4.649002621251573249e-04,0.000000000000000000e+00,0.000000000000000000e+00,0.000000000000000000e+00,0.000000000000000000e+00,0.000000000000000000e+00,0.000000000000000000e+00,0.000000000000000000e+00,0.000000000000000000e+00,0.000000000000000000e+00,0.000000000000000000e+00,0.000000000000000000e+00,0.000000000000000000e+00,0.000000000000000000e+00,0.000000000000000000e+00,0.000000000000000000e+00,0.000000000000000000e+00,0.000000000000000000e+00,0.000000000000000000e+00,0.000000000000000000e+00,0.000000000000000000e+00,2.520648978549263979e-04,1.358085328818279224e-03,2.494415947623911892e-03,3.576834912539782543e-03,0.000000000000000000e+00,0.000000000000000000e+00,0.000000000000000000e+00,0.000000000000000000e+00,1.548177671428207223e-04,1.167768937425522858e-03,0.000000000000000000e+00,0.000000000000000000e+00,0.000000000000000000e+00,0.000000000000000000e+00,2.673006748399893288e-04,3.280606248266627130e-04,1.896730390850779051e-04,0.000000000000000000e+00,0.000000000000000000e+00,0.000000000000000000e+00,0.000000000000000000e+00,8.419817675472767143e-05,5.138982438217038666e-04,1.012857706402767047e-03,1.499290281548436386e-03,1.899641136649917600e-03,2.611256592744846863e-03,3.073826267273722240e-03,3.212378098832088021e-03,3.057855416694204697e-03,2.646201598856442669e-03,2.012400988287710475e-03,0.000000000000000000e+00,0.000000000000000000e+00,0.000000000000000000e+00,0.000000000000000000e+00,0.000000000000000000e+00,4.591708646951270234e-03,7.805642891142634029e-05,4.481402341299300994e-04,0.000000000000000000e+00,0.000000000000000000e+00,0.000000000000000000e+00,7.048895253642388948e-05,0.000000000000000000e+00,0.000000000000000000e+00,2.704489738687910127e-05,3.943241040337937958e-03,9.892074399573882060e-04,2.264990265353322956e-04,3.129762217963016685e-04,3.627420948021222520e-04,1.441460948356182740e-03,2.307904380904215232e-03,2.342751976790583002e-03,2.700234138690828928e-03,2.962711718238512319e-03,0.000000000000000000e+00,0.000000000000000000e+00,0.000000000000000000e+00,0.000000000000000000e+00,0.000000000000000000e+00,0.000000000000000000e+00,0.000000000000000000e+00,0.000000000000000000e+00,0.000000000000000000e+00,0.000000000000000000e+00,0.000000000000000000e+00,0.000000000000000000e+00,0.000000000000000000e+00,0.000000000000000000e+00,1.727968736720676300e-03,0.000000000000000000e+00,0.000000000000000000e+00,0.000000000000000000e+00,0.000000000000000000e+00,0.000000000000000000e+00,0.000000000000000000e+00,0.000000000000000000e+00,0.000000000000000000e+00,0.000000000000000000e+00,0.000000000000000000e+00,0.000000000000000000e+00,0.000000000000000000e+00,0.000000000000000000e+00,0.000000000000000000e+00,0.000000000000000000e+00,0.000000000000000000e+00,0.000000000000000000e+00,0.000000000000000000e+00,0.000000000000000000e+00,0.000000000000000000e+00,0.000000000000000000e+00,0.000000000000000000e+00,0.000000000000000000e+00,0.000000000000000000e+00,0.000000000000000000e+00,5.619227704833754155e-04,0.000000000000000000e+00,0.000000000000000000e+00,0.000000000000000000e+00,0.000000000000000000e+00,0.000000000000000000e+00,0.000000000000000000e+00,0.000000000000000000e+00,0.000000000000000000e+00,0.000000000000000000e+00,0.000000000000000000e+00,0.000000000000000000e+00,0.000000000000000000e+00,0.000000000000000000e+00,0.000000000000000000e+00,0.000000000000000000e+00,0.000000000000000000e+00,0.000000000000000000e+00,0.000000000000000000e+00,0.000000000000000000e+00,0.000000000000000000e+00,0.000000000000000000e+00,0.000000000000000000e+00,0.000000000000000000e+00,0.000000000000000000e+00,0.000000000000000000e+00,0.000000000000000000e+00,0.000000000000000000e+00,4.719620125819243723e-05,4.605736701942632415e-04,7.155026810461433302e-04,7.613374673706444157e-04,5.679338962157027366e-04,1.367889976924872928e-04,0.000000000000000000e+00,0.000000000000000000e+00,0.000000000000000000e+00,0.000000000000000000e+00,0.000000000000000000e+00,0.000000000000000000e+00,0.000000000000000000e+00,0.000000000000000000e+00,0.000000000000000000e+00
1.488389133386758171e-09,5.786994317696453295e-04,0.000000000000000000e+00,0.000000000000000000e+00,0.000000000000000000e+00,0.000000000000000000e+00,0.000000000000000000e+00,0.000000000000000000e+00,0.000000000000000000e+00,0.000000000000000000e+00,0.000000000000000000e+00,0.000000000000000000e+00,0.000000000000000000e+00,0.000000000000000000e+00,1.610727587522736899e-04,9.417135472710940576e-04,1.414837509108872633e-03,0.000000000000000000e+00,0.000000000000000000e+00,0.000000000000000000e+00,0.000000000000000000e+00,0.000000000000000000e+00,2.096544754122688873e-03,8.327886111790727339e-04,1.211699413409982138e-03,1.599528287719861408e-03,1.987505880308349307e-03,2.371969636204273105e-03,2.749405810388510542e-03,3.111475228509014927e-03,0.000000000000000000e+00,0.000000000000000000e+00,0.000000000000000000e+00,0.000000000000000000e+00,0.000000000000000000e+00,0.000000000000000000e+00,0.000000000000000000e+00,0.000000000000000000e+00,0.000000000000000000e+00,0.000000000000000000e+00,0.000000000000000000e+00,1.104123516140707254e-03,2.564488706972774777e-03,3.758179298647838611e-03,4.557900476337059352e-03,4.887229963704844103e-03,4.730048286328155348e-03,4.131224094190103814e-03,3.190057300903481000e-03,2.047946211485097805e-03,8.709960045474103747e-04,0.000000000000000000e+00,0.000000000000000000e+00,0.000000000000000000e+00,0.000000000000000000e+00,0.000000000000000000e+00,0.000000000000000000e+00,6.713930263321613327e-04,1.508377585304135435e-03,2.208017633755537251e-03,2.678319497751936642e-03,2.878358221676657197e-03,2.817384871345370457e-03,2.544737086437937144e-03,2.134842703780418568e-03,1.671567215758396931e-03,1.234965495734220795e-03,8.918325015556826827e-04,7.714825538039376965e-04,9.737149378584746733e-04,1.218335319027892940e-03,1.536334378006636719e-03,1.956647709322431681e-03,6.397518265713962159e-04,9.285064498464004222e-04,1.418905343461217185e-03,2.114148067589923397e-03,2.976864961743353431e-03,0.000000000000000000e+00,0.000000000000000000e+00,0.000000000000000000e+00,0.000000000000000000e+00,0.000000000000000000e+00,0.000000000000000000e+00,0.000000000000000000e+00,0.000000000000000000e+00,0.000000000000000000e+00,0.000000000000000000e+00,0.000000000000000000e+00,0.000000000000000000e+00,0.000000000000000000e+00,0.000000000000000000e+00,0.000000000000000000e+00,0.000000000000000000e+00,0.000000000000000000e+00,2.344370515994401529e-04,6.627282210523003942e-04,1.009199286368845207e-03,1.264543372389236552e-03,1.421987952068906125e-03,1.481579028793869211e-03,1.451245369955557604e-03,1.344391786512242172e-03,1.175875942146565245e-03,9.592703273554868161e-04,7.076579561245055147e-04,4.380826458715354104e-04,1.772249862518356480e-04,0.000000000000000000e+00,0.000000000000000000e+00,0.000000000000000000e+00,6.672295075325881183e-05,4.272697418972892401e-04,9.103613325750644324e-04,1.438551829742892385e-03,1.916505343337793947e-03,2.253828810529743838e-03,2.387135963765437546e-03,2.294593659976496784e-03,1.999281206691300248e-03,1.561668683308938075e-03,1.064637615246465758e-03,7.892186480944634631e-04,1.209904635193517937e-03,1.660869053286293060e-03,2.117690754426909596e-03,2.546927710473617917e-03,2.913826477783778256e-03,3.188997231959445847e-03,3.352280992586283148e-03,3.393412214000202272e-03,3.310441865596981583e-03,3.107486996721269337e-03,2.793100352736835584e-03,2.379685440872245702e-03,1.883507222775306208e-03,1.324418071752143673e-03,7.246245331728835490e-04,1.064340268169519703e-04,0.000000000000000000e+00,0.000000000000000000e+00,0.000000000000000000e+00,0.000000000000000000e+00,0.000000000000000000e+00,0.000000000000000000e+00,0.000000000000000000e+00,0.000000000000000000e+00,0.000000000000000000e+00,0.000000000000000000e+00,0.000000000000000000e+00,1.785644363962483547e-04,3.580607883562332105e-04,4.660670291985207392e-04,4.821054609204890925e-04,3.891828002727060285e-04,3.166831026407811319e-04,8.962662424066506883e-04,1.373341327181770320e-03,1.743925799486844034e-03,2.014186438180644387e-03,2.195602377090437492e-03,2.299585986440686770e-03,2.332241709563113649e-03,2.290498083631479966e-03,2.161420108865678459e-03,1.926285202504874651e-03,1.569427424351639089e-03,1.089396744780591220e-03,1.046966370758804169e-03,1.365563262709700541e-03,0.000000000000000000e+00,0.000000000000000000e+00,1.068926993535990313e-04,3.016972935969893530e-04,5.500712656334825080e-04,8.215783873789160542e-04,0.000000000000000000e+00,0.000000000000000000e+00,0.000000000000000000e+00,0.000000000000000000e+00,0.000000000000000000e+00,0.000000000000000000e+00,0.000000000000000000e+00,1.318707072512778568e-04,5.094851012983976808e-04,8.181974605611228761e-04,1.765295701566204061e-03,1.242391522268234110e-03,0.000000000000000000e+00,0.000000000000000000e+00,0.000000000000000000e+00,0.000000000000000000e+00,0.000000000000000000e+00,0.000000000000000000e+00,0.000000000000000000e+00,0.000000000000000000e+00,0.000000000000000000e+00,0.000000000000000000e+00,0.000000000000000000e+00,0.000000000000000000e+00,0.000000000000000000e+00,0.000000000000000000e+00,0.000000000000000000e+00,0.000000000000000000e+00,0.000000000000000000e+00,0.000000000000000000e+00,0.000000000000000000e+00,0.000000000000000000e+00,0.000000000000000000e+00,0.000000000000000000e+00,0.000000000000000000e+00,0.000000000000000000e+00,0.000000000000000000e+00,0.000000000000000000e+00,0.000000000000000000e+00,0.000000000000000000e+00,0.000000000000000000e+00,0.000000000000000000e+00,0.000000000000000000e+00,0.000000000000000000e+00,0.000000000000000000e+00,0.000000000000000000e+00,0.000000000000000000e+00,0.000000000000000000e+00,0.000000000000000000e+00,0.000000000000000000e+00,0.000000000000000000e+00,0.000000000000000000e+00,0.000000000000000000e+00,0.000000000000000000e+00,1.018791055300126685e-03,0.000000000000000000e+00,0.000000000000000000e+00,0.000000000000000000e+00,0.000000000000000000e+00,0.000000000000000000e+00,0.000000000000000000e+00,0.000000000000000000e+00,0.000000000000000000e+00,0.000000000000000000e+00,0.000000000000000000e+00,0.000000000000000000e+00,1.731527562241321546e-04,7.157779749400815890e-04,1.206965250850520642e-03,1.628824217867025923e-03,1.035605709692663783e-03,1.018805411600753929e-03,9.983423336432757037e-04,9.327152090093620944e-04,7.839324520700154163e-04,5.305239444125319859e-04,1.757148798015479316e-04,7.397995748117937537e-05,4.903872231948980080e-04,8.097445895438701476e-04,9.602154758662000090e-04,8.880955567821028317e-04,5.692480170423929505e-04,7.121209467680233605e-05,2.338102660956224916e-04,3.933007017371788552e-04,5.478186331470441713e-04,6.956580363101260616e-04,8.353103260606158141e-04,9.654919109034376017e-04,1.085168802791609951e-03,1.193567212294706532e-03,1.290179661801727374e-03,1.374760283538246312e-03,1.447307891804922551e-03,1.508045025717103102e-03,1.557386800431604908e-03,1.595902611145398782e-03,1.624276298095049748e-03,1.643259802545536533e-03,1.653626099241040570e-03,1.656127007744031404e-03,1.651447276261626754e-03,1.640169711664964938e-03,1.622743774290938933e-03,1.599463498822414984e-03,1.570453139087363238e-03,1.535667241111700592e-03,1.494895148994630210e-03,1.447780192093526923e-03,1.393848025950125778e-03,1.332540298093984506e-03,1.263259741804093278e-03,1.185415979018321700e-03,1.131094536896009445e-03,1.335573645380469391e-03,1.574683253328938671e-03,1.817419239839204292e-03,0.000000000000000000e+00,0.000000000000000000e+00,0.000000000000000000e+00,0.000000000000000000e+00,0.000000000000000000e+00,0.000000000000000000e+00,7.946505232068227457e-04,7.010851405209757694e-04,1.316435678758003927e-03,2.271126484405863993e-03,3.092616476042943201e-03,3.747553836454799343e-03,4.215195330780745382e-03,4.484286136828355591e-03,0.000000000000000000e+00,0.000000000000000000e+00,0.000000000000000000e+00,0.000000000000000000e+00,0.000000000000000000e+00,8.879473105844426463e-04,2.185107015098147927e-03,0.000000000000000000e+00,0.000000000000000000e+00,0.000000000000000000e+00,0.000000000000000000e+00,0.000000000000000000e+00,0.000000000000000000e+00,0.000000000000000000e+00,0.000000000000000000e+00,0.000000000000000000e+00,0.000000000000000000e+00,0.000000000000000000e+00,2.736736032133046037e-04,7.803302906936123882e-04,1.058476947133899122e-03,1.118806685971590695e-03,1.131760276458507013e-03,1.340595825008573808e-03,1.439637950954571069e-03,1.462235179100555664e-03,1.453517647072266735e-03,1.464324878289535638e-03,1.546015964138748415e-03,1.744843552254163668e-03,2.094843700342433664e-03,2.609769855335498240e-03,9.145468104584511537e-03,0.000000000000000000e+00,0.000000000000000000e+00,0.000000000000000000e+00,0.000000000000000000e+00,0.000000000000000000e+00,0.000000000000000000e+00,0.000000000000000000e+00,0.000000000000000000e+00,0.000000000000000000e+00,0.000000000000000000e+00,0.000000000000000000e+00,0.000000000000000000e+00,0.000000000000000000e+00,0.000000000000000000e+00,0.000000000000000000e+00,0.000000000000000000e+00,0.000000000000000000e+00,0.000000000000000000e+00,0.000000000000000000e+00,0.000000000000000000e+00,2.592006106066544434e-03,4.189584957544094032e-04,3.714702436919033461e-04,3.729496414320099067e-04,0.000000000000000000e+00,0.000000000000000000e+00,0.000000000000000000e+00,0.000000000000000000e+00,0.000000000000000000e+00,0.000000000000000000e+00,0.000000000000000000e+00,0.000000000000000000e+00,0.000000000000000000e+00,0.000000000000000000e+00,0.000000000000000000e+00,0.000000000000000000e+00,5.079209609125434665e-04,4.045433239151902897e-04,0.000000000000000000e+00,0.000000000000000000e+00,0.000000000000000000e+00,0.000000000000000000e+00,0.000000000000000000e+00,0.000000000000000000e+00,0.000000000000000000e+00,0.000000000000000000e+00,0.000000000000000000e+00,0.000000000000000000e+00,2.098126388012537102e-03,0.000000000000000000e+00,0.000000000000000000e+00,0.000000000000000000e+00,0.000000000000000000e+00,0.000000000000000000e+00,0.000000000000000000e+00,0.000000000000000000e+00,0.000000000000000000e+00,0.000000000000000000e+00,0.000000000000000000e+00
5.542459250036291305e-08,5.009228646837148198e-04,1.648336584880071704e-03,0.000000000000000000e+00,0.000000000000000000e+00,0.000000000000000000e+00,0.000000000000000000e+00,0.000000000000000000e+00,0.000000000000000000e+00,2.548241588520029204e-05,4.392361892672221415e-04,0.000000000000000000e+00,3.135489636822488824e-04,0.000000000000000000e+00,0.000000000000000000e+00,0.000000000000000000e+00,1.250252321955032115e-04,1.404379138555919863e-04,1.034390946966536051e-03,1.601236213971777384e-03,2.420645317750992533e-03,3.150058333230462172e-03,0.000000000000000000e+00,0.000000000000000000e+00,0.000000000000000000e+00,0.000000000000000000e+00,0.000000000000000000e+00,0.000000000000000000e+00,0.000000000000000000e+00,0.000000000000000000e+00,1.178618181750018583e-04,7.733067068045467471e-05,4.243355933696142353e-05,1.469413982371808636e-05,0.000000000000000000e+00,0.000000000000000000e+00,5.005179425449832707e-03,6.699024626425380913e-07,2.582509833282308623e-05,6.326942245196749844e-05,1.128969666172034730e-04,1.743083392800318565e-04,2.468307388368557571e-04,1.057665318791375627e-03,1.843707182102123730e-03,2.494384171193896396e-03,2.945961247166386295e-03,3.168315756964422674e-03,0.000000000000000000e+00,0.000000000000000000e+00,0.000000000000000000e+00,0.000000000000000000e+00,0.000000000000000000e+00,0.000000000000000000e+00,5.765537598439099675e-06,1.607621266513179360e-04,1.675546507125361432e-04,2.941699978489962502e-05,0.000000000000000000e+00,0.000000000000000000e+00,0.000000000000000000e+00,0.000000000000000000e+00,0.000000000000000000e+00,0.000000000000000000e+00,0.000000000000000000e+00,0.000000000000000000e+00,0.000000000000000000e+00,0.000000000000000000e+00,0.000000000000000000e+00,6.060898622216738096e-04,1.440965535227351369e-03,2.116568132071614591e-03,2.545903710207996981e-03,2.689750322252277680e-03,2.567664672922528781e-03,2.254179285293339118e-03,1.860386940233774633e-03,1.505857920793044879e-03,1.288846555874480302e-03,1.262903570874646065e-03,1.425512187560057202e-03,1.720516546865247590e-03,0.000000000000000000e+00,0.000000000000000000e+00,2.158539185476065559e-04,5.800910431529880456e-04,9.833121283601799819e-04,0.000000000000000000e+00,0.000000000000000000e+00,0.000000000000000000e+00,3.602628828914741506e-04,1.570737116459175421e-03,2.752176441344488574e-03,3.782616004738870250e-03,4.555887230511962600e-03,4.994675366936567572e-03,5.057572283445979991e-03,4.739851249655923325e-03,4.069411676605023953e-03,3.171810211610979775e-03,3.077446000891474135e-03,2.825343935501578672e-03,2.468101492942477090e-03,2.054966337017031987e-03,1.622015675495954183e-03,1.187592869575740308e-03,7.533212657255780901e-04,3.094823854391466665e-04,0.000000000000000000e+00,0.000000000000000000e+00,0.000000000000000000e+00,0.000000000000000000e+00,0.000000000000000000e+00,0.000000000000000000e+00,0.000000000000000000e+00,0.000000000000000000e+00,0.000000000000000000e+00,0.000000000000000000e+00,0.000000000000000000e+00,0.000000000000000000e+00,0.000000000000000000e+00,0.000000000000000000e+00,1.438827946143116272e-03,2.583086810443052574e-03,4.136615738131206718e-04,0.000000000000000000e+00,0.000000000000000000e+00,0.000000000000000000e+00,0.000000000000000000e+00,0.000000000000000000e+00,0.000000000000000000e+00,0.000000000000000000e+00,0.000000000000000000e+00,0.000000000000000000e+00,0.000000000000000000e+00,1.830643283564275864e-05,6.880813395333610629e-04,1.410898980793763536e-03,2.133461379800048741e-03,2.793587985410162910e-03,3.324522197900183548e-03,3.665503888613920371e-03,3.773160408409885567e-03,3.630951978096973957e-03,3.254394028704043779e-03,2.690807351254410028e-03,2.013446975520652871e-03,1.310784567906421927e-03,6.724720174598867485e-04,1.742911108565467905e-04,0.000000000000000000e+00,0.000000000000000000e+00,0.000000000000000000e+00,4.828238158233663364e-05,3.401647494948987116e-04,6.607391093670540727e-04,9.796907094385292648e-04,1.291783559556653957e-03,1.611366901202886982e-03,1.958467465190442350e-03,2.341827166261045614e-03,2.745743697427466615e-03,3.126526973769185209e-03,3.421111464866018192e-03,3.565819470635300283e-03,3.519107710082241321e-03,3.279878075070059504e-03,2.893750042218602801e-03,2.443570581211072703e-03,2.026183225370088888e-03,1.722935108631150174e-03,1.574311586306487848e-03,1.568032925960462188e-03,1.645104244349535278e-03,1.721500664191968942e-03,1.717163841177327078e-03,1.581408588913533250e-03,1.305820588355492001e-03,9.213330745948313796e-04,4.828103815720557654e-04,4.907274071702364711e-05,0.000000000000000000e+00,0.000000000000000000e+00,0.000000000000000000e+00,0.000000000000000000e+00,0.000000000000000000e+00,0.000000000000000000e+00,0.000000000000000000e+00,0.000000000000000000e+00,1.095205061288203544e-06,4.464848677203798999e-04,9.024625279411252043e-04,1.322177290556030308e-03,1.668245805529419918e-03,1.923524689981281769e-03,2.097185532664659451e-03,2.860489286078312429e-03,3.502005256608244511e-03,4.022300897631355884e-03,4.456406394687885235e-03,4.844858250529865580e-03,5.216575631361217852e-03,5.577963797126488099e-03,5.912002268635044300e-03,6.186562604238957097e-03,6.367519775913233274e-03,6.430807905685237066e-03,6.368743556156645537e-03,6.188884165016319584e-03,5.986532857500171702e-03,6.080636547613939812e-03,6.176705899155265217e-03,6.252694433676319295e-03,0.000000000000000000e+00,0.000000000000000000e+00,0.000000000000000000e+00,0.000000000000000000e+00,0.000000000000000000e+00,0.000000000000000000e+00,0.000000000000000000e+00,0.000000000000000000e+00,0.000000000000000000e+00,0.000000000000000000e+00,1.541749061053477405e-04,1.025444603152852454e-03,1.581138705119581158e-03,0.000000000000000000e+00,0.000000000000000000e+00,0.000000000000000000e+00,5.730930322241323895e-05,3.482021897643292345e-04,5.258197375387197283e-04,5.566534600776032373e-04,4.038955721798131136e-04,2.770168515343288812e-05,0.000000000000000000e+00,0.000000000000000000e+00,0.000000000000000000e+00,0.000000000000000000e+00,0.000000000000000000e+00,0.000000000000000000e+00,0.000000000000000000e+00,0.000000000000000000e+00,0.000000000000000000e+00,0.000000000000000000e+00,0.000000000000000000e+00,0.000000000000000000e+00,0.000000000000000000e+00,0.000000000000000000e+00,0.000000000000000000e+00,0.000000000000000000e+00,0.000000000000000000e+00,0.000000000000000000e+00,0.000000000000000000e+00,0.000000000000000000e+00,0.000000000000000000e+00,0.000000000000000000e+00,6.886152986641520639e-04,1.700225846065034959e-03,2.458781477100221470e-03,2.919472529616618135e-03,3.061431268877715106e-03,2.895554662443969741e-03,2.466656172659604292e-03,1.848345916014470375e-03,1.131469685821812066e-03,4.092955367356281146e-04,0.000000000000000000e+00,0.000000000000000000e+00,0.000000000000000000e+00,0.000000000000000000e+00,0.000000000000000000e+00,0.000000000000000000e+00,0.000000000000000000e+00,1.650678875342228430e-04,8.568866334368629208e-04,1.583711085258576257e-03,0.000000000000000000e+00,0.000000000000000000e+00,0.000000000000000000e+00,0.000000000000000000e+00,0.000000000000000000e+00,0.000000000000000000e+00,0.000000000000000000e+00,0.000000000000000000e+00,0.000000000000000000e+00,0.000000000000000000e+00,0.000000000000000000e+00,0.000000000000000000e+00,0.000000000000000000e+00,0.000000000000000000e+00,0.000000000000000000e+00,0.000000000000000000e+00,1.265807769954436232e-03,0.000000000000000000e+00,2.572223609737562941e-06,3.850016147789177647e-04,8.377849628431651699e-04,0.000000000000000000e+00,0.000000000000000000e+00,0.000000000000000000e+00,0.000000000000000000e+00,0.000000000000000000e+00,0.000000000000000000e+00,2.223516920639253180e-04,1.174456285165356110e-03,2.225657230456761556e-03,3.310517698785781643e-03,4.351208300743748987e-03,5.261712117703556957e-03,5.959420097199588651e-03,6.382545598844546753e-03,6.508273767174358945e-03,6.365057453678824029e-03,6.033569635010319412e-03,5.634007316455563914e-03,5.301459028039928571e-03,5.154667819858969706e-03,5.265835897581039836e-03,5.639584845212053561e-03,6.207593505050875218e-03,6.841939811450283709e-03,7.385324617301665916e-03,0.000000000000000000e+00,0.000000000000000000e+00,0.000000000000000000e+00,0.000000000000000000e+00,0.000000000000000000e+00,0.000000000000000000e+00,0.000000000000000000e+00,0.000000000000000000e+00,0.000000000000000000e+00,0.000000000000000000e+00,0.000000000000000000e+00,0.000000000000000000e+00,0.000000000000000000e+00,0.000000000000000000e+00,0.000000000000000000e+00,4.417939593676451708e-04,3.517577485465921399e-03,3.386778837526604070e-03,0.000000000000000000e+00,0.000000000000000000e+00,0.000000000000000000e+00,0.000000000000000000e+00,0.000000000000000000e+00,0.000000000000000000e+00,8.304812593811789628e-04,2.697598882870344810e-03,4.598261789503666624e-03,6.395420301913239819e-03,0.000000000000000000e+00,0.000000000000000000e+00,0.000000000000000000e+00,0.000000000000000000e+00,0.000000000000000000e+00,0.000000000000000000e+00,0.000000000000000000e+00,0.000000000000000000e+00,0.000000000000000000e+00,0.000000000000000000e+00,0.000000000000000000e+00,0.000000000000000000e+00,0.000000000000000000e+00,0.000000000000000000e+00,0.000000000000000000e+00,0.000000000000000000e+00,0.000000000000000000e+00,0.000000000000000000e+00,0.000000000000000000e+00,0.000000000000000000e+00,0.000000000000000000e+00,0.000000000000000000e+00,0.000000000000000000e+00,0.000000000000000000e+00,0.000000000000000000e+00,0.000000000000000000e+00,0.000000000000000000e+00,0.000000000000000000e+00,0.000000000000000000e+00,0.000000000000000000e+00,0.000000000000000000e+00,0.000000000000000000e+00,0.000000000000000000e+00,5.917352360784357702e-05,7.785465102593859283e-04,6.743172197453249249e-04,2.281206943203358765e-03,0.000000000000000000e+00,0.000000000000000000e+00,0.000000000000000000e+00,0.000000000000000000e+00,0.000000000000000000e+00,0.000000000000000000e+00,7.590266159133622972e-04,1.767745865504545240e-03,2.736389432699587194e-03,3.575994535698234777e-03,4.214511184093084305e-03,4.609118693393025011e-03
2.394048103731245953e-07,8.225464282121351927e-04,0.000000000000000000e+00,0.000000000000000000e+00,0.000000000000000000e+00,0.000000000000000000e+00,0.000000000000000000e+00,0.000000000000000000e+00,4.166301708387847697e-04,8.749773998050577482e-04,0.000000000000000000e+00,0.000000000000000000e+00,8.179304263964060550e-05,5.990970111465114892e-04,1.005562913708448304e-03,1.285741578556985273e-03,1.451953807769674467e-03,1.537143575956969330e-03,1.583177164972377404e-03,1.628766077512330563e-03,1.700605975609221013e-03,1.809590575452285893e-03,1.952065206069591085e-03,2.114682035140869054e-03,2.280736343428339374e-03,2.435825719513854282e-03,2.571154099834638794e-03,2.683653301275661356e-03,2.773200409000453268e-03,2.838223648269852691e-03,2.871634541397245256e-03,2.858991997827775230e-03,2.780073135795469580e-03,2.613809561196613843e-03,0.000000000000000000e+00,0.000000000000000000e+00,0.000000000000000000e+00,0.000000000000000000e+00,0.000000000000000000e+00,3.975337050284274802e-03,0.000000000000000000e+00,0.000000000000000000e+00,0.000000000000000000e+00,0.000000000000000000e+00,0.000000000000000000e+00,0.000000000000000000e+00,0.000000000000000000e+00,0.000000000000000000e+00,0.000000000000000000e+00,0.000000000000000000e+00,2.397457045365414415e-04,7.598507762538709263e-04,1.122305388538929419e-03,1.278297978916034458e-03,1.535387974076599148e-03,2.802634850446955941e-03,4.038792305663261445e-03,5.165842764410476240e-03,6.109724792176029172e-03,6.808724429690483221e-03,7.224552251073951964e-03,7.352519451777892942e-03,7.225998713458008788e-03,6.911740799493945424e-03,6.495978298511285477e-03,6.064962650062249820e-03,5.685783164701963682e-03,5.393123036547248401e-03,5.185365905862264480e-03,5.030363259964232801e-03,4.878449121533663321e-03,4.678709379189458124e-03,4.394144574175558662e-03,4.012020319999731396e-03,3.547123560718245822e-03,3.037574939121508773e-03,2.534948431490044625e-03,2.092061505241620337e-03,2.353910606117695387e-03,1.606205601641101015e-04,2.585785723354942951e-04,2.079188321479194166e-04,2.086984471892849239e-05,0.000000000000000000e+00,0.000000000000000000e+00,0.000000000000000000e+00,0.000000000000000000e+00,0.000000000000000000e+00,0.000000000000000000e+00,0.000000000000000000e+00,0.000000000000000000e+00,0.000000000000000000e+00,0.000000000000000000e+00,0.000000000000000000e+00,0.000000000000000000e+00,0.000000000000000000e+00,0.000000000000000000e+00,0.000000000000000000e+00,0.000000000000000000e+00,2.756186637616986866e-03,0.000000000000000000e+00,0.000000000000000000e+00,0.000000000000000000e+00,0.000000000000000000e+00,2.387716218422754344e-04,0.000000000000000000e+00,6.692343072391913330e-04,1.358606447416592106e-03,2.072021704745734272e-03,2.660793660829162063e-03,3.062483978863581729e-03,3.241682409753591371e-03,3.195881604808278788e-03,2.953784134701305762e-03,3.063518880205681662e-03,3.931543606994673291e-03,4.588205685146730731e-03,4.984012571426227854e-03,5.104411615838120621e-03,4.973147121249255238e-03,4.647338107466474078e-03,4.204936854155735988e-03,3.727383191873266319e-03,3.281781001315055377e-03,2.907213720152767786e-03,2.608600845167621633e-03,2.359177265463321526e-03,2.110119407771804748e-03,1.804080079153133707e-03,1.388923020539281454e-03,8.287642153104130081e-04,1.108180657347664750e-04,0.000000000000000000e+00,0.000000000000000000e+00,2.393880864565164988e-04,3.747002834733520731e-03,2.507202748340888756e-04,0.000000000000000000e+00,0.000000000000000000e+00,0.000000000000000000e+00,0.000000000000000000e+00,0.000000000000000000e+00,0.000000000000000000e+00,0.000000000000000000e+00,0.000000000000000000e+00,0.000000000000000000e+00,0.000000000000000000e+00,0.000000000000000000e+00,0.000000000000000000e+00,0.000000000000000000e+00,0.000000000000000000e+00,0.000000000000000000e+00,0.000000000000000000e+00,0.000000000000000000e+00,0.000000000000000000e+00,0.000000000000000000e+00,0.000000000000000000e+00,0.000000000000000000e+00,0.000000000000000000e+00,0.000000000000000000e+00,0.000000000000000000e+00,0.000000000000000000e+00,0.000000000000000000e+00,0.000000000000000000e+00,0.000000000000000000e+00,0.000000000000000000e+00,0.000000000000000000e+00,0.000000000000000000e+00,0.000000000000000000e+00,0.000000000000000000e+00,0.000000000000000000e+00,0.000000000000000000e+00,7.805852394040318446e-04,1.636486659226603791e-03,2.331302734178268467e-03,2.795666648622607917e-03,2.971539487325302546e-03,2.831007936629370385e-03,2.390630869840954398e-03,0.000000000000000000e+00,0.000000000000000000e+00,1.576043393120594787e-04,6.132085389231426180e-04,2.716080104406106755e-04,5.470485837176205287e-04,7.631434505219542508e-04,8.850934951670053714e-04,8.949345445547756284e-04,7.906696278806040921e-04,7.380089863015418077e-04,9.649292406351776949e-04,1.150117133291118790e-03,1.322409329092360001e-03,1.507057645439190173e-03,1.713944395728497294e-03,1.931826548637607770e-03,2.130623566421179383e-03,2.271359881186506280e-03,2.320791391428407048e-03,2.265846871507565512e-03,2.122588314624844312e-03,1.935882755213229073e-03,1.768995509347839066e-03,1.685841175791253288e-03,1.731364406091078509e-03,1.916384001153765811e-03,2.211968508330813560e-03,2.555457606312543702e-03,2.866691363614861515e-03,3.069924449062672381e-03,3.115214448271331777e-03,0.000000000000000000e+00,0.000000000000000000e+00,0.000000000000000000e+00,0.000000000000000000e+00,0.000000000000000000e+00,0.000000000000000000e+00,0.000000000000000000e+00,0.000000000000000000e+00,0.000000000000000000e+00,0.000000000000000000e+00,0.000000000000000000e+00,0.000000000000000000e+00,0.000000000000000000e+00,0.000000000000000000e+00,0.000000000000000000e+00,6.634075552431226109e-04,3.762260713269234818e-03,0.000000000000000000e+00,0.000000000000000000e+00,0.000000000000000000e+00,0.000000000000000000e+00,0.000000000000000000e+00,0.000000000000000000e+00,0.000000000000000000e+00,0.000000000000000000e+00,0.000000000000000000e+00,0.000000000000000000e+00,0.000000000000000000e+00,0.000000000000000000e+00,0.000000000000000000e+00,0.000000000000000000e+00,0.000000000000000000e+00,0.000000000000000000e+00,0.000000000000000000e+00,0.000000000000000000e+00,0.000000000000000000e+00,9.985911608486118627e-05,3.424598054198159467e-04,5.422691483557086399e-04,7.187721228180426374e-04,8.738644911104135335e-04,9.899161743495163510e-04,1.036994838628337197e-03,9.863572973983986483e-04,8.245964098031795947e-04,5.625853053575311392e-04,2.355895081072216860e-04,0.000000000000000000e+00,0.000000000000000000e+00,0.000000000000000000e+00,1.233822411266344526e-04,3.115720791257088379e-04,4.902732110617352007e-04,6.585379292650357435e-04,8.156515342961864236e-04,9.611133981112586792e-04,1.094614829629967636e-03,1.216006131649045125e-03,1.325262338144286671e-03,1.422445214754886446e-03,1.507666386904461982e-03,1.581051575232985795e-03,1.642709794470632086e-03,1.692708716910388059e-03,1.731057620933836505e-03,1.757697257987782952e-03,1.772499136269744917e-03,1.775274151010110962e-03,2.434731115232651854e-03,3.200596660223309613e-03,3.801781268245133308e-03,4.198456213190671429e-03,4.388801208880355187e-03,0.000000000000000000e+00,2.014355495830435691e-04,3.842149338611403997e-04,2.487441526371754301e-04,0.000000000000000000e+00,0.000000000000000000e+00,0.000000000000000000e+00,0.000000000000000000e+00,0.000000000000000000e+00,0.000000000000000000e+00,0.000000000000000000e+00,0.000000000000000000e+00,0.000000000000000000e+00,0.000000000000000000e+00,0.000000000000000000e+00,0.000000000000000000e+00,0.000000000000000000e+00,1.551947425163277983e-03,9.850513811779425342e-04,0.000000000000000000e+00,0.000000000000000000e+00,0.000000000000000000e+00,0.000000000000000000e+00,0.000000000000000000e+00,0.000000000000000000e+00,2.395604656478152997e-05,0.000000000000000000e+00,0.000000000000000000e+00,0.000000000000000000e+00,0.000000000000000000e+00,0.000000000000000000e+00,0.000000000000000000e+00,0.000000000000000000e+00,0.000000000000000000e+00,0.000000000000000000e+00,0.000000000000000000e+00,0.000000000000000000e+00,0.000000000000000000e+00,0.000000000000000000e+00,0.000000000000000000e+00,2.716251494787224469e-03,0.000000000000000000e+00,0.000000000000000000e+00,0.000000000000000000e+00,0.000000000000000000e+00,0.000000000000000000e+00,0.000000000000000000e+00,0.000000000000000000e+00,0.000000000000000000e+00,0.000000000000000000e+00,0.000000000000000000e+00,0.000000000000000000e+00,0.000000000000000000e+00,0.000000000000000000e+00,5.312773114596261318e-04,1.986750375881787302e-03,3.310003280270090720e-03,4.386978882275968140e-03,5.142295554267791238e-03,5.553993794389157010e-03,5.655696354704723913e-03,5.525256782378882257e-03,5.262845353710276716e-03,4.964458708625716851e-03,4.698068028921797805e-03,4.488795992759420095e-03,4.316875156727375401e-03,4.128489530010695865e-03,3.855923633335190098e-03,3.440805798793897686e-03,2.853335442902145327e-03,2.101675709331876120e-03,1.228926385058961256e-03,7.273733977494100311e-04,1.286719125467401413e-03,1.743611626179219316e-03,2.094256954779008962e-03,2.338214225957341297e-03,2.478468387475895717e-03,2.524442766666496352e-03,2.496444584133361046e-03,2.428499967662041837e-03,2.366521481607152064e-03,2.360649457123737121e-03,2.453627533342413094e-03,2.669536296383807385e-03,5.118292951904177858e-03,0.000000000000000000e+00,0.000000000000000000e+00,0.000000000000000000e+00,0.000000000000000000e+00,0.000000000000000000e+00,0.000000000000000000e+00,0.000000000000000000e+00,0.000000000000000000e+00,0.000000000000000000e+00,0.000000000000000000e+00,0.000000000000000000e+00,0.000000000000000000e+00,0.000000000000000000e+00,0.000000000000000000e+00,0.000000000000000000e+00,0.000000000000000000e+00,6.222570223990734565e-04,0.000000000000000000e+00,0.000000000000000000e+00,0.000000000000000000e+00,0.000000000000000000e+00,0.000000000000000000e+00,0.000000000000000000e+00,0.000000000000000000e+00,0.000000000000000000e+00,0.000000000000000000e+00,0.000000000000000000e+00,0.000000000000000000e+00,0.000000000000000000e+00
9.066336881246297251e-08,1.056401922891452277e-03,0.000000000000000000e+00,0.000000000000000000e+00,3.980203851195467817e-04,3.466902227558748108e-04,2.740871667999250617e-04,2.002716938665405257e-04,3.033930047236893762e-04,4.038664002968018162e-03,1.033407044079337912e-03,1.658357622882116822e-03,2.401174381102805407e-03,3.190220663595988611e-03,3.944552983615735343e-03,4.586912724652995009e-03,5.054423215124353823e-03,5.305847987803035369e-03,5.324854778594336098e-03,5.118684650214137821e-03,4.711851070058603423e-03,4.135779281534140636e-03,3.417471015869544444e-03,2.572023108524167621e-03,1.603434942946530255e-03,5.149767825366807425e-04,0.000000000000000000e+00,0.000000000000000000e+00,0.000000000000000000e+00,0.000000000000000000e+00,0.000000000000000000e+00,0.000000000000000000e+00,0.000000000000000000e+00,0.000000000000000000e+00,0.000000000000000000e+00,0.000000000000000000e+00,0.000000000000000000e+00,0.000000000000000000e+00,0.000000000000000000e+00,0.000000000000000000e+00,7.742538499176808593e-04,1.596535367249834981e-03,2.326075153123143870e-03,2.923897994848784470e-03,3.349676951922260851e-03,3.576552433928497938e-03,3.605420544562612691e-03,3.472168848451843808e-03,0.000000000000000000e+00,0.000000000000000000e+00,0.000000000000000000e+00,0.000000000000000000e+00,0.000000000000000000e+00,0.000000000000000000e+00,0.000000000000000000e+00,0.000000000000000000e+00,0.000000000000000000e+00,0.000000000000000000e+00,0.000000000000000000e+00,0.000000000000000000e+00,0.000000000000000000e+00,4.757962161233096339e-04,0.000000000000000000e+00,0.000000000000000000e+00,0.000000000000000000e+00,2.311603398200109190e-04,0.000000000000000000e+00,2.721916123987165524e-05,1.846708574211362668e-04,1.072457399572864645e-04,0.000000000000000000e+00,0.000000000000000000e+00,0.000000000000000000e+00,0.000000000000000000e+00,0.000000000000000000e+00,0.000000000000000000e+00,0.000000000000000000e+00,0.000000000000000000e+00,0.000000000000000000e+00,0.000000000000000000e+00,0.000000000000000000e+00,0.000000000000000000e+00,4.704988970995495606e-04,9.306524253496239671e-03,0.000000000000000000e+00,0.000000000000000000e+00,0.000000000000000000e+00,0.000000000000000000e+00,0.000000000000000000e+00,3.558371105003370317e-04,1.197345284003708188e-03,1.977489252816026603e-03,2.636411267180484297e-03,3.132797544811228348e-03,3.434620403410230775e-03,3.511166002225177968e-03,3.331594902159689623e-03,2.872228214101405983e-03,2.130721005681509433e-03,1.141805745044707863e-03,0.000000000000000000e+00,0.000000000000000000e+00,0.000000000000000000e+00,0.000000000000000000e+00,0.000000000000000000e+00,0.000000000000000000e+00,0.000000000000000000e+00,0.000000000000000000e+00,2.242604186797329704e-04,1.948717552352817114e-03,3.661846596197696965e-03,5.173243721954561350e-03,6.319235217790852496e-03,6.983070338848309730e-03,7.110547471862883016e-03,6.719343065401612962e-03,5.899549616814317096e-03,4.803102028358840515e-03,3.621478642058867468e-03,2.554222867699043348e-03,1.774302328972820293e-03,1.398466286349389414e-03,1.470189695761296884e-03,1.959227282410666050e-03,2.776388638459694694e-03,3.797277051748321284e-03,4.886670812026374169e-03,5.916905515750496211e-03,6.778051199358331273e-03,7.382273219666274713e-03,7.666944752617557007e-03,7.599795345802920488e-03,7.185660142383723699e-03,6.470851562804208305e-03,5.540216964459613452e-03,4.504334461482871477e-03,3.478821480885340659e-03,2.561640928657142515e-03,1.815489339316695176e-03,1.260095826551389537e-03,8.750790516694127415e-04,6.102608694456467192e-04,3.989362780718036646e-04,1.707720722006852336e-04,0.000000000000000000e+00,0.000000000000000000e+00,6.643201716105794075e-04,1.581602185303387312e-03,2.532511179777346966e-03,3.483985424963719803e-03,8.517030338487843744e-03,0.000000000000000000e+00,0.000000000000000000e+00,0.000000000000000000e+00,0.000000000000000000e+00,0.000000000000000000e+00,0.000000000000000000e+00,0.000000000000000000e+00,0.000000000000000000e+00,0.000000000000000000e+00,0.000000000000000000e+00,1.529466304864266586e-03,5.158783521748081489e-03,0.000000000000000000e+00,0.000000000000000000e+00,0.000000000000000000e+00,0.000000000000000000e+00,0.000000000000000000e+00,0.000000000000000000e+00,0.000000000000000000e+00,0.000000000000000000e+00,0.000000000000000000e+00,0.000000000000000000e+00,0.000000000000000000e+00,6.341593859413323028e-04,1.479450933087305331e-03,1.897517802603888989e-03,1.942534756690960426e-03,1.722441824808976663e-03,1.364466581169405078e-03,9.810609583021322709e-04,6.471195493933175509e-04,5.752119688717658623e-04,1.496731054846712301e-03,0.000000000000000000e+00,0.000000000000000000e+00,0.000000000000000000e+00,0.000000000000000000e+00,0.000000000000000000e+00,0.000000000000000000e+00,0.000000000000000000e+00,0.000000000000000000e+00,0.000000000000000000e+00,0.000000000000000000e+00,0.000000000000000000e+00,0.000000000000000000e+00,0.000000000000000000e+00,0.000000000000000000e+00,0.000000000000000000e+00,0.000000000000000000e+00,0.000000000000000000e+00,0.000000000000000000e+00,0.000000000000000000e+00,0.000000000000000000e+00,0.000000000000000000e+00,2.285406574893672894e-04,5.026358329152615838e-04,8.031755933731484073e-04,1.115262767303806758e-03,1.943779382398983218e-03,0.000000000000000000e+00,8.839303923102512358e-04,2.048823518931045234e-03,2.956443447297244821e-03,3.552338512207703705e-03,3.811747305952501493e-03,3.750101823164766861e-03,3.423192580799657748e-03,2.915729273377438025e-03,2.321553618023349582e-03,1.721809473423394814e-03,1.167759599451720235e-03,6.729555027731261210e-04,2.164561384203151837e-04,0.000000000000000000e+00,0.000000000000000000e+00,0.000000000000000000e+00,0.000000000000000000e+00,0.000000000000000000e+00,0.000000000000000000e+00,0.000000000000000000e+00,0.000000000000000000e+00,0.000000000000000000e+00,0.000000000000000000e+00,0.000000000000000000e+00,0.000000000000000000e+00,5.670459171486979871e-04,1.011298941924530228e-03,1.293933544294884053e-03,1.442136267307534509e-03,1.517970815069790954e-03,1.604125933550568095e-03,1.785792706658788582e-03,2.132510311182667963e-03,2.683091818348689022e-03,8.356017995702159700e-04,1.259739515509633850e-03,1.710603534519714291e-03,2.108999089781571357e-03,0.000000000000000000e+00,0.000000000000000000e+00,0.000000000000000000e+00,0.000000000000000000e+00,0.000000000000000000e+00,0.000000000000000000e+00,0.000000000000000000e+00,4.952781163557517721e-05,4.306934835351016659e-04,6.413578680788172221e-04,6.706270121057185830e-04,5.305480710922958311e-04,2.440461726519654656e-04,0.000000000000000000e+00,0.000000000000000000e+00,0.000000000000000000e+00,0.000000000000000000e+00,0.000000000000000000e+00,0.000000000000000000e+00,0.000000000000000000e+00,1.095146651922950675e-04,2.161906047999845640e-04,3.086505646016781757e-04,3.864011338764632218e-04,4.490238881980186062e-04,4.961872863952182348e-04,5.276592847349093540e-04,5.433240568052252143e-04,5.432040162446803364e-04,5.274799869229632437e-04,4.965151387011663281e-04,4.508779036858689472e-04,3.913591574552602878e-04,3.189905534869284429e-04,2.350541866404631244e-04,1.410835401415170892e-04,3.886203249480168478e-05,0.000000000000000000e+00,0.000000000000000000e+00,0.000000000000000000e+00,0.000000000000000000e+00,0.000000000000000000e+00,0.000000000000000000e+00,0.000000000000000000e+00,0.000000000000000000e+00,0.000000000000000000e+00,0.000000000000000000e+00,0.000000000000000000e+00,0.000000000000000000e+00,0.000000000000000000e+00,0.000000000000000000e+00,0.000000000000000000e+00,0.000000000000000000e+00,0.000000000000000000e+00,0.000000000000000000e+00,4.922697286300868613e-04,2.415213225969551052e-03,0.000000000000000000e+00,0.000000000000000000e+00,0.000000000000000000e+00,0.000000000000000000e+00,0.000000000000000000e+00,0.000000000000000000e+00,0.000000000000000000e+00,0.000000000000000000e+00,0.000000000000000000e+00,0.000000000000000000e+00,0.000000000000000000e+00,0.000000000000000000e+00,0.000000000000000000e+00,2.516629540608919437e-03,0.000000000000000000e+00,0.000000000000000000e+00,0.000000000000000000e+00,1.376682340374654192e-03,0.000000000000000000e+00,0.000000000000000000e+00,0.000000000000000000e+00,0.000000000000000000e+00,6.560083402190487051e-04,1.270240390194274144e-04,0.000000000000000000e+00,0.000000000000000000e+00,0.000000000000000000e+00,0.000000000000000000e+00,2.526730238024351457e-04,7.242149181787748075e-04,9.335907496830205075e-04,8.580113529947590691e-04,5.491797527506182483e-04,1.229069298129886398e-04,0.000000000000000000e+00,0.000000000000000000e+00,0.000000000000000000e+00,7.177381227767089841e-05,8.497088993033010068e-04,1.869463768538225925e-03,0.000000000000000000e+00,0.000000000000000000e+00,0.000000000000000000e+00,0.000000000000000000e+00,0.000000000000000000e+00,0.000000000000000000e+00,0.000000000000000000e+00,0.000000000000000000e+00,0.000000000000000000e+00,0.000000000000000000e+00,0.000000000000000000e+00,0.000000000000000000e+00,0.000000000000000000e+00,0.000000000000000000e+00,0.000000000000000000e+00,0.000000000000000000e+00,0.000000000000000000e+00,0.000000000000000000e+00,0.000000000000000000e+00,0.000000000000000000e+00,0.000000000000000000e+00,0.000000000000000000e+00,0.000000000000000000e+00,0.000000000000000000e+00,0.000000000000000000e+00,0.000000000000000000e+00,0.000000000000000000e+00,0.000000000000000000e+00,0.000000000000000000e+00,0.000000000000000000e+00,0.000000000000000000e+00,0.000000000000000000e+00,0.000000000000000000e+00,0.000000000000000000e+00,1.745863380083254642e-03,0.000000000000000000e+00,7.391956525703432482e-04,1.600222817067075559e-03,2.208691646980794499e-03,2.601698733508923684e-03,2.839165785712024787e-03,2.985693353838561950e-03,3.095440343439041179e-03,3.202780269712150740e-03,3.319195797817197334e-03,3.435006129658975393e-03,3.523722322578463038e-03,3.547234146562526242e-03,3.461191526451228278e-03,3.221030315481863016e-03,2.789291662340721498e-03,2.144009863913621302e-03,1.286548878246662883e-03,7.087475977622545399e-04
1.285196312528623935e-08,0.000000000000000000e+00,0.000000000000000000e+00,0.000000000000000000e+00,0.000000000000000000e+00,0.000000000000000000e+00,0.000000000000000000e+00,0.000000000000000000e+00,0.000000000000000000e+00,0.000000000000000000e+00,0.000000000000000000e+00,0.000000000000000000e+00,1.977535238490719244e-04,1.215466157775865405e-03,2.052750234868461806e-03,2.663213144429457321e-03,0.000000000000000000e+00,0.000000000000000000e+00,0.000000000000000000e+00,0.000000000000000000e+00,0.000000000000000000e+00,0.000000000000000000e+00,0.000000000000000000e+00,0.000000000000000000e+00,0.000000000000000000e+00,0.000000000000000000e+00,0.000000000000000000e+00,0.000000000000000000e+00,0.000000000000000000e+00,0.000000000000000000e+00,0.000000000000000000e+00,0.000000000000000000e+00,0.000000000000000000e+00,0.000000000000000000e+00,0.000000000000000000e+00,0.000000000000000000e+00,0.000000000000000000e+00,0.000000000000000000e+00,0.000000000000000000e+00,0.000000000000000000e+00,0.000000000000000000e+00,0.000000000000000000e+00,0.000000000000000000e+00,2.996487379185953839e-04,1.195494132596457756e-03,1.943466864710951094e-03,2.527860996683834252e-03,2.951565363890217182e-03,3.219350984505666390e-03,3.328646222975713623e-03,3.272676431619526982e-03,3.053936107426094212e-03,2.700468825132418694e-03,2.275719795925631225e-03,1.875329873598130699e-03,1.609743335466673171e-03,1.577495992234475295e-03,1.838039903300204029e-03,2.393428982565878448e-03,0.000000000000000000e+00,0.000000000000000000e+00,0.000000000000000000e+00,0.000000000000000000e+00,0.000000000000000000e+00,0.000000000000000000e+00,0.000000000000000000e+00,0.000000000000000000e+00,0.000000000000000000e+00,0.000000000000000000e+00,0.000000000000000000e+00,8.445825648497794430e-04,0.000000000000000000e+00,0.000000000000000000e+00,0.000000000000000000e+00,1.932483197611799146e-07,9.407663432332803374e-04,1.702297527122922536e-03,2.229095062675373953e-03,2.495018632056163373e-03,0.000000000000000000e+00,0.000000000000000000e+00,0.000000000000000000e+00,3.298873664293269932e-04,1.017837964301522048e-03,0.000000000000000000e+00,0.000000000000000000e+00,0.000000000000000000e+00,0.000000000000000000e+00,0.000000000000000000e+00,9.339314606482763731e-05,0.000000000000000000e+00,0.000000000000000000e+00,0.000000000000000000e+00,0.000000000000000000e+00,0.000000000000000000e+00,0.000000000000000000e+00,0.000000000000000000e+00,2.019590692752750057e-04,4.417395359568666358e-04,3.820986052602732023e-04,3.061636315854320819e-05,0.000000000000000000e+00,0.000000000000000000e+00,0.000000000000000000e+00,0.000000000000000000e+00,0.000000000000000000e+00,0.000000000000000000e+00,0.000000000000000000e+00,0.000000000000000000e+00,0.000000000000000000e+00,0.000000000000000000e+00,0.000000000000000000e+00,0.000000000000000000e+00,0.000000000000000000e+00,0.000000000000000000e+00,0.000000000000000000e+00,0.000000000000000000e+00,0.000000000000000000e+00,0.000000000000000000e+00,0.000000000000000000e+00,1.396587433971271811e-03,2.970188123819585135e-03,4.492835642591336623e-03,5.804152150551858229e-03,6.781972074950335695e-03,7.363352165051757943e-03,7.549725692487377522e-03,7.396365697288456373e-03,6.990954157075691608e-03,6.428688720990264997e-03,5.791349178887540521e-03,5.135341888830442271e-03,4.489965388678582650e-03,3.863488764519528839e-03,3.252499730377749441e-03,2.650019211815850435e-03,2.049789326500621022e-03,1.446747829558439049e-03,8.356595788339752067e-04,2.103577461000621224e-04,0.000000000000000000e+00,0.000000000000000000e+00,0.000000000000000000e+00,0.000000000000000000e+00,0.000000000000000000e+00,0.000000000000000000e+00,0.000000000000000000e+00,0.000000000000000000e+00,0.000000000000000000e+00,0.000000000000000000e+00,0.000000000000000000e+00,0.000000000000000000e+00,0.000000000000000000e+00,0.000000000000000000e+00,0.000000000000000000e+00,0.000000000000000000e+00,0.000000000000000000e+00,0.000000000000000000e+00,0.000000000000000000e+00,0.000000000000000000e+00,0.000000000000000000e+00,0.000000000000000000e+00,4.854345234626800229e-04,1.100369877140000303e-03,1.422590261901043873e-03,1.417618141730226343e-03,1.098530828422226123e-03,5.255943089870369076e-04,2.517046589955221065e-04,5.052293596165456863e-04,5.775793936048400669e-04,4.953259798955073111e-04,3.083528754342151012e-04,8.199233634428834173e-05,0.000000000000000000e+00,0.000000000000000000e+00,0.000000000000000000e+00,0.000000000000000000e+00,5.570088175360705289e-04,1.273670256604652858e-03,1.412345235301468594e-03,1.847629663518206029e-03,2.292069352501787186e-03,0.000000000000000000e+00,0.000000000000000000e+00,0.000000000000000000e+00,0.000000000000000000e+00,0.000000000000000000e+00,0.000000000000000000e+00,0.000000000000000000e+00,0.000000000000000000e+00,0.000000000000000000e+00,0.000000000000000000e+00,0.000000000000000000e+00,0.000000000000000000e+00,0.000000000000000000e+00,0.000000000000000000e+00,0.000000000000000000e+00,3.152420608025146361e-04,8.319975001920096747e-04,1.271735207418265472e-03,1.633659312747531194e-03,1.926143889468857895e-03,0.000000000000000000e+00,0.000000000000000000e+00,0.000000000000000000e+00,0.000000000000000000e+00,0.000000000000000000e+00,9.172568883072853424e-04,1.980993692946392878e-03,2.987122134125351058e-03,3.863787381567217096e-03,4.545090811131534229e-03,4.978526124779445935e-03,5.132940861985704067e-03,5.004792173932096251e-03,4.620171211793974025e-03,4.031072939730448966e-03,3.306302978203487942e-03,2.519313456551736975e-03,1.736101922176506909e-03,1.005926710364448556e-03,3.564234108759631618e-04,0.000000000000000000e+00,0.000000000000000000e+00,0.000000000000000000e+00,0.000000000000000000e+00,0.000000000000000000e+00,0.000000000000000000e+00,0.000000000000000000e+00,0.000000000000000000e+00,0.000000000000000000e+00,0.000000000000000000e+00,0.000000000000000000e+00,0.000000000000000000e+00,0.000000000000000000e+00,0.000000000000000000e+00,0.000000000000000000e+00,0.000000000000000000e+00,0.000000000000000000e+00,0.000000000000000000e+00,0.000000000000000000e+00,0.000000000000000000e+00,0.000000000000000000e+00,0.000000000000000000e+00,0.000000000000000000e+00,0.000000000000000000e+00,0.000000000000000000e+00,0.000000000000000000e+00,0.000000000000000000e+00,0.000000000000000000e+00,1.442810896287832463e-04,4.003432396717176382e-04,2.608203988031096519e-03,2.001351108679167833e-03,0.000000000000000000e+00,0.000000000000000000e+00,7.412658808295494747e-05,9.122110687895609729e-04,1.696225092613383965e-03,2.349130254204598832e-03,2.808965866010496026e-03,3.036787960415257732e-03,3.019696317065395305e-03,2.768211940010581983e-03,2.308845873038968717e-03,1.674339372675856703e-03,8.949868144142043283e-04,0.000000000000000000e+00,0.000000000000000000e+00,0.000000000000000000e+00,0.000000000000000000e+00,0.000000000000000000e+00,0.000000000000000000e+00,0.000000000000000000e+00,0.000000000000000000e+00,0.000000000000000000e+00,0.000000000000000000e+00,0.000000000000000000e+00,0.000000000000000000e+00,0.000000000000000000e+00,0.000000000000000000e+00,0.000000000000000000e+00,0.000000000000000000e+00,0.000000000000000000e+00,0.000000000000000000e+00,0.000000000000000000e+00,0.000000000000000000e+00,2.707765326937546370e-04,7.460118107687739326e-04,1.082003412012993602e-03,1.971286545702165358e-03,2.975219783133393504e-03,2.709161576857920667e-03,3.530104194913113048e-03,4.154561577274825356e-03,0.000000000000000000e+00,0.000000000000000000e+00,0.000000000000000000e+00,0.000000000000000000e+00,0.000000000000000000e+00,0.000000000000000000e+00,0.000000000000000000e+00,0.000000000000000000e+00,0.000000000000000000e+00,0.000000000000000000e+00,0.000000000000000000e+00,0.000000000000000000e+00,0.000000000000000000e+00,2.810077747705648716e-04,8.622637840460926385e-04,0.000000000000000000e+00,0.000000000000000000e+00,0.000000000000000000e+00,0.000000000000000000e+00,0.000000000000000000e+00,0.000000000000000000e+00,0.000000000000000000e+00,0.000000000000000000e+00,3.111298495931503843e-04,6.361621107184768252e-04,9.030200615394591134e-04,1.087356711643691284e-03,1.159687202444990416e-03,1.090458525671276135e-03,8.580187215813408997e-04,4.567139129524612181e-04,0.000000000000000000e+00,0.000000000000000000e+00,0.000000000000000000e+00,0.000000000000000000e+00,0.000000000000000000e+00,0.000000000000000000e+00,0.000000000000000000e+00,0.000000000000000000e+00,0.000000000000000000e+00,0.000000000000000000e+00,0.000000000000000000e+00,0.000000000000000000e+00,0.000000000000000000e+00,0.000000000000000000e+00,0.000000000000000000e+00,0.000000000000000000e+00,0.000000000000000000e+00,2.504001908282098570e-04,1.452535487857630619e-03,2.657666433236776683e-03,3.794282025754036006e-03,4.792759382541074073e-03,5.596016975628738920e-03,6.168587902244357032e-03,6.500396427513867488e-03,6.602937783083710419e-03,6.498852150879018755e-03,6.209553034069629530e-03,5.747433190142212447e-03,5.117550099297957233e-03,4.328810034123884917e-03,3.408838479832178737e-03,2.413420674560440380e-03,0.000000000000000000e+00,5.077630642694104827e-04,2.654028688657737289e-03,0.000000000000000000e+00,0.000000000000000000e+00,0.000000000000000000e+00,0.000000000000000000e+00,0.000000000000000000e+00,0.000000000000000000e+00,0.000000000000000000e+00,0.000000000000000000e+00,0.000000000000000000e+00,1.319504353216450002e-03,3.432027904478261965e-04,2.597770804246046284e-04,3.823840400781736257e-04,0.000000000000000000e+00,0.000000000000000000e+00,0.000000000000000000e+00,0.000000000000000000e+00,0.000000000000000000e+00,0.000000000000000000e+00,0.000000000000000000e+00,0.000000000000000000e+00,0.000000000000000000e+00,0.000000000000000000e+00,4.848423584953871074e-04,9.125297060795634465e-04,1.213111122580470738e-03,1.383116343156435548e-03,1.431488081642224523e-03,1.377254232571457600e-03,1.246421703994288590e-03,1.069102938316950774e-03,8.771867440329494687e-04,7.020820845134853258e-04,5.718609498768156482e-04,5.077470388473750941e-04,5.210010689170904534e-04,6.119235686499991615e-04
6.544819534285325882e-08,0.000000000000000000e+00,0.000000000000000000e+00,0.000000000000000000e+00,0.000000000000000000e+00,0.000000000000000000e+00,2.204975744642163112e-03,4.725852581774298770e-04,0.000000000000000000e+00,0.000000000000000000e+00,0.000000000000000000e+00,0.000000000000000000e+00,2.301239159887181627e-04,9.169066517030550123e-04,1.404850625199638176e-03,1.550469720099865436e-03,1.221035490874578704e-03,4.045254391186819888e-04,0.000000000000000000e+00,0.000000000000000000e+00,0.000000000000000000e+00,0.000000000000000000e+00,0.000000000000000000e+00,0.000000000000000000e+00,0.000000000000000000e+00,0.000000000000000000e+00,0.000000000000000000e+00,0.000000000000000000e+00,0.000000000000000000e+00,0.000000000000000000e+00,0.000000000000000000e+00,2.387593101423114998e-04,1.232415635756402923e-04,0.000000000000000000e+00,0.000000000000000000e+00,0.000000000000000000e+00,0.000000000000000000e+00,0.000000000000000000e+00,0.000000000000000000e+00,0.000000000000000000e+00,3.780728749482989469e-04,8.088830296803863366e-04,1.055548828406555279e-03,1.079852126928259205e-03,8.985299633388591119e-04,5.789126057096445534e-04,2.207168160589798912e-04,0.000000000000000000e+00,0.000000000000000000e+00,3.532191853782346751e-04,6.012057727276705343e-04,0.000000000000000000e+00,0.000000000000000000e+00,0.000000000000000000e+00,2.331064783990880449e-04,0.000000000000000000e+00,5.946865066034031939e-04,3.174856217546553568e-04,1.784603779696964439e-04,2.381138090936625509e-03,9.218310204631791288e-04,1.200584628938424110e-03,0.000000000000000000e+00,0.000000000000000000e+00,0.000000000000000000e+00,0.000000000000000000e+00,0.000000000000000000e+00,3.567286160284781783e-04,1.100194995432968344e-03,1.782178955693139140e-03,0.000000000000000000e+00,0.000000000000000000e+00,0.000000000000000000e+00,0.000000000000000000e+00,0.000000000000000000e+00,0.000000000000000000e+00,0.000000000000000000e+00,0.000000000000000000e+00,0.000000000000000000e+00,0.000000000000000000e+00,0.000000000000000000e+00,0.000000000000000000e+00,0.000000000000000000e+00,4.721132100369202270e-04,0.000000000000000000e+00,0.000000000000000000e+00,0.000000000000000000e+00,0.000000000000000000e+00,0.000000000000000000e+00,1.029469231911600904e-03,0.000000000000000000e+00,0.000000000000000000e+00,0.000000000000000000e+00,0.000000000000000000e+00,1.627814897528913384e-03,0.000000000000000000e+00,1.549439336746077586e-04,1.570814272743658192e-03,2.915155661600486638e-03,4.012534536830840957e-03,4.740459095614810159e-03,0.000000000000000000e+00,0.000000000000000000e+00,0.000000000000000000e+00,0.000000000000000000e+00,0.000000000000000000e+00,0.000000000000000000e+00,1.352445029363913290e-03,2.818184485766267976e-03,3.862862465530908420e-03,4.404163877007837014e-03,4.432072222512487177e-03,4.014400780485032072e-03,3.284406767040855876e-03,2.411208616334628053e-03,1.560404367745577307e-03,8.564642664234544019e-04,3.581622099459534484e-04,5.379687492474917774e-05,0.000000000000000000e+00,0.000000000000000000e+00,0.000000000000000000e+00,0.000000000000000000e+00,0.000000000000000000e+00,1.583214935283050332e-03,7.033100819088148681e-04,5.674048357405738635e-05,0.000000000000000000e+00,0.000000000000000000e+00,0.000000000000000000e+00,0.000000000000000000e+00,4.088926096226561113e-03,0.000000000000000000e+00,0.000000000000000000e+00,0.000000000000000000e+00,0.000000000000000000e+00,0.000000000000000000e+00,0.000000000000000000e+00,0.000000000000000000e+00,0.000000000000000000e+00,0.000000000000000000e+00,0.000000000000000000e+00,0.000000000000000000e+00,0.000000000000000000e+00,0.000000000000000000e+00,0.000000000000000000e+00,0.000000000000000000e+00,0.000000000000000000e+00,0.000000000000000000e+00,0.000000000000000000e+00,0.000000000000000000e+00,0.000000000000000000e+00,0.000000000000000000e+00,0.000000000000000000e+00,0.000000000000000000e+00,0.000000000000000000e+00,0.000000000000000000e+00,0.000000000000000000e+00,0.000000000000000000e+00,0.000000000000000000e+00,0.000000000000000000e+00,0.000000000000000000e+00,0.000000000000000000e+00,0.000000000000000000e+00,0.000000000000000000e+00,0.000000000000000000e+00,0.000000000000000000e+00,0.000000000000000000e+00,0.000000000000000000e+00,0.000000000000000000e+00,0.000000000000000000e+00,0.000000000000000000e+00,0.000000000000000000e+00,0.000000000000000000e+00,0.000000000000000000e+00,0.000000000000000000e+00,0.000000000000000000e+00,0.000000000000000000e+00,0.000000000000000000e+00,0.000000000000000000e+00,0.000000000000000000e+00,0.000000000000000000e+00,0.000000000000000000e+00,0.000000000000000000e+00,0.000000000000000000e+00,0.000000000000000000e+00,3.516497229274793968e-03,0.000000000000000000e+00,9.290311296859896789e-04,0.000000000000000000e+00,0.000000000000000000e+00,0.000000000000000000e+00,0.000000000000000000e+00,0.000000000000000000e+00,2.157497065878126780e-05,7.346590160778438371e-04,1.658849343875179851e-03,2.744767499664265645e-03,3.888002650390020697e-03,4.950421022150554816e-03,5.790467893127036400e-03,6.291875677817746100e-03,6.381842031086650165e-03,6.035290813635248164e-03,5.268271814784715977e-03,4.127575804336756568e-03,2.683347708349942927e-03,1.027484090920008667e-03,0.000000000000000000e+00,0.000000000000000000e+00,0.000000000000000000e+00,0.000000000000000000e+00,0.000000000000000000e+00,0.000000000000000000e+00,0.000000000000000000e+00,0.000000000000000000e+00,0.000000000000000000e+00,0.000000000000000000e+00,0.000000000000000000e+00,0.000000000000000000e+00,4.400834944368444074e-04,1.060001735459767608e-03,1.379585985977439897e-03,0.000000000000000000e+00,0.000000000000000000e+00,0.000000000000000000e+00,4.863746223446073014e-04,0.000000000000000000e+00,7.770806511754886192e-04,0.000000000000000000e+00,0.000000000000000000e+00,0.000000000000000000e+00,0.000000000000000000e+00,0.000000000000000000e+00,0.000000000000000000e+00,0.000000000000000000e+00,1.479629386015671351e-03,0.000000000000000000e+00,0.000000000000000000e+00,3.955077614116988584e-03,0.000000000000000000e+00,0.000000000000000000e+00,0.000000000000000000e+00,0.000000000000000000e+00,0.000000000000000000e+00,2.644883604050315626e-04,6.983538895421571380e-04,8.706047111901168631e-04,7.670605095409449917e-04,9.681012792912561038e-04,1.403894910463034974e-03,1.893852104132422859e-03,2.422435026406602292e-03,2.956397642888799419e-03,3.443766532201769648e-03,0.000000000000000000e+00,0.000000000000000000e+00,0.000000000000000000e+00,0.000000000000000000e+00,0.000000000000000000e+00,0.000000000000000000e+00,0.000000000000000000e+00,1.946836218720652016e-05,7.409018939722074315e-04,0.000000000000000000e+00,0.000000000000000000e+00,6.205332120226082814e-04,1.997291728270293026e-03,3.150774416038418842e-03,0.000000000000000000e+00,0.000000000000000000e+00,0.000000000000000000e+00,0.000000000000000000e+00,0.000000000000000000e+00,0.000000000000000000e+00,0.000000000000000000e+00,0.000000000000000000e+00,0.000000000000000000e+00,0.000000000000000000e+00,7.735597852124592331e-04,1.448088176860961359e-03,1.996454345432088686e-03,2.401777547473840906e-03,3.247243329866089222e-03,0.000000000000000000e+00,0.000000000000000000e+00,0.000000000000000000e+00,0.000000000000000000e+00,5.982135756226916561e-04,1.109001482032747135e-03,1.388395909298776416e-03,1.361247425758015757e-03,9.676705380908935759e-04,1.816920924961247540e-04,0.000000000000000000e+00,0.000000000000000000e+00,0.000000000000000000e+00,0.000000000000000000e+00,0.000000000000000000e+00,0.000000000000000000e+00,6.621244958783683611e-04,1.324221729170028602e-03,1.904038573480007447e-03,2.360220585573366385e-03,2.675632765924087445e-03,2.853834027186655242e-03,2.912084157544721739e-03,2.874792101776371765e-03,2.769853103034524994e-03,2.627986626394001029e-03,2.483453267569677402e-03,2.374046155939637821e-03,2.338878596228911259e-03,2.413477257321963460e-03,2.622541091384251229e-03,2.971413904081952970e-03,3.438150158784985654e-03,3.968943660487187462e-03,4.480067500345365737e-03,4.868509140990692242e-03,5.030899867642431127e-03,4.886921074335492422e-03,4.400745027211092064e-03,3.593714928489913016e-03,2.543869361417273097e-03,1.372162037646571745e-03,2.194357354556861542e-04,0.000000000000000000e+00,0.000000000000000000e+00,0.000000000000000000e+00,0.000000000000000000e+00,0.000000000000000000e+00,0.000000000000000000e+00,0.000000000000000000e+00,4.003006340016863548e-04,1.282204746807575962e-03,2.118411454214901533e-03,2.845163397786017179e-03,3.413830369906184319e-03,3.790884678496322067e-03,3.955880715911186396e-03,3.898402936279424680e-03,3.615233444657391451e-03,3.108982010751605053e-03,2.388920858041398455e-03,1.473929662183947557e-03,3.964877768615489946e-04,0.000000000000000000e+00,0.000000000000000000e+00,0.000000000000000000e+00,0.000000000000000000e+00,3.616431807722591613e-05,2.236550157098143757e-04,3.547827157510728235e-04,3.746699020386512393e-04,2.440255020524010720e-04,0.000000000000000000e+00,0.000000000000000000e+00,0.000000000000000000e+00,0.000000000000000000e+00,0.000000000000000000e+00,0.000000000000000000e+00,0.000000000000000000e+00,0.000000000000000000e+00,0.000000000000000000e+00,5.640975882500316019e-05,1.212770593611473024e-04,1.766639537272770839e-04,3.028875673250833980e-04,5.514077628378906892e-04,9.314572540327172891e-04,1.410336399125681388e-03,1.925973320427684264e-03,2.406051253571816519e-03,2.786418442743016002e-03,3.022983969028549597e-03,3.094832491052946187e-03,3.000096781141345890e-03,2.748631924001204620e-03,2.355851026920842677e-03,1.840442961166950577e-03,1.226095872793367490e-03,5.450418022708302963e-04,0.000000000000000000e+00,0.000000000000000000e+00,0.000000000000000000e+00,0.000000000000000000e+00,0.000000000000000000e+00,0.000000000000000000e+00,0.000000000000000000e+00,0.000000000000000000e+00,0.000000000000000000e+00,0.000000000000000000e+00,0.000000000000000000e+00,0.000000000000000000e+00,6.199295502881197253e-04,1.234931902741841009e-03,1.799194421874122929e-03,2.262153293452193788e-03,2.569936654787043692e-03
1.131534404480253079e-07,0.000000000000000000e+00,0.000000000000000000e+00,0.000000000000000000e+00,8.102943116433284710e-05,2.063149640482089960e-04,8.700534946899227866e-04,0.000000000000000000e+00,0.000000000000000000e+00,2.424838886741627569e-04,6.617219946843747860e-04,1.143759307033165220e-03,1.625059437550968643e-03,2.038812425807612350e-03,2.327934736692677600e-03,2.456720231937746697e-03,2.418303566950063838e-03,2.235728497911745015e-03,1.955930397794492914e-03,1.638035544221805133e-03,1.339267205863546367e-03,1.102715676420506184e-03,1.377414421963447022e-03,9.528377695770894442e-04,1.619070057856077582e-03,3.170068731759126228e-03,4.580367482220214399e-03,5.696089243439650049e-03,6.376477078286884974e-03,6.524248360987800269e-03,6.111090744790118913e-03,5.190192075690660926e-03,3.890744041973660892e-03,2.394647091696402389e-03,9.013107707352107896e-04,0.000000000000000000e+00,0.000000000000000000e+00,0.000000000000000000e+00,0.000000000000000000e+00,0.000000000000000000e+00,0.000000000000000000e+00,0.000000000000000000e+00,0.000000000000000000e+00,0.000000000000000000e+00,0.000000000000000000e+00,0.000000000000000000e+00,0.000000000000000000e+00,0.000000000000000000e+00,0.000000000000000000e+00,0.000000000000000000e+00,0.000000000000000000e+00,0.000000000000000000e+00,0.000000000000000000e+00,0.000000000000000000e+00,0.000000000000000000e+00,0.000000000000000000e+00,0.000000000000000000e+00,0.000000000000000000e+00,0.000000000000000000e+00,0.000000000000000000e+00,0.000000000000000000e+00,0.000000000000000000e+00,0.000000000000000000e+00,0.000000000000000000e+00,0.000000000000000000e+00,1.188791711216208346e-03,0.000000000000000000e+00,2.832792466264012852e-03,7.587401655948792156e-04,9.123776872274161646e-04,9.053048299158559858e-04,7.639231951805049072e-04,5.283644963607217557e-04,2.469073968127354340e-04,0.000000000000000000e+00,0.000000000000000000e+00,0.000000000000000000e+00,0.000000000000000000e+00,0.000000000000000000e+00,0.000000000000000000e+00,0.000000000000000000e+00,6.702710501883597414e-05,6.852612270285260215e-04,1.123224848929567626e-03,1.360939085076589465e-03,1.408998521716265306e-03,1.305431039085435752e-03,1.109216660252708084e-03,8.905136205802218711e-04,7.179037101689623611e-04,6.441813802094659798e-04,6.937187251134655430e-04,8.553185830115485290e-04,1.083784230209849410e-03,1.311073198726378725e-03,1.464573278613820429e-03,1.487189893020869581e-03,1.352918501565546954e-03,1.073020633082119547e-03,6.912751954516283904e-04,2.705975848785165203e-04,0.000000000000000000e+00,0.000000000000000000e+00,0.000000000000000000e+00,0.000000000000000000e+00,0.000000000000000000e+00,0.000000000000000000e+00,0.000000000000000000e+00,0.000000000000000000e+00,5.870962725875478752e-05,4.161075238231841888e-04,6.138028321024623351e-04,6.386526522948617578e-04,4.949833774778512234e-04,5.415124932379308201e-04,5.324118934540137847e-04,7.025271250339214669e-04,9.087407877394547244e-04,1.113452046908049728e-03,1.315105836364642697e-03,1.512013604061346718e-03,1.702392539284738231e-03,1.884410970408477957e-03,2.056239799431672840e-03,2.216109133872050992e-03,0.000000000000000000e+00,0.000000000000000000e+00,0.000000000000000000e+00,0.000000000000000000e+00,0.000000000000000000e+00,0.000000000000000000e+00,0.000000000000000000e+00,0.000000000000000000e+00,1.732518711769156258e-04,4.115339521324226060e-04,5.655200178777654773e-04,6.421083618655873664e-04,6.700589452601581932e-04,1.094566549163081704e-03,1.750014081389512357e-03,2.395599304699581964e-03,2.948713539557696207e-03,3.335545081525722894e-03,3.504809403920004438e-03,0.000000000000000000e+00,0.000000000000000000e+00,1.367371144467732140e-04,8.194728599627089166e-04,1.392214392306913642e-03,0.000000000000000000e+00,0.000000000000000000e+00,0.000000000000000000e+00,4.470799791904417494e-04,1.208124872526695299e-03,1.752172623138155199e-03,2.001438401400472671e-03,1.932892400046845984e-03,1.584789115439462102e-03,1.048286620237668353e-03,5.129617295792880801e-04,0.000000000000000000e+00,0.000000000000000000e+00,0.000000000000000000e+00,0.000000000000000000e+00,0.000000000000000000e+00,0.000000000000000000e+00,0.000000000000000000e+00,0.000000000000000000e+00,0.000000000000000000e+00,0.000000000000000000e+00,0.000000000000000000e+00,0.000000000000000000e+00,0.000000000000000000e+00,0.000000000000000000e+00,0.000000000000000000e+00,0.000000000000000000e+00,2.838121848646112892e-04,6.700826509584908997e-04,1.004215720055188143e-03,1.289959643588896396e-03,1.530823060159048916e-03,1.727027964803332398e-03,1.872603099585106682e-03,1.954054479194782153e-03,1.952099225827416988e-03,1.958274598566992711e-03,0.000000000000000000e+00,0.000000000000000000e+00,0.000000000000000000e+00,0.000000000000000000e+00,0.000000000000000000e+00,0.000000000000000000e+00,0.000000000000000000e+00,0.000000000000000000e+00,0.000000000000000000e+00,0.000000000000000000e+00,0.000000000000000000e+00,0.000000000000000000e+00,0.000000000000000000e+00,0.000000000000000000e+00,0.000000000000000000e+00,0.000000000000000000e+00,0.000000000000000000e+00,0.000000000000000000e+00,0.000000000000000000e+00,0.000000000000000000e+00,0.000000000000000000e+00,0.000000000000000000e+00,0.000000000000000000e+00,0.000000000000000000e+00,0.000000000000000000e+00,0.000000000000000000e+00,0.000000000000000000e+00,0.000000000000000000e+00,0.000000000000000000e+00,0.000000000000000000e+00,0.000000000000000000e+00,0.000000000000000000e+00,0.000000000000000000e+00,0.000000000000000000e+00,1.539463571220413781e-06,1.539301106487985123e-04,2.923500170061975345e-04,4.158149115426931341e-04,5.235640640997212079e-04,6.150611335707263910e-04,6.899932879791023351e-04,7.482665350216349950e-04,7.899983467700264113e-04,8.155101626485064016e-04,8.253155557763748682e-04,8.201087274126930707e-04,8.007514165984458898e-04,7.682565354063750898e-04,7.237733563345984762e-04,6.685688396114262012e-04,6.040081981921589273e-04,5.315323406550186581e-04,4.526368575614965538e-04,3.688456074384322057e-04,2.816841823285355520e-04,1.926531558846229591e-04,1.032004775365406667e-04,1.469051773985523844e-05,0.000000000000000000e+00,0.000000000000000000e+00,0.000000000000000000e+00,0.000000000000000000e+00,0.000000000000000000e+00,0.000000000000000000e+00,0.000000000000000000e+00,0.000000000000000000e+00,0.000000000000000000e+00,0.000000000000000000e+00,0.000000000000000000e+00,0.000000000000000000e+00,0.000000000000000000e+00,0.000000000000000000e+00,0.000000000000000000e+00,0.000000000000000000e+00,0.000000000000000000e+00,0.000000000000000000e+00,0.000000000000000000e+00,0.000000000000000000e+00,0.000000000000000000e+00,0.000000000000000000e+00,0.000000000000000000e+00,0.000000000000000000e+00,0.000000000000000000e+00,0.000000000000000000e+00,0.000000000000000000e+00,0.000000000000000000e+00,0.000000000000000000e+00,0.000000000000000000e+00,2.558818661142559566e-04,5.899009902234980066e-04,9.344171231112891702e-04,1.249591631295850214e-03,1.497579902695834932e-03,1.645101357303363271e-03,1.664870025048747083e-03,1.537648153635510530e-03,2.107891419591007530e-03,3.472335635251740972e-03,4.763050227698447346e-03,5.891034330048804980e-03,6.770506082176353316e-03,7.332713506768923951e-03,7.535924801015936141e-03,7.369816209859934505e-03,6.854824318324288616e-03,6.038373965059387963e-03,4.989737896747360561e-03,3.794159944831700364e-03,2.545757035739801798e-03,1.660359822871818134e-03,2.275153082999045815e-03,2.721625573844235237e-03,2.977526683619374087e-03,3.042853516774779096e-03,2.932924332860999996e-03,2.670773071715278231e-03,2.281364024027763421e-03,1.789112749812289769e-03,1.218773940852255298e-03,5.984582280172006698e-04,0.000000000000000000e+00,0.000000000000000000e+00,0.000000000000000000e+00,0.000000000000000000e+00,1.815758782294021878e-03,4.254342314539021064e-03,6.188456051050816300e-04,0.000000000000000000e+00,0.000000000000000000e+00,7.000928701403885126e-05,8.024250024930299277e-04,1.472462518810831872e-03,1.998385780176623917e-03,2.323244832223301474e-03,0.000000000000000000e+00,0.000000000000000000e+00,0.000000000000000000e+00,0.000000000000000000e+00,6.071858749480964993e-04,1.326110274796498409e-03,0.000000000000000000e+00,0.000000000000000000e+00,0.000000000000000000e+00,0.000000000000000000e+00,1.167807642738714121e-03,1.916559391363706387e-03,2.504283852974663934e-03,0.000000000000000000e+00,0.000000000000000000e+00,0.000000000000000000e+00,0.000000000000000000e+00,0.000000000000000000e+00,0.000000000000000000e+00,0.000000000000000000e+00,0.000000000000000000e+00,0.000000000000000000e+00,0.000000000000000000e+00,0.000000000000000000e+00,0.000000000000000000e+00,0.000000000000000000e+00,0.000000000000000000e+00,2.357493696937260129e-04,6.654547517548808954e-04,9.535172650672393965e-04,1.059546649654991663e-03,9.439680163081690068e-04,5.813302152925555041e-04,0.000000000000000000e+00,0.000000000000000000e+00,0.000000000000000000e+00,0.000000000000000000e+00,0.000000000000000000e+00,0.000000000000000000e+00,0.000000000000000000e+00,0.000000000000000000e+00,0.000000000000000000e+00,0.000000000000000000e+00,0.000000000000000000e+00,0.000000000000000000e+00,1.707333503149993138e-03,3.702836328323249812e-03,5.546989620878626723e-03,7.071020995763332810e-03,8.137524999859948455e-03,8.659196977311139215e-03,8.610920933540445674e-03,8.031409143476253218e-03,7.013555722986308284e-03,5.686656340253521541e-03,4.196535974748899153e-03,2.689561987540155154e-03,1.303444538664543699e-03,1.633762175467671563e-04,0.000000000000000000e+00,0.000000000000000000e+00,0.000000000000000000e+00,0.000000000000000000e+00,9.584370899410780487e-04,2.400999053615398594e-03,0.000000000000000000e+00,0.000000000000000000e+00,0.000000000000000000e+00,0.000000000000000000e+00,0.000000000000000000e+00,0.000000000000000000e+00,0.000000000000000000e+00,0.000000000000000000e+00,0.000000000000000000e+00,0.000000000000000000e+00,2.285588477244036843e-04,6.503084683532514131e-04,0.000000000000000000e+00,0.000000000000000000e+00,0.000000000000000000e+00
2.951068523473291581e-07,0.000000000000000000e+00,3.958870492562059249e-04,2.108256685852149300e-05,0.000000000000000000e+00,0.000000000000000000e+00,2.220515348034584889e-05,2.531001632393920821e-04,7.589183730879495594e-04,1.356440167618358202e-03,2.018129623815142354e-03,2.761155647573263622e-03,3.650598042586487412e-03,4.446436722741297157e-03,5.029433404157048794e-03,5.427670393432415009e-03,5.895557863124862435e-03,6.199354909940518570e-03,6.318738614653080128e-03,6.255875558537645972e-03,6.033825002294691819e-03,5.689294148776668190e-03,5.263465987680212947e-03,4.794979353557083344e-03,3.800476283872526295e-03,3.221979071655133899e-03,2.693295823560199701e-03,2.238263164255229528e-03,1.872798861540945744e-03,1.599827184969337653e-03,1.406674506526498381e-03,1.267890623189082402e-03,1.153736800893993960e-03,1.041357597649721295e-03,9.237373910733752847e-04,8.121839824665731157e-04,7.309945931615613197e-04,7.065862210159394238e-04,7.558822451702738778e-04,8.788515816661189627e-04,1.057854185065772168e-03,1.263155531996736124e-03,1.461315452706179324e-03,1.622487038170715001e-03,1.724045704707726639e-03,1.750511707332132920e-03,1.691790444108091538e-03,1.542275223371652191e-03,1.302092662267951119e-03,9.797238130867429520e-04,0.000000000000000000e+00,1.728421485189488309e-04,7.755756294703648572e-03,0.000000000000000000e+00,0.000000000000000000e+00,0.000000000000000000e+00,0.000000000000000000e+00,0.000000000000000000e+00,0.000000000000000000e+00,0.000000000000000000e+00,0.000000000000000000e+00,0.000000000000000000e+00,0.000000000000000000e+00,0.000000000000000000e+00,0.000000000000000000e+00,0.000000000000000000e+00,0.000000000000000000e+00,0.000000000000000000e+00,0.000000000000000000e+00,0.000000000000000000e+00,0.000000000000000000e+00,0.000000000000000000e+00,0.000000000000000000e+00,0.000000000000000000e+00,0.000000000000000000e+00,0.000000000000000000e+00,0.000000000000000000e+00,0.000000000000000000e+00,0.000000000000000000e+00,0.000000000000000000e+00,0.000000000000000000e+00,0.000000000000000000e+00,0.000000000000000000e+00,0.000000000000000000e+00,0.000000000000000000e+00,0.000000000000000000e+00,0.000000000000000000e+00,0.000000000000000000e+00,0.000000000000000000e+00,0.000000000000000000e+00,0.000000000000000000e+00,2.391487491973935415e-03,2.691874824711009903e-04,0.000000000000000000e+00,9.025588074214963084e-05,3.181786672640654146e-04,5.905209077730562460e-04,9.022208871735601116e-04,1.228363201048880780e-03,1.523420650062418981e-03,1.727892749089958869e-03,1.781545146755248409e-03,1.640163830294625409e-03,1.291195218964868562e-03,7.633215818025756993e-04,1.261410067818057729e-04,0.000000000000000000e+00,0.000000000000000000e+00,0.000000000000000000e+00,0.000000000000000000e+00,0.000000000000000000e+00,0.000000000000000000e+00,0.000000000000000000e+00,1.954163778861117459e-05,5.647803085129314256e-04,1.037113283111473815e-03,1.407992241086973573e-03,1.673902540216081619e-03,1.849342925014681952e-03,1.958403820814331054e-03,2.027280648014870724e-03,2.078694703090902193e-03,2.128524700546659439e-03,2.185027725047126914e-03,2.251100149212624264e-03,2.329379049404290032e-03,2.428512813531548409e-03,2.567577717522325984e-03,2.775542252370635007e-03,3.084438440800220220e-03,3.517843505136071958e-03,4.078813283374663722e-03,0.000000000000000000e+00,0.000000000000000000e+00,0.000000000000000000e+00,0.000000000000000000e+00,0.000000000000000000e+00,0.000000000000000000e+00,0.000000000000000000e+00,0.000000000000000000e+00,0.000000000000000000e+00,0.000000000000000000e+00,0.000000000000000000e+00,4.139146141863427704e-04,3.695820816450732810e-03,0.000000000000000000e+00,0.000000000000000000e+00,0.000000000000000000e+00,0.000000000000000000e+00,0.000000000000000000e+00,0.000000000000000000e+00,0.000000000000000000e+00,0.000000000000000000e+00,0.000000000000000000e+00,0.000000000000000000e+00,0.000000000000000000e+00,0.000000000000000000e+00,0.000000000000000000e+00,0.000000000000000000e+00,0.000000000000000000e+00,0.000000000000000000e+00,0.000000000000000000e+00,0.000000000000000000e+00,0.000000000000000000e+00,0.000000000000000000e+00,0.000000000000000000e+00,0.000000000000000000e+00,0.000000000000000000e+00,0.000000000000000000e+00,0.000000000000000000e+00,0.000000000000000000e+00,0.000000000000000000e+00,0.000000000000000000e+00,0.000000000000000000e+00,0.000000000000000000e+00,0.000000000000000000e+00,0.000000000000000000e+00,0.000000000000000000e+00,0.000000000000000000e+00,0.000000000000000000e+00,0.000000000000000000e+00,0.000000000000000000e+00,7.680275914645813974e-05,9.917517676790773423e-04,1.744562578134864483e-03,2.328981330083117890e-03,0.000000000000000000e+00,0.000000000000000000e+00,0.000000000000000000e+00,0.000000000000000000e+00,0.000000000000000000e+00,0.000000000000000000e+00,0.000000000000000000e+00,0.000000000000000000e+00,0.000000000000000000e+00,0.000000000000000000e+00,0.000000000000000000e+00,0.000000000000000000e+00,0.000000000000000000e+00,3.796581305636513646e-04,3.144374983632751766e-03,5.605170154596565181e-04,7.963304255017803358e-04,0.000000000000000000e+00,0.000000000000000000e+00,0.000000000000000000e+00,0.000000000000000000e+00,5.029714317360830340e-04,1.291479546005761762e-03,2.209146709059130794e-03,3.222440500325862364e-03,4.285900757927783508e-03,5.335118953585875866e-03,6.284439922288681361e-03,7.033925511188489008e-03,7.486233461239165041e-03,7.569313744886875528e-03,7.257506310416418638e-03,6.583345047784064027e-03,5.635142843966252021e-03,4.540007305234035513e-03,3.436531160113081695e-03,2.444503894574874894e-03,1.639884182379159607e-03,1.041841884971240551e-03,6.154038134335273937e-04,2.888214184208428193e-04,0.000000000000000000e+00,0.000000000000000000e+00,0.000000000000000000e+00,0.000000000000000000e+00,0.000000000000000000e+00,0.000000000000000000e+00,0.000000000000000000e+00,0.000000000000000000e+00,0.000000000000000000e+00,0.000000000000000000e+00,0.000000000000000000e+00,1.374359439666654286e-04,3.195539985408859173e-04,5.670231401240503248e-04,1.187672204107153781e-03,1.748530965605317586e-03,2.210619372186386784e-03,2.527505441180042788e-03,2.651233395726680393e-03,2.544540518731388222e-03,2.195347642886398467e-03,1.627865839083574582e-03,6.169335332970688965e-03,1.677661423520675991e-03,0.000000000000000000e+00,0.000000000000000000e+00,0.000000000000000000e+00,0.000000000000000000e+00,0.000000000000000000e+00,0.000000000000000000e+00,0.000000000000000000e+00,0.000000000000000000e+00,0.000000000000000000e+00,0.000000000000000000e+00,0.000000000000000000e+00,0.000000000000000000e+00,0.000000000000000000e+00,2.974730557583925078e-04,9.666445490732403353e-04,9.181962281908817580e-03,0.000000000000000000e+00,0.000000000000000000e+00,0.000000000000000000e+00,0.000000000000000000e+00,3.041877200885164637e-04,0.000000000000000000e+00,0.000000000000000000e+00,0.000000000000000000e+00,0.000000000000000000e+00,0.000000000000000000e+00,0.000000000000000000e+00,0.000000000000000000e+00,0.000000000000000000e+00,0.000000000000000000e+00,0.000000000000000000e+00,0.000000000000000000e+00,0.000000000000000000e+00,0.000000000000000000e+00,0.000000000000000000e+00,0.000000000000000000e+00,3.694745545003943923e-04,9.795015376642313056e-04,1.432314406695291880e-03,1.690782184363791426e-03,1.741329846552155860e-03,1.603824909097283351e-03,1.336980571926124281e-03,1.035632673416636779e-03,8.173115237747590606e-04,7.985667659002517599e-04,1.065888231558852900e-03,1.649782769929880729e-03,0.000000000000000000e+00,0.000000000000000000e+00,0.000000000000000000e+00,0.000000000000000000e+00,0.000000000000000000e+00,0.000000000000000000e+00,0.000000000000000000e+00,0.000000000000000000e+00,0.000000000000000000e+00,0.000000000000000000e+00,0.000000000000000000e+00,0.000000000000000000e+00,0.000000000000000000e+00,0.000000000000000000e+00,0.000000000000000000e+00,0.000000000000000000e+00,0.000000000000000000e+00,0.000000000000000000e+00,0.000000000000000000e+00,0.000000000000000000e+00,0.000000000000000000e+00,0.000000000000000000e+00,0.000000000000000000e+00,0.000000000000000000e+00,0.000000000000000000e+00,0.000000000000000000e+00,0.000000000000000000e+00,0.000000000000000000e+00,0.000000000000000000e+00,0.000000000000000000e+00,0.000000000000000000e+00,0.000000000000000000e+00,0.000000000000000000e+00,0.000000000000000000e+00,8.371552392758533799e-04,0.000000000000000000e+00,0.000000000000000000e+00,0.000000000000000000e+00,0.000000000000000000e+00,0.000000000000000000e+00,0.000000000000000000e+00,0.000000000000000000e+00,0.000000000000000000e+00,0.000000000000000000e+00,0.000000000000000000e+00,0.000000000000000000e+00,0.000000000000000000e+00,0.000000000000000000e+00,0.000000000000000000e+00,0.000000000000000000e+00,0.000000000000000000e+00,0.000000000000000000e+00,0.000000000000000000e+00,0.000000000000000000e+00,0.000000000000000000e+00,0.000000000000000000e+00,0.000000000000000000e+00,0.000000000000000000e+00,0.000000000000000000e+00,0.000000000000000000e+00,0.000000000000000000e+00,0.000000000000000000e+00,0.000000000000000000e+00,9.433008138156569785e-05,0.000000000000000000e+00,0.000000000000000000e+00,0.000000000000000000e+00,0.000000000000000000e+00,0.000000000000000000e+00,0.000000000000000000e+00,0.000000000000000000e+00,0.000000000000000000e+00,0.000000000000000000e+00,0.000000000000000000e+00,0.000000000000000000e+00,0.000000000000000000e+00,0.000000000000000000e+00,0.000000000000000000e+00,0.000000000000000000e+00,0.000000000000000000e+00,0.000000000000000000e+00,0.000000000000000000e+00,2.147642916701943908e-04,1.836304965555811712e-03,3.285742425143584750e-03,4.495607147109169019e-03,5.397158067325442954e-03,3.553870133275693205e-03,3.247167498999721340e-03,2.732942709096806370e-03,2.066526048402603927e-03,1.304725127414323735e-03,4.984342191824955772e-04,0.000000000000000000e+00,0.000000000000000000e+00,0.000000000000000000e+00,0.000000000000000000e+00,0.000000000000000000e+00,0.000000000000000000e+00,0.000000000000000000e+00,0.000000000000000000e+00
7.284642314164916273e-08,0.000000000000000000e+00,0.000000000000000000e+00,0.000000000000000000e+00,0.000000000000000000e+00,0.000000000000000000e+00,0.000000000000000000e+00,0.000000000000000000e+00,0.000000000000000000e+00,8.789925769747187513e-04,1.808855434506722757e-03,1.844020241715763975e-03,0.000000000000000000e+00,0.000000000000000000e+00,0.000000000000000000e+00,0.000000000000000000e+00,0.000000000000000000e+00,0.000000000000000000e+00,0.000000000000000000e+00,0.000000000000000000e+00,0.000000000000000000e+00,0.000000000000000000e+00,0.000000000000000000e+00,0.000000000000000000e+00,4.618108470317251941e-05,2.464135574451603041e-04,3.822094580460005963e-04,4.921113276510490249e-04,5.995200504886774541e-04,7.023035296829618131e-04,7.731228023445008450e-04,7.696018661801501404e-04,6.499393940680317722e-04,3.879548065894330273e-04,0.000000000000000000e+00,0.000000000000000000e+00,0.000000000000000000e+00,0.000000000000000000e+00,0.000000000000000000e+00,0.000000000000000000e+00,0.000000000000000000e+00,0.000000000000000000e+00,0.000000000000000000e+00,0.000000000000000000e+00,0.000000000000000000e+00,0.000000000000000000e+00,0.000000000000000000e+00,0.000000000000000000e+00,0.000000000000000000e+00,0.000000000000000000e+00,1.469532342109899990e-04,7.006963432661476041e-04,1.127147958802677446e-03,1.435495073293815418e-03,1.655905475606094706e-03,1.825911202703916743e-03,2.106223463279543150e-03,2.353921642271101459e-03,2.445644728688230272e-03,2.371814209553378856e-03,2.195651953845106918e-03,1.965263240988675275e-03,1.540234691385811150e-03,9.085124635784925335e-04,2.316045853413623489e-04,0.000000000000000000e+00,0.000000000000000000e+00,0.000000000000000000e+00,0.000000000000000000e+00,0.000000000000000000e+00,5.383723847131163809e-03,2.708259444433163418e-04,1.061133944258819918e-03,2.825705545849707743e-04,0.000000000000000000e+00,0.000000000000000000e+00,0.000000000000000000e+00,0.000000000000000000e+00,0.000000000000000000e+00,0.000000000000000000e+00,4.886841842859527890e-04,0.000000000000000000e+00,0.000000000000000000e+00,0.000000000000000000e+00,0.000000000000000000e+00,0.000000000000000000e+00,0.000000000000000000e+00,0.000000000000000000e+00,0.000000000000000000e+00,0.000000000000000000e+00,0.000000000000000000e+00,0.000000000000000000e+00,0.000000000000000000e+00,0.000000000000000000e+00,0.000000000000000000e+00,0.000000000000000000e+00,0.000000000000000000e+00,0.000000000000000000e+00,5.250180898705655456e-05,1.524175051679439762e-04,1.924202329959509333e-04,1.870202873661656483e-04,1.766987742705793812e-04,2.186415448165981903e-04,3.700643326182534421e-04,6.707181682116377048e-04,1.131425152969936987e-03,1.732508962466052394e-03,2.431442872768394686e-03,3.175276207237809258e-03,3.912243575990030121e-03,4.598591512878101063e-03,0.000000000000000000e+00,0.000000000000000000e+00,0.000000000000000000e+00,0.000000000000000000e+00,0.000000000000000000e+00,0.000000000000000000e+00,5.864839465063722098e-05,6.919280196272762241e-04,1.193210197380051643e-03,1.797218992006736904e-03,0.000000000000000000e+00,0.000000000000000000e+00,0.000000000000000000e+00,0.000000000000000000e+00,0.000000000000000000e+00,0.000000000000000000e+00,0.000000000000000000e+00,0.000000000000000000e+00,3.003159470302476796e-04,5.481635461584674672e-04,5.588438408005423109e-04,3.849121418761961250e-04,1.088041469416806898e-04,0.000000000000000000e+00,0.000000000000000000e+00,0.000000000000000000e+00,0.000000000000000000e+00,0.000000000000000000e+00,0.000000000000000000e+00,0.000000000000000000e+00,1.356607547429806364e-04,3.782365796462753703e-04,6.584535024486749301e-04,9.794447963584881553e-04,1.325761141138799169e-03,1.658846047187950224e-03,1.921472418435396816e-03,2.049583607385565241e-03,1.987489980213886891e-03,1.701630218206193331e-03,1.189088058293578769e-03,4.790588136859630429e-04,4.976433588696889572e-03,1.291714088479983770e-03,6.788346343152946386e-04,0.000000000000000000e+00,0.000000000000000000e+00,0.000000000000000000e+00,0.000000000000000000e+00,0.000000000000000000e+00,0.000000000000000000e+00,0.000000000000000000e+00,0.000000000000000000e+00,0.000000000000000000e+00,0.000000000000000000e+00,7.253572742991277241e-04,1.410614249890578637e-03,1.746382223701950509e-03,1.715560497880363978e-03,1.350033269164936265e-03,1.486150999378660874e-03,1.965183161534281298e-03,2.429317861838812837e-03,2.875682207021708001e-03,3.298095180635859588e-03,3.691417435213075436e-03,4.053916231196431214e-03,4.385918838701321001e-03,4.685243591532892507e-03,4.941960914917155508e-03,5.135833433626095339e-03,5.238778853709649339e-03,5.222328948941876506e-03,5.067454695237855015e-03,4.772618911815078475e-03,4.356388611480689101e-03,3.853175896390929282e-03,3.303627883212209484e-03,2.743333450776381643e-03,2.193930942728510459e-03,1.659325508384338439e-03,1.127511728470756902e-03,5.766589153715873063e-04,7.045806628735088839e-05,0.000000000000000000e+00,0.000000000000000000e+00,6.347312083623001292e-05,1.327965686630432432e-04,1.994428495721167370e-04,2.641786145776862721e-04,3.279073028677137675e-04,3.916263033689623913e-04,4.563837592858799221e-04,6.684035990084914941e-04,1.251860794470207976e-03,1.872651824143640401e-03,2.463508464561516530e-03,0.000000000000000000e+00,0.000000000000000000e+00,0.000000000000000000e+00,0.000000000000000000e+00,5.758094476783118905e-04,1.325497803373739628e-03,1.992518869133552868e-03,2.502923939805538293e-03,0.000000000000000000e+00,0.000000000000000000e+00,0.000000000000000000e+00,2.062358895425377538e-04,0.000000000000000000e+00,0.000000000000000000e+00,0.000000000000000000e+00,4.474711285211040363e-04,6.306745561121360633e-04,4.495262777729433783e-04,0.000000000000000000e+00,0.000000000000000000e+00,0.000000000000000000e+00,0.000000000000000000e+00,0.000000000000000000e+00,0.000000000000000000e+00,0.000000000000000000e+00,0.000000000000000000e+00,0.000000000000000000e+00,0.000000000000000000e+00,0.000000000000000000e+00,0.000000000000000000e+00,0.000000000000000000e+00,0.000000000000000000e+00,0.000000000000000000e+00,0.000000000000000000e+00,0.000000000000000000e+00,0.000000000000000000e+00,0.000000000000000000e+00,0.000000000000000000e+00,0.000000000000000000e+00,4.527997437482486837e-05,2.084792172996129220e-04,0.000000000000000000e+00,0.000000000000000000e+00,0.000000000000000000e+00,0.000000000000000000e+00,0.000000000000000000e+00,8.088864495435457063e-04,1.478501782204411606e-03,1.929946760688220622e-03,2.151881710377946157e-03,2.159199443278394994e-03,1.986111444564236592e-03,1.676247239217787573e-03,1.272031735051631831e-03,8.056460254097611321e-04,2.936086701750738001e-04,0.000000000000000000e+00,0.000000000000000000e+00,0.000000000000000000e+00,0.000000000000000000e+00,0.000000000000000000e+00,0.000000000000000000e+00,0.000000000000000000e+00,0.000000000000000000e+00,0.000000000000000000e+00,0.000000000000000000e+00,0.000000000000000000e+00,0.000000000000000000e+00,0.000000000000000000e+00,0.000000000000000000e+00,0.000000000000000000e+00,0.000000000000000000e+00,8.050813318514213682e-04,1.603260428196089929e-03,2.165889400021122832e-03,2.479679135176776714e-03,2.561017517460835100e-03,2.451818937566538001e-03,2.211515901335720305e-03,1.906464208603915250e-03,1.598899703289390463e-03,1.337618381415409076e-03,1.151713472448462686e-03,1.047618939158111682e-03,1.009079624697107160e-03,9.998212277040278550e-04,9.692009010066220988e-04,8.612547851191132680e-04,6.266735988590411413e-04,2.356109714861762561e-04,0.000000000000000000e+00,0.000000000000000000e+00,0.000000000000000000e+00,0.000000000000000000e+00,0.000000000000000000e+00,1.542611857909550685e-04,5.420945981774447694e-04,7.828763316801245044e-04,8.278503112355371091e-04,6.352441029524187035e-04,1.813318442978108800e-04,0.000000000000000000e+00,0.000000000000000000e+00,0.000000000000000000e+00,0.000000000000000000e+00,0.000000000000000000e+00,0.000000000000000000e+00,0.000000000000000000e+00,6.875797664943191986e-04,1.682467143661851502e-03,2.567649099567344793e-03,3.268511251867506438e-03,3.739768995725279658e-03,3.974334039072625717e-03,4.003941793015660527e-03,3.892175469356369197e-03,3.722151764624409293e-03,3.581753081812576699e-03,3.549136405457562968e-03,3.680701636138520531e-03,4.003103863395919039e-03,4.510289933023965171e-03,5.165856758244757700e-03,5.910134138447595449e-03,0.000000000000000000e+00,0.000000000000000000e+00,0.000000000000000000e+00,0.000000000000000000e+00,0.000000000000000000e+00,0.000000000000000000e+00,0.000000000000000000e+00,0.000000000000000000e+00,0.000000000000000000e+00,0.000000000000000000e+00,0.000000000000000000e+00,0.000000000000000000e+00,0.000000000000000000e+00,0.000000000000000000e+00,0.000000000000000000e+00,9.770628326059948958e-04,1.987686582876740590e-03,0.000000000000000000e+00,0.000000000000000000e+00,0.000000000000000000e+00,0.000000000000000000e+00,0.000000000000000000e+00,0.000000000000000000e+00,0.000000000000000000e+00,0.000000000000000000e+00,0.000000000000000000e+00,0.000000000000000000e+00,1.107005141173738596e-03,2.308924898731027058e-03,3.387928293733401871e-03,3.442282309501833518e-03,3.534975367365392977e-03,2.593362708310571751e-03,2.047980345337983930e-03,1.285990370402102529e-03,4.020060757120244859e-04,0.000000000000000000e+00,0.000000000000000000e+00,0.000000000000000000e+00,0.000000000000000000e+00,0.000000000000000000e+00,0.000000000000000000e+00,1.126030954855992321e-03,2.430844328459040929e-03,3.561384217900851346e-03,4.433171216040563550e-03,4.992109217354924640e-03,5.215766113359065342e-03,5.112726638352135637e-03,4.721476172350102564e-03,4.108139446963709335e-03,3.360989445015146685e-03,2.579936836069935194e-03,1.861317423412342000e-03,1.280921449144180801e-03,8.798241859091391823e-04,6.571993865939183572e-04,5.721520026542329870e-04,5.538685186030786701e-04,5.173482813519742103e-04,3.812481661874129991e-04,8.467917419848427119e-05,1.058866677427981029e-04,6.145732427113753974e-04,1.056724970417425007e-03,1.375556497868137560e-03,1.522269829780164424e-03
2.432258445209041812e-09,5.704424042093327778e-04,0.000000000000000000e+00,2.135115264059898659e-04,5.763902948607823587e-04,0.000000000000000000e+00,0.000000000000000000e+00,0.000000000000000000e+00,0.000000000000000000e+00,0.000000000000000000e+00,0.000000000000000000e+00,0.000000000000000000e+00,0.000000000000000000e+00,5.282091090463334566e-04,1.734331745500018252e-03,2.863544705249054020e-03,3.866072704898791158e-03,4.710638904082031092e-03,5.377296451953253627e-03,5.848679462354173034e-03,6.103657227469093220e-03,0.000000000000000000e+00,0.000000000000000000e+00,0.000000000000000000e+00,0.000000000000000000e+00,0.000000000000000000e+00,0.000000000000000000e+00,0.000000000000000000e+00,7.433407194742883280e-05,1.859670393035112602e-03,1.718658883432044610e-03,0.000000000000000000e+00,0.000000000000000000e+00,0.000000000000000000e+00,7.806775444612521452e-04,1.331534477710653039e-03,1.948589669331281726e-03,2.495597233816846099e-03,0.000000000000000000e+00,0.000000000000000000e+00,0.000000000000000000e+00,0.000000000000000000e+00,0.000000000000000000e+00,0.000000000000000000e+00,0.000000000000000000e+00,0.000000000000000000e+00,0.000000000000000000e+00,0.000000000000000000e+00,0.000000000000000000e+00,0.000000000000000000e+00,0.000000000000000000e+00,0.000000000000000000e+00,0.000000000000000000e+00,0.000000000000000000e+00,0.000000000000000000e+00,0.000000000000000000e+00,0.000000000000000000e+00,0.000000000000000000e+00,0.000000000000000000e+00,2.359322423325781182e-03,0.000000000000000000e+00,9.221654320188011223e-04,0.000000000000000000e+00,0.000000000000000000e+00,0.000000000000000000e+00,4.219207146235864881e-04,1.049697114600685538e-03,1.731781526998945730e-03,2.381521400440149948e-03,2.917170577335739725e-03,3.275662641109865648e-03,3.422544385771995532e-03,3.355716093846555434e-03,3.102384502433976499e-03,2.710635237198063142e-03,2.238509063987448224e-03,1.743775808873550314e-03,1.276643993463261791e-03,8.758466209297857815e-04,5.669774124861195639e-04,9.176633411895087061e-04,1.608537280873803760e-03,2.231091747217852413e-03,2.701321558514747055e-03,2.951895175014882314e-03,2.942628704187404218e-03,2.666920089927447141e-03,2.153268206808589200e-03,1.461777405687018309e-03,6.762678850500405611e-04,0.000000000000000000e+00,0.000000000000000000e+00,0.000000000000000000e+00,0.000000000000000000e+00,0.000000000000000000e+00,0.000000000000000000e+00,0.000000000000000000e+00,0.000000000000000000e+00,7.285934359068847342e-04,1.433381764291010536e-03,1.980975549335198260e-03,2.278081631014568231e-03,2.264547142676827385e-03,1.924902493919388499e-03,1.302895630331171685e-03,1.804745409409929963e-03,2.215655516309445686e-03,0.000000000000000000e+00,0.000000000000000000e+00,0.000000000000000000e+00,0.000000000000000000e+00,0.000000000000000000e+00,0.000000000000000000e+00,0.000000000000000000e+00,0.000000000000000000e+00,0.000000000000000000e+00,0.000000000000000000e+00,0.000000000000000000e+00,0.000000000000000000e+00,0.000000000000000000e+00,0.000000000000000000e+00,0.000000000000000000e+00,0.000000000000000000e+00,0.000000000000000000e+00,0.000000000000000000e+00,0.000000000000000000e+00,0.000000000000000000e+00,0.000000000000000000e+00,0.000000000000000000e+00,0.000000000000000000e+00,0.000000000000000000e+00,0.000000000000000000e+00,0.000000000000000000e+00,0.000000000000000000e+00,0.000000000000000000e+00,0.000000000000000000e+00,0.000000000000000000e+00,0.000000000000000000e+00,0.000000000000000000e+00,0.000000000000000000e+00,0.000000000000000000e+00,5.931969240747524174e-04,0.000000000000000000e+00,3.409812198565989843e-04,1.795645477598254358e-03,8.234142424153106585e-04,1.060804336881193124e-03,1.351634757463787652e-03,1.705761852796313250e-03,2.098513347945985159e-03,2.476157114048645191e-03,2.770133003329345190e-03,2.914990435218054420e-03,2.864434206141391187e-03,2.601247827112317546e-03,2.139357892119928429e-03,1.518906265345861808e-03,7.970884950356515184e-04,3.818273604217648908e-05,0.000000000000000000e+00,0.000000000000000000e+00,0.000000000000000000e+00,0.000000000000000000e+00,0.000000000000000000e+00,0.000000000000000000e+00,0.000000000000000000e+00,0.000000000000000000e+00,0.000000000000000000e+00,0.000000000000000000e+00,0.000000000000000000e+00,2.318061116493965249e-04,1.224124564987129175e-03,2.075646505444243752e-03,2.674542781387201709e-03,2.960798888670358817e-03,2.934127176754340247e-03,2.648678041064842729e-03,2.197444102877873541e-03,1.690988820620856464e-03,1.235433150768229906e-03,9.139184265145083906e-04,7.744427104543573142e-04,8.254000454641340903e-04,1.038537248966237350e-03,1.357614242729144986e-03,1.710113175747069109e-03,2.019097206815820191e-03,2.212872979670131753e-03,2.231247230788935276e-03,2.028540787778425076e-03,2.496112830186138568e-03,2.884632619944045573e-03,3.211538867360022240e-03,0.000000000000000000e+00,0.000000000000000000e+00,0.000000000000000000e+00,0.000000000000000000e+00,0.000000000000000000e+00,0.000000000000000000e+00,0.000000000000000000e+00,0.000000000000000000e+00,0.000000000000000000e+00,0.000000000000000000e+00,0.000000000000000000e+00,0.000000000000000000e+00,0.000000000000000000e+00,0.000000000000000000e+00,0.000000000000000000e+00,0.000000000000000000e+00,0.000000000000000000e+00,0.000000000000000000e+00,0.000000000000000000e+00,0.000000000000000000e+00,0.000000000000000000e+00,0.000000000000000000e+00,3.162158358081362504e-04,3.321368898502893071e-03,0.000000000000000000e+00,0.000000000000000000e+00,0.000000000000000000e+00,0.000000000000000000e+00,0.000000000000000000e+00,0.000000000000000000e+00,0.000000000000000000e+00,0.000000000000000000e+00,1.696167428582969405e-04,6.582477432700412599e-04,1.101355437429319371e-03,1.475129647624670191e-03,1.759083087901405383e-03,1.936688228281500468e-03,1.996664741425567633e-03,1.935434386249922437e-03,1.760309070919010297e-03,1.492133428151458602e-03,1.165896539756093803e-03,8.282864141933866378e-04,5.320419870745112358e-04,5.041925186662531621e-04,1.598952527998104929e-03,2.641793460806609369e-03,3.536193397145338726e-03,4.205361292158713363e-03,4.605887516881826751e-03,3.050312613711648677e-03,2.641481424468539521e-03,2.206746124795946895e-03,1.859249642265622515e-03,1.673759728038125803e-03,1.670273930580831690e-03,1.811466613259942685e-03,2.014185703314126490e-03,2.171639908510400972e-03,2.180580205482303587e-03,1.966890631788228722e-03,1.503496469180119668e-03,8.161973288844188903e-04,0.000000000000000000e+00,0.000000000000000000e+00,0.000000000000000000e+00,0.000000000000000000e+00,0.000000000000000000e+00,0.000000000000000000e+00,0.000000000000000000e+00,0.000000000000000000e+00,0.000000000000000000e+00,0.000000000000000000e+00,0.000000000000000000e+00,0.000000000000000000e+00,0.000000000000000000e+00,0.000000000000000000e+00,0.000000000000000000e+00,0.000000000000000000e+00,0.000000000000000000e+00,5.196254288677587969e-05,0.000000000000000000e+00,0.000000000000000000e+00,0.000000000000000000e+00,0.000000000000000000e+00,0.000000000000000000e+00,0.000000000000000000e+00,0.000000000000000000e+00,0.000000000000000000e+00,0.000000000000000000e+00,0.000000000000000000e+00,3.178099656644193106e-04,8.052474919644174835e-04,1.346100255903396811e-03,1.964020609095330511e-03,2.668910971884562444e-03,3.449998449400825274e-03,4.273134452881744740e-03,5.131568995919967568e-03,0.000000000000000000e+00,0.000000000000000000e+00,0.000000000000000000e+00,0.000000000000000000e+00,0.000000000000000000e+00,0.000000000000000000e+00,1.562483982075732296e-03,0.000000000000000000e+00,0.000000000000000000e+00,0.000000000000000000e+00,0.000000000000000000e+00,0.000000000000000000e+00,0.000000000000000000e+00,0.000000000000000000e+00,0.000000000000000000e+00,0.000000000000000000e+00,0.000000000000000000e+00,0.000000000000000000e+00,0.000000000000000000e+00,0.000000000000000000e+00,0.000000000000000000e+00,1.056887722967969298e-04,1.177728533323972072e-03,2.252657206014948513e-03,3.261598265813265164e-03,4.136826279343411815e-03,4.826409026209013513e-03,5.302090257711586201e-03,5.558690063086276466e-03,5.607237122114931173e-03,5.466451861272500143e-03,5.157011152994945245e-03,4.700687421849221621e-03,4.123323765008660505e-03,3.458430442919370636e-03,2.747993358761234052e-03,2.038810756349156324e-03,1.375268514952884607e-03,7.915008023353867087e-04,3.063253070182357912e-04,2.557391454181723919e-03,3.662148874634938746e-04,5.651660061548722689e-04,0.000000000000000000e+00,7.740635524388297809e-04,0.000000000000000000e+00,3.982672968521206846e-05,0.000000000000000000e+00,0.000000000000000000e+00,0.000000000000000000e+00,1.350364845817394370e-03,7.859106747858664137e-04,1.433264366100666341e-03,2.160040111860616046e-03,0.000000000000000000e+00,0.000000000000000000e+00,0.000000000000000000e+00,0.000000000000000000e+00,0.000000000000000000e+00,0.000000000000000000e+00,0.000000000000000000e+00,0.000000000000000000e+00,0.000000000000000000e+00,0.000000000000000000e+00,0.000000000000000000e+00,0.000000000000000000e+00,0.000000000000000000e+00,0.000000000000000000e+00,0.000000000000000000e+00,0.000000000000000000e+00,0.000000000000000000e+00,0.000000000000000000e+00,0.000000000000000000e+00,0.000000000000000000e+00,1.217035559308555056e-04,3.216543230648415282e-04,2.431845719706674652e-04,0.000000000000000000e+00,0.000000000000000000e+00,0.000000000000000000e+00,0.000000000000000000e+00,0.000000000000000000e+00,0.000000000000000000e+00,0.000000000000000000e+00,0.000000000000000000e+00,1.045702891361536554e-04,1.447659116843197239e-03,2.534503175183598547e-03,0.000000000000000000e+00,0.000000000000000000e+00,0.000000000000000000e+00,0.000000000000000000e+00,0.000000000000000000e+00,0.000000000000000000e+00,0.000000000000000000e+00,0.000000000000000000e+00,0.000000000000000000e+00,5.201514333019478711e-04,1.201322373640135001e-03,2.219589528484817650e-03,3.309008794247946493e-03,4.358243532975279722e-03,5.253378423975389039e-03,5.895470324053208623e-03,6.216010759177601104e-03,6.188044974968194036e-03,5.830916436201948917e-03
1.318146561863996443e-08,4.761084186308771858e-04,0.000000000000000000e+00,2.732283426958778943e-04,0.000000000000000000e+00,3.654463531530397109e-03,5.363380514190615274e-04,4.309608280929333977e-03,0.000000000000000000e+00,0.000000000000000000e+00,0.000000000000000000e+00,8.359444898023128895e-04,0.000000000000000000e+00,0.000000000000000000e+00,3.640363711648986569e-04,1.571148762426754835e-03,0.000000000000000000e+00,0.000000000000000000e+00,0.000000000000000000e+00,0.000000000000000000e+00,0.000000000000000000e+00,0.000000000000000000e+00,0.000000000000000000e+00,0.000000000000000000e+00,0.000000000000000000e+00,0.000000000000000000e+00,0.000000000000000000e+00,0.000000000000000000e+00,0.000000000000000000e+00,0.000000000000000000e+00,0.000000000000000000e+00,0.000000000000000000e+00,0.000000000000000000e+00,0.000000000000000000e+00,0.000000000000000000e+00,0.000000000000000000e+00,0.000000000000000000e+00,0.000000000000000000e+00,0.000000000000000000e+00,0.000000000000000000e+00,0.000000000000000000e+00,0.000000000000000000e+00,4.771482997469164190e-03,0.000000000000000000e+00,0.000000000000000000e+00,2.068902176201505277e-03,2.366743108508438762e-04,0.000000000000000000e+00,0.000000000000000000e+00,1.135652558093176215e-05,1.007545456829821899e-03,1.805764288729626646e-03,2.279950080822410168e-03,2.349495337287285397e-03,2.004392197591390971e-03,1.309854915595438929e-03,3.880189951691079926e-04,0.000000000000000000e+00,0.000000000000000000e+00,0.000000000000000000e+00,3.201345279169350369e-03,2.099272485326572613e-04,1.839153094120646445e-04,3.462982676069869685e-05,0.000000000000000000e+00,0.000000000000000000e+00,0.000000000000000000e+00,0.000000000000000000e+00,2.241443955069040021e-05,7.423153650354154254e-04,0.000000000000000000e+00,3.469655464748828380e-04,7.075967153895979357e-04,8.013618848038680858e-04,5.942387445041443948e-04,7.478901239253234504e-05,0.000000000000000000e+00,0.000000000000000000e+00,0.000000000000000000e+00,0.000000000000000000e+00,0.000000000000000000e+00,0.000000000000000000e+00,0.000000000000000000e+00,0.000000000000000000e+00,0.000000000000000000e+00,0.000000000000000000e+00,0.000000000000000000e+00,0.000000000000000000e+00,0.000000000000000000e+00,2.945940746923974250e-03,4.170795810673798634e-03,0.000000000000000000e+00,0.000000000000000000e+00,0.000000000000000000e+00,0.000000000000000000e+00,0.000000000000000000e+00,0.000000000000000000e+00,0.000000000000000000e+00,0.000000000000000000e+00,0.000000000000000000e+00,3.225315768611475872e-04,1.121389155794217133e-03,1.700677663382149825e-03,2.078724762858952767e-03,2.291254220521067933e-03,2.371886026088125283e-03,2.337867603743622787e-03,3.285640503894051313e-03,4.312798020325710364e-03,5.068357823810611638e-03,5.632996731361913229e-03,6.092030803764563601e-03,6.508827340891712443e-03,0.000000000000000000e+00,0.000000000000000000e+00,0.000000000000000000e+00,0.000000000000000000e+00,0.000000000000000000e+00,0.000000000000000000e+00,0.000000000000000000e+00,0.000000000000000000e+00,0.000000000000000000e+00,0.000000000000000000e+00,1.200710586132946881e-03,3.025538430448399506e-03,0.000000000000000000e+00,0.000000000000000000e+00,0.000000000000000000e+00,0.000000000000000000e+00,0.000000000000000000e+00,0.000000000000000000e+00,0.000000000000000000e+00,0.000000000000000000e+00,0.000000000000000000e+00,4.403166579972011088e-04,0.000000000000000000e+00,0.000000000000000000e+00,0.000000000000000000e+00,0.000000000000000000e+00,0.000000000000000000e+00,0.000000000000000000e+00,0.000000000000000000e+00,0.000000000000000000e+00,0.000000000000000000e+00,0.000000000000000000e+00,0.000000000000000000e+00,0.000000000000000000e+00,0.000000000000000000e+00,0.000000000000000000e+00,0.000000000000000000e+00,0.000000000000000000e+00,0.000000000000000000e+00,1.364139211866962015e-04,9.659900218315119799e-04,1.776632768050901518e-03,2.439614247776584078e-03,2.970399283482205027e-03,0.000000000000000000e+00,0.000000000000000000e+00,0.000000000000000000e+00,0.000000000000000000e+00,0.000000000000000000e+00,0.000000000000000000e+00,0.000000000000000000e+00,0.000000000000000000e+00,0.000000000000000000e+00,0.000000000000000000e+00,0.000000000000000000e+00,0.000000000000000000e+00,0.000000000000000000e+00,0.000000000000000000e+00,0.000000000000000000e+00,0.000000000000000000e+00,0.000000000000000000e+00,0.000000000000000000e+00,0.000000000000000000e+00,0.000000000000000000e+00,0.000000000000000000e+00,0.000000000000000000e+00,0.000000000000000000e+00,0.000000000000000000e+00,0.000000000000000000e+00,0.000000000000000000e+00,0.000000000000000000e+00,0.000000000000000000e+00,0.000000000000000000e+00,0.000000000000000000e+00,0.000000000000000000e+00,0.000000000000000000e+00,0.000000000000000000e+00,0.000000000000000000e+00,0.000000000000000000e+00,0.000000000000000000e+00,0.000000000000000000e+00,0.000000000000000000e+00,0.000000000000000000e+00,0.000000000000000000e+00,0.000000000000000000e+00,0.000000000000000000e+00,0.000000000000000000e+00,0.000000000000000000e+00,9.967673511380844762e-05,1.096115693338515443e-03,2.310740914998037337e-03,3.674932321856626966e-03,0.000000000000000000e+00,0.000000000000000000e+00,0.000000000000000000e+00,0.000000000000000000e+00,0.000000000000000000e+00,0.000000000000000000e+00,0.000000000000000000e+00,0.000000000000000000e+00,0.000000000000000000e+00,6.257176164552895109e-04,5.486816205166088808e-04,0.000000000000000000e+00,0.000000000000000000e+00,5.102856990429752333e-03,0.000000000000000000e+00,0.000000000000000000e+00,0.000000000000000000e+00,0.000000000000000000e+00,0.000000000000000000e+00,0.000000000000000000e+00,4.196304525054346990e-05,1.067082244336985092e-04,1.721984127129071510e-04,2.381354983488220031e-04,3.041448531282862845e-04,3.697841510101974654e-04,4.345484608146529706e-04,4.978774565336379103e-04,5.591679506531737568e-04,6.177847437292999537e-04,6.730722884389398700e-04,7.243687210429966593e-04,7.710173668239702141e-04,8.123811754977862658e-04,8.478517483739723276e-04,8.768624815979572142e-04,8.988954401120127303e-04,9.134920813312503432e-04,9.202585348131502247e-04,9.188712708512386052e-04,9.090833161836982387e-04,8.907258787205809799e-04,8.637134393342093142e-04,8.280437603684179552e-04,7.838013310647833206e-04,7.311578316363963239e-04,6.703708167014507105e-04,6.017886338444430969e-04,9.645991609825440389e-04,1.653166143648758220e-03,2.051164706046761706e-03,2.177072356589324423e-03,2.083220961332092700e-03,1.846320410236950782e-03,1.554462715444785391e-03,1.291971896911746527e-03,1.124574618940672732e-03,1.088195023554143145e-03,1.184477470180531414e-03,1.384628011148066138e-03,1.640715400217322446e-03,1.901097813214551718e-03,2.124977614426238302e-03,2.291130515056494146e-03,2.397748640356034151e-03,2.453758956508484725e-03,2.465659505330460022e-03,2.426255526208163840e-03,2.311400210017788229e-03,2.087632899134850197e-03,1.728766048121633701e-03,1.235007843951049658e-03,6.461478630571722975e-04,4.170976972297009845e-05,0.000000000000000000e+00,0.000000000000000000e+00,0.000000000000000000e+00,0.000000000000000000e+00,0.000000000000000000e+00,0.000000000000000000e+00,2.315192431330069902e-04,2.011156926050002632e-04,0.000000000000000000e+00,0.000000000000000000e+00,0.000000000000000000e+00,0.000000000000000000e+00,4.049671858751786174e-03,4.247607364545097700e-03,0.000000000000000000e+00,0.000000000000000000e+00,0.000000000000000000e+00,0.000000000000000000e+00,0.000000000000000000e+00,0.000000000000000000e+00,0.000000000000000000e+00,0.000000000000000000e+00,0.000000000000000000e+00,0.000000000000000000e+00,0.000000000000000000e+00,0.000000000000000000e+00,0.000000000000000000e+00,0.000000000000000000e+00,0.000000000000000000e+00,0.000000000000000000e+00,0.000000000000000000e+00,0.000000000000000000e+00,0.000000000000000000e+00,1.037357586246564974e-04,8.113214120069562685e-04,1.272222409411186096e-03,1.451986036374702240e-03,1.304154869121250089e-03,7.800365899108819808e-04,0.000000000000000000e+00,0.000000000000000000e+00,0.000000000000000000e+00,0.000000000000000000e+00,0.000000000000000000e+00,0.000000000000000000e+00,0.000000000000000000e+00,0.000000000000000000e+00,0.000000000000000000e+00,0.000000000000000000e+00,0.000000000000000000e+00,1.021564074194265728e-03,8.964658852846311282e-03,1.227813383704306734e-03,1.487025796679248288e-03,1.750038230730031419e-03,2.014510586301806322e-03,2.855442468274571165e-03,3.440711888950043294e-03,6.107246334748272706e-03,8.316217564068476703e-03,9.867749163541335300e-03,1.065633449908165963e-02,1.068140909013800925e-02,1.003481210541780008e-02,8.871223553756225899e-03,7.371312877392685071e-03,5.707718107074526842e-03,4.021702605094963114e-03,2.414431620897394132e-03,1.580435899549092593e-03,2.585367507666024977e-03,3.312673746561583307e-03,3.687570916638857957e-03,3.649824940101156941e-03,3.174666876826576223e-03,2.290839097803222795e-03,1.088330911205857062e-03,0.000000000000000000e+00,4.767316057774170389e-04,1.483336824159981826e-03,2.263889455275591364e-03,2.692105451970374513e-03,7.221125201633520757e-03,0.000000000000000000e+00,0.000000000000000000e+00,0.000000000000000000e+00,7.885138645363741483e-04,0.000000000000000000e+00,0.000000000000000000e+00,0.000000000000000000e+00,0.000000000000000000e+00,1.793396952288790357e-04,2.133514223454281104e-03,1.215148298136477706e-04,1.308117270150307423e-04,1.636276556934936522e-04,2.180158218637974282e-04,1.024622569392605537e-03,3.822069375349734354e-04,4.867919941152677342e-04,3.173816266187531963e-03,0.000000000000000000e+00,0.000000000000000000e+00,0.000000000000000000e+00,0.000000000000000000e+00,0.000000000000000000e+00,0.000000000000000000e+00,0.000000000000000000e+00,0.000000000000000000e+00,0.000000000000000000e+00,0.000000000000000000e+00,0.000000000000000000e+00,0.000000000000000000e+00,0.000000000000000000e+00,0.000000000000000000e+00,0.000000000000000000e+00,0.000000000000000000e+00,0.000000000000000000e+00,0.000000000000000000e+00,0.000000000000000000e+00,2.876198981700813309e-05
2.932881854046245700e-08,1.419336219230525923e-04,2.798553274514202233e-04,4.125377723459665714e-04,5.389155875485239933e-04,6.581366154429746070e-04,7.695727734373513252e-04,8.728216991376814204e-04,9.677033585535411205e-04,1.054250446892650555e-03,1.132688685913554004e-03,1.203415827738666451e-03,1.266969879984041316e-03,1.324002339398534355e-03,1.375243473894693187e-03,1.421470511641091889e-03,1.463474741876729518e-03,1.502030414574758105e-03,1.537867889613384964e-03,1.571650358433919438e-03,1.603951992261402762e-03,1.635246085538259557e-03,1.665889549904753068e-03,1.696120585161533341e-03,1.726054757829351876e-03,1.755687060901205219e-03,1.784896771305387840e-03,1.813455878201578574e-03,1.841038811485023194e-03,1.867233004346186866e-03,2.509969391414794589e-03,5.302356257962456340e-03,0.000000000000000000e+00,0.000000000000000000e+00,0.000000000000000000e+00,0.000000000000000000e+00,1.102186489959282138e-03,2.194748050431259267e-03,2.945796162380631168e-03,3.319587891681635792e-03,3.334967144438843577e-03,3.056013255932082603e-03,2.576176735246726249e-03,1.999827394253001801e-03,2.763013011720630470e-04,0.000000000000000000e+00,0.000000000000000000e+00,0.000000000000000000e+00,0.000000000000000000e+00,0.000000000000000000e+00,0.000000000000000000e+00,0.000000000000000000e+00,0.000000000000000000e+00,0.000000000000000000e+00,0.000000000000000000e+00,0.000000000000000000e+00,0.000000000000000000e+00,0.000000000000000000e+00,0.000000000000000000e+00,0.000000000000000000e+00,0.000000000000000000e+00,0.000000000000000000e+00,0.000000000000000000e+00,3.619155007380896877e-03,1.012047431519193068e-03,7.500053634793048003e-04,0.000000000000000000e+00,0.000000000000000000e+00,0.000000000000000000e+00,1.420023222776220560e-04,3.671816797195340829e-04,6.376587498757486667e-04,0.000000000000000000e+00,0.000000000000000000e+00,0.000000000000000000e+00,0.000000000000000000e+00,0.000000000000000000e+00,0.000000000000000000e+00,0.000000000000000000e+00,0.000000000000000000e+00,0.000000000000000000e+00,3.017396436265410396e-04,8.977561524598049684e-04,1.214907790086370122e-03,1.197221269467039226e-03,8.609926889911977393e-04,2.875545448061777969e-04,0.000000000000000000e+00,0.000000000000000000e+00,0.000000000000000000e+00,0.000000000000000000e+00,0.000000000000000000e+00,0.000000000000000000e+00,0.000000000000000000e+00,7.436812488582816892e-04,5.559705305817390581e-04,2.694302905007636630e-04,6.826979520935563513e-04,1.209101186935568556e-03,0.000000000000000000e+00,0.000000000000000000e+00,0.000000000000000000e+00,0.000000000000000000e+00,0.000000000000000000e+00,0.000000000000000000e+00,0.000000000000000000e+00,0.000000000000000000e+00,0.000000000000000000e+00,0.000000000000000000e+00,0.000000000000000000e+00,0.000000000000000000e+00,0.000000000000000000e+00,0.000000000000000000e+00,0.000000000000000000e+00,0.000000000000000000e+00,0.000000000000000000e+00,0.000000000000000000e+00,0.000000000000000000e+00,5.570955558367110408e-04,1.571912000968339954e-03,2.285787596226454554e-03,0.000000000000000000e+00,0.000000000000000000e+00,0.000000000000000000e+00,0.000000000000000000e+00,0.000000000000000000e+00,0.000000000000000000e+00,1.991333491969147303e-04,2.003435230870306838e-03,0.000000000000000000e+00,1.832676289756301569e-04,6.613651626788829728e-04,1.227926281653367356e-03,1.801136608537025514e-03,2.295311297048009420e-03,2.635561872723507851e-03,2.772452011579829446e-03,1.885775285807375070e-03,9.349259582985348970e-04,3.518630804170849263e-05,0.000000000000000000e+00,0.000000000000000000e+00,0.000000000000000000e+00,0.000000000000000000e+00,0.000000000000000000e+00,0.000000000000000000e+00,1.107598203263573402e-04,7.503060619615121562e-04,1.291002094757736024e-03,1.652630266801406256e-03,1.785975755164339891e-03,0.000000000000000000e+00,0.000000000000000000e+00,8.367864696813735541e-05,0.000000000000000000e+00,0.000000000000000000e+00,0.000000000000000000e+00,0.000000000000000000e+00,3.523122471950187106e-04,7.157654888101383506e-04,9.324032447310367025e-04,9.874176346118131685e-04,9.314431901406868388e-04,1.168106138984148111e-03,1.228738678943451642e-03,1.215019656374067636e-03,9.238680105842425735e-04,9.852594972757249860e-04,9.159466910260724657e-04,7.243852992627852587e-04,4.303309636270505854e-04,6.565115007733291115e-05,0.000000000000000000e+00,0.000000000000000000e+00,0.000000000000000000e+00,0.000000000000000000e+00,0.000000000000000000e+00,0.000000000000000000e+00,0.000000000000000000e+00,0.000000000000000000e+00,3.368018004166968061e-04,5.820910097144543598e-04,6.162553476826998109e-04,3.929407729910277289e-04,0.000000000000000000e+00,0.000000000000000000e+00,0.000000000000000000e+00,0.000000000000000000e+00,0.000000000000000000e+00,0.000000000000000000e+00,0.000000000000000000e+00,0.000000000000000000e+00,0.000000000000000000e+00,0.000000000000000000e+00,0.000000000000000000e+00,0.000000000000000000e+00,0.000000000000000000e+00,0.000000000000000000e+00,0.000000000000000000e+00,0.000000000000000000e+00,0.000000000000000000e+00,0.000000000000000000e+00,0.000000000000000000e+00,0.000000000000000000e+00,0.000000000000000000e+00,0.000000000000000000e+00,0.000000000000000000e+00,0.000000000000000000e+00,0.000000000000000000e+00,0.000000000000000000e+00,0.000000000000000000e+00,0.000000000000000000e+00,0.000000000000000000e+00,0.000000000000000000e+00,1.631913510877122534e-03,5.143901914138203271e-04,2.450013962732929419e-04,7.836661131113176497e-04,1.575677000611618115e-03,2.554328955853706323e-03,3.619433420354538529e-03,4.657163037072595616e-03,5.559746231359548665e-03,6.239390516245966155e-03,6.634737048603913355e-03,6.712152106857945978e-03,1.031703434509656167e-02,0.000000000000000000e+00,0.000000000000000000e+00,0.000000000000000000e+00,0.000000000000000000e+00,0.000000000000000000e+00,0.000000000000000000e+00,0.000000000000000000e+00,4.769133915187868792e-04,1.009341906405080303e-03,1.063997366728791985e-03,1.734238944083844229e-03,3.281543100408741698e-03,0.000000000000000000e+00,0.000000000000000000e+00,0.000000000000000000e+00,0.000000000000000000e+00,0.000000000000000000e+00,0.000000000000000000e+00,0.000000000000000000e+00,0.000000000000000000e+00,0.000000000000000000e+00,0.000000000000000000e+00,0.000000000000000000e+00,0.000000000000000000e+00,0.000000000000000000e+00,0.000000000000000000e+00,0.000000000000000000e+00,0.000000000000000000e+00,0.000000000000000000e+00,0.000000000000000000e+00,0.000000000000000000e+00,0.000000000000000000e+00,0.000000000000000000e+00,0.000000000000000000e+00,0.000000000000000000e+00,0.000000000000000000e+00,0.000000000000000000e+00,0.000000000000000000e+00,0.000000000000000000e+00,0.000000000000000000e+00,0.000000000000000000e+00,0.000000000000000000e+00,0.000000000000000000e+00,2.128643264762782386e-03,1.922262641331440097e-03,1.153666757031662207e-03,0.000000000000000000e+00,0.000000000000000000e+00,0.000000000000000000e+00,0.000000000000000000e+00,0.000000000000000000e+00,0.000000000000000000e+00,0.000000000000000000e+00,0.000000000000000000e+00,0.000000000000000000e+00,0.000000000000000000e+00,0.000000000000000000e+00,6.479715318040174966e-04,1.585594796385228662e-03,2.175505702762619686e-03,2.373345429372043357e-03,2.216583508198311826e-03,1.808948163968072736e-03,1.289358519816877907e-03,7.957512880340706935e-04,4.345972619514951629e-04,2.638303812185714670e-04,2.918874708766408532e-04,4.904983299132525520e-04,9.669357305774060104e-04,5.147268658009712455e-04,9.517261402350423978e-04,1.409492833333454362e-03,1.801163654918675220e-03,1.354567482244569895e-03,1.553999047494171708e-03,1.749645600427936296e-03,1.939663116350086140e-03,2.122260292352428669e-03,2.405289426337067337e-03,3.253195450290991084e-03,3.959513172175930205e-03,4.462017779649857241e-03,4.732062320684407401e-03,4.772912972758279991e-03,4.614520930552370830e-03,1.167457123826437385e-03,7.141942811165103051e-04,2.492559354221753586e-04,0.000000000000000000e+00,0.000000000000000000e+00,0.000000000000000000e+00,0.000000000000000000e+00,0.000000000000000000e+00,0.000000000000000000e+00,0.000000000000000000e+00,0.000000000000000000e+00,0.000000000000000000e+00,0.000000000000000000e+00,0.000000000000000000e+00,0.000000000000000000e+00,0.000000000000000000e+00,0.000000000000000000e+00,0.000000000000000000e+00,2.055608427290911313e-04,1.096261300550886546e-03,1.803605807490558368e-03,2.296094263095262850e-03,0.000000000000000000e+00,0.000000000000000000e+00,0.000000000000000000e+00,0.000000000000000000e+00,0.000000000000000000e+00,0.000000000000000000e+00,0.000000000000000000e+00,0.000000000000000000e+00,0.000000000000000000e+00,0.000000000000000000e+00,0.000000000000000000e+00,0.000000000000000000e+00,0.000000000000000000e+00,0.000000000000000000e+00,0.000000000000000000e+00,0.000000000000000000e+00,0.000000000000000000e+00,0.000000000000000000e+00,0.000000000000000000e+00,0.000000000000000000e+00,0.000000000000000000e+00,0.000000000000000000e+00,0.000000000000000000e+00,0.000000000000000000e+00,7.188646001790668667e-04,1.517026433252955308e-03,6.336394224663485265e-03,0.000000000000000000e+00,0.000000000000000000e+00,0.000000000000000000e+00,0.000000000000000000e+00,0.000000000000000000e+00,0.000000000000000000e+00,5.126302549063927903e-04,1.806374164500850355e-03,2.960048451030779845e-03,3.885352777676793958e-03,4.500947671103071486e-03,4.747218774352994150e-03,4.600009477895219447e-03,4.078444470044985219e-03,3.243809252572789348e-03,2.189625607134552867e-03,1.026164371756079679e-03,0.000000000000000000e+00,0.000000000000000000e+00,0.000000000000000000e+00,0.000000000000000000e+00,0.000000000000000000e+00,0.000000000000000000e+00,0.000000000000000000e+00,0.000000000000000000e+00,0.000000000000000000e+00,0.000000000000000000e+00,2.435353217314003020e-04,0.000000000000000000e+00,0.000000000000000000e+00,0.000000000000000000e+00,0.000000000000000000e+00,0.000000000000000000e+00,0.000000000000000000e+00,0.000000000000000000e+00,0.000000000000000000e+00,0.000000000000000000e+00,4.197610193008291589e-04
0.000000000000000000e+00,2.285071972784297840e-04,3.120054052622502094e-04,5.276991079240496516e-04,3.563329124489296755e-04,5.362052343261671872e-04,7.648848436071270431e-04,1.049691731163340759e-03,1.376162650535738127e-03,1.701962250869146860e-03,1.962356331408167138e-03,2.085877667441026363e-03,2.014818649282159105e-03,1.723468674548008948e-03,1.228100504977749918e-03,1.092218588549590842e-03,1.610610345709700183e-03,1.992546029759629210e-03,2.218998251136395337e-03,2.293002973291920731e-03,2.232353336253268140e-03,2.063434298860328253e-03,1.818277386444783379e-03,1.534119568528463260e-03,1.252906873865941226e-03,1.018234877134458621e-03,8.689776431428328793e-04,8.312207214335429238e-04,9.117723453840513668e-04,1.096476749904903890e-03,1.354695285343623457e-03,1.648526361485077099e-03,1.942993287368783998e-03,2.212880825379322149e-03,2.443527419967606723e-03,2.625938853654792224e-03,2.749537321008938429e-03,2.797096635025127752e-03,2.745257303678756266e-03,2.571095299785134888e-03,2.262000392571344044e-03,4.572972425821198415e-03,1.540887912939937143e-04,9.556792984301424373e-04,0.000000000000000000e+00,0.000000000000000000e+00,0.000000000000000000e+00,0.000000000000000000e+00,0.000000000000000000e+00,0.000000000000000000e+00,0.000000000000000000e+00,0.000000000000000000e+00,0.000000000000000000e+00,0.000000000000000000e+00,7.893289714074661599e-05,9.262265340830140798e-04,1.659296219988155505e-03,2.204571850729039953e-03,2.500154990079694536e-03,2.508082279890463690e-03,2.224136244022959213e-03,1.683257418761849268e-03,1.368893977900751411e-03,1.688718517368426172e-03,1.928815667064340570e-03,2.083067426188106152e-03,2.143572790018873509e-03,2.109383058039386930e-03,1.995295569889276189e-03,1.835823920562417192e-03,1.680938100696177835e-03,1.583355743708817452e-03,1.580852259205559355e-03,1.679679046382933846e-03,1.845530251347512205e-03,2.006318960244085191e-03,2.067052653830423175e-03,1.932911754450226949e-03,1.679272169869746407e-03,2.098768286928740737e-03,2.583034930637169435e-03,3.095465063252218936e-03,3.585207731119016434e-03,3.997838424861656359e-03,4.286682706748873826e-03,4.422241281441237869e-03,4.397790660115975282e-03,4.230225968065532902e-03,3.956176312387258039e-03,3.624230180132726863e-03,3.284804359756389718e-03,2.979737075922268569e-03,2.733928428608328135e-03,2.551030963898500217e-03,2.414185961175248016e-03,2.291399915351848091e-03,2.143825806000562544e-03,1.934480943396301757e-03,1.635056072116037066e-03,1.229355610993883643e-03,7.132342963596560899e-04,9.211953820136471749e-05,0.000000000000000000e+00,0.000000000000000000e+00,0.000000000000000000e+00,0.000000000000000000e+00,0.000000000000000000e+00,0.000000000000000000e+00,0.000000000000000000e+00,0.000000000000000000e+00,0.000000000000000000e+00,0.000000000000000000e+00,1.098901375385494310e-04,6.139014159989276097e-04,9.852032784386777469e-04,1.224296127296047119e-03,1.343900201906230970e-03,1.363146850988312996e-03,1.301979951735966279e-03,1.176642891969203672e-03,9.972508143473678404e-04,7.683633997185359285e-04,4.927683280604607235e-04,1.774311817494563621e-04,0.000000000000000000e+00,0.000000000000000000e+00,0.000000000000000000e+00,0.000000000000000000e+00,0.000000000000000000e+00,0.000000000000000000e+00,0.000000000000000000e+00,0.000000000000000000e+00,0.000000000000000000e+00,0.000000000000000000e+00,0.000000000000000000e+00,3.647832675388163848e-04,1.180901391693528349e-03,1.621533560565612897e-03,1.629627883073805081e-03,1.218115674003408724e-03,4.657910084762465733e-04,3.860915129727313772e-04,5.169278694106897417e-04,6.459790176164898401e-04,7.721682307675646140e-04,8.944473950672299440e-04,1.011832749437853625e-03,1.123436964198698757e-03,1.228495464443753226e-03,1.326384920098711961e-03,1.416632406430074842e-03,1.498919810126449030e-03,1.573080255663780866e-03,1.639086678697027066e-03,1.697037225171295002e-03,1.747133592480075307e-03,1.789661234935321314e-03,1.824963523483494159e-03,1.853418943979197233e-03,1.875417983963008177e-03,1.891344266885024378e-03,4.750593437961113559e-03,5.459620520928884328e-03,0.000000000000000000e+00,0.000000000000000000e+00,0.000000000000000000e+00,0.000000000000000000e+00,9.814183057998929639e-04,1.959362465047689243e-03,2.907857439971571131e-03,3.796573531935765102e-03,4.588018098149549383e-03,5.239895488958809695e-03,5.709865332464263317e-03,5.962230509129450191e-03,5.974733493216618889e-03,5.743192632430148444e-03,5.282572762297871663e-03,4.624666506201129124e-03,3.813913841277274779e-03,2.903173768663086952e-03,1.950546037414616594e-03,1.017243055729165563e-03,1.656832737391208542e-04,0.000000000000000000e+00,0.000000000000000000e+00,0.000000000000000000e+00,0.000000000000000000e+00,7.783917766401871876e-04,1.556593535159780418e-03,2.028766204192759479e-03,2.108943664216359273e-03,1.760944773307795150e-03,1.763482442348548876e-03,2.008220668733383136e-03,1.984584521818764588e-03,1.681618523740466969e-03,1.112675419817276030e-03,3.037926981136417049e-04,0.000000000000000000e+00,0.000000000000000000e+00,0.000000000000000000e+00,0.000000000000000000e+00,0.000000000000000000e+00,0.000000000000000000e+00,0.000000000000000000e+00,0.000000000000000000e+00,0.000000000000000000e+00,0.000000000000000000e+00,0.000000000000000000e+00,0.000000000000000000e+00,0.000000000000000000e+00,0.000000000000000000e+00,0.000000000000000000e+00,0.000000000000000000e+00,0.000000000000000000e+00,0.000000000000000000e+00,0.000000000000000000e+00,0.000000000000000000e+00,0.000000000000000000e+00,0.000000000000000000e+00,0.000000000000000000e+00,0.000000000000000000e+00,0.000000000000000000e+00,0.000000000000000000e+00,0.000000000000000000e+00,0.000000000000000000e+00,0.000000000000000000e+00,0.000000000000000000e+00,0.000000000000000000e+00,0.000000000000000000e+00,0.000000000000000000e+00,0.000000000000000000e+00,0.000000000000000000e+00,0.000000000000000000e+00,0.000000000000000000e+00,0.000000000000000000e+00,0.000000000000000000e+00,0.000000000000000000e+00,2.285996104407112288e-04,7.664398208126829573e-04,1.243735797862305674e-03,1.629111111404058215e-03,1.906693095318527480e-03,2.072861128897003375e-03,2.131220729248820261e-03,2.088445854963075568e-03,1.952399543006518284e-03,1.732263498991548330e-03,1.484334651577310467e-03,1.346281730977769587e-03,1.179652664750303849e-03,1.005134012583203552e-03,0.000000000000000000e+00,0.000000000000000000e+00,0.000000000000000000e+00,1.321344557647855097e-03,1.224088435559699331e-03,0.000000000000000000e+00,0.000000000000000000e+00,9.943623398584997865e-04,0.000000000000000000e+00,3.192480561941780036e-04,0.000000000000000000e+00,0.000000000000000000e+00,0.000000000000000000e+00,0.000000000000000000e+00,0.000000000000000000e+00,0.000000000000000000e+00,0.000000000000000000e+00,0.000000000000000000e+00,0.000000000000000000e+00,0.000000000000000000e+00,0.000000000000000000e+00,0.000000000000000000e+00,0.000000000000000000e+00,0.000000000000000000e+00,0.000000000000000000e+00,0.000000000000000000e+00,0.000000000000000000e+00,0.000000000000000000e+00,0.000000000000000000e+00,0.000000000000000000e+00,0.000000000000000000e+00,0.000000000000000000e+00,0.000000000000000000e+00,0.000000000000000000e+00,1.353283361827516021e-04,0.000000000000000000e+00,0.000000000000000000e+00,0.000000000000000000e+00,1.197864891492282646e-04,4.947989703991455485e-04,1.019567343939545333e-03,1.705579803660370927e-03,2.551194867221735513e-03,3.533469197557327721e-03,4.605229269582322357e-03,5.698750714575630261e-03,6.734895728649739795e-03,7.634937953892933019e-03,7.654019312022205569e-03,7.846529777845168141e-03,7.826622039389576763e-03,7.613025023563750604e-03,7.227503001041766205e-03,6.689882545550241560e-03,6.017249377313929788e-03,5.227192128295883762e-03,4.343305485942952106e-03,3.400259761104932211e-03,0.000000000000000000e+00,0.000000000000000000e+00,0.000000000000000000e+00,3.770709101492865779e-04,6.668274315133192621e-04,0.000000000000000000e+00,0.000000000000000000e+00,0.000000000000000000e+00,3.461892222350533192e-05,1.156612954953935160e-03,5.536127662661638948e-04,6.612641552150473612e-04,5.992880103265117936e-04,3.543343119551439400e-04,0.000000000000000000e+00,0.000000000000000000e+00,1.142797731848048609e-03,0.000000000000000000e+00,1.876482623034623305e-03,0.000000000000000000e+00,0.000000000000000000e+00,0.000000000000000000e+00,3.878446995643196490e-05,1.207525793013236929e-04,8.554808336511607325e-04,3.134457625606925204e-04,4.222884484727360997e-04,1.433038626938663070e-03,9.418702287373065815e-04,2.842508267148160139e-04,2.431086483141041876e-04,2.188538255060539764e-04,2.625927868717062709e-04,0.000000000000000000e+00,0.000000000000000000e+00,0.000000000000000000e+00,0.000000000000000000e+00,0.000000000000000000e+00,0.000000000000000000e+00,0.000000000000000000e+00,0.000000000000000000e+00,0.000000000000000000e+00,0.000000000000000000e+00,0.000000000000000000e+00,0.000000000000000000e+00,0.000000000000000000e+00,0.000000000000000000e+00,0.000000000000000000e+00,0.000000000000000000e+00,0.000000000000000000e+00,0.000000000000000000e+00,0.000000000000000000e+00,0.000000000000000000e+00,0.000000000000000000e+00,0.000000000000000000e+00,0.000000000000000000e+00,0.000000000000000000e+00,1.725534641836957419e-03,2.009836309757618948e-03,0.000000000000000000e+00,1.158468969799780583e-03,2.447342591642679864e-04,4.184795807368583173e-04,7.625078199815059224e-04,0.000000000000000000e+00,0.000000000000000000e+00,0.000000000000000000e+00,0.000000000000000000e+00,0.000000000000000000e+00,0.000000000000000000e+00,0.000000000000000000e+00,1.048726428066927216e-03,2.554069114389970977e-03,0.000000000000000000e+00,0.000000000000000000e+00,0.000000000000000000e+00,0.000000000000000000e+00,0.000000000000000000e+00,0.000000000000000000e+00,0.000000000000000000e+00,0.000000000000000000e+00,0.000000000000000000e+00,0.000000000000000000e+00,0.000000000000000000e+00,0.000000000000000000e+00,0.000000000000000000e+00,0.000000000000000000e+00,0.000000000000000000e+00,0.000000000000000000e+00
2.786331266084758434e-08,1.182062060352962645e-03,0.000000000000000000e+00,0.000000000000000000e+00,0.000000000000000000e+00,0.000000000000000000e+00,0.000000000000000000e+00,0.000000000000000000e+00,0.000000000000000000e+00,0.000000000000000000e+00,0.000000000000000000e+00,0.000000000000000000e+00,2.481902666446269179e-04,8.286712840129689672e-04,1.261158431803307374e-03,1.539364144539381645e-03,1.660277153418348488e-03,1.619540187558125323e-03,1.411906736274359505e-03,1.036374266141721788e-03,5.037999401852838802e-04,0.000000000000000000e+00,0.000000000000000000e+00,0.000000000000000000e+00,0.000000000000000000e+00,0.000000000000000000e+00,0.000000000000000000e+00,0.000000000000000000e+00,0.000000000000000000e+00,2.321997864763394751e-04,0.000000000000000000e+00,0.000000000000000000e+00,5.363369933838749376e-04,0.000000000000000000e+00,0.000000000000000000e+00,0.000000000000000000e+00,0.000000000000000000e+00,7.502794487059622148e-04,2.173356038091752394e-03,3.599066415277810994e-03,4.850775009339538570e-03,5.778083456093028626e-03,6.277549157343844007e-03,6.308644075003123040e-03,5.901410783899788993e-03,5.151737260966639774e-03,4.202380020000306450e-03,3.212426329295940772e-03,0.000000000000000000e+00,0.000000000000000000e+00,0.000000000000000000e+00,0.000000000000000000e+00,0.000000000000000000e+00,0.000000000000000000e+00,0.000000000000000000e+00,0.000000000000000000e+00,0.000000000000000000e+00,7.814559278790726672e-05,4.658070287633975823e-04,0.000000000000000000e+00,0.000000000000000000e+00,0.000000000000000000e+00,0.000000000000000000e+00,0.000000000000000000e+00,0.000000000000000000e+00,0.000000000000000000e+00,0.000000000000000000e+00,0.000000000000000000e+00,0.000000000000000000e+00,0.000000000000000000e+00,3.159259840611553655e-04,9.111798522363936774e-04,1.488434344488817531e-03,1.563916314281166677e-03,1.572605774520738050e-03,1.587975658128781440e-03,1.611593731484646215e-03,1.644994563155600378e-03,1.689623159500371150e-03,1.746772891732812326e-03,1.817530632061782397e-03,1.902718435040845002e-03,2.002847294055560591e-03,2.118072852074997722e-03,2.248163575813865410e-03,2.392478564851892656e-03,2.549956806061141369e-03,2.719119285168758275e-03,2.898082722473019519e-03,3.084586564255493730e-03,9.549708995676170487e-03,0.000000000000000000e+00,0.000000000000000000e+00,0.000000000000000000e+00,0.000000000000000000e+00,0.000000000000000000e+00,0.000000000000000000e+00,0.000000000000000000e+00,0.000000000000000000e+00,0.000000000000000000e+00,0.000000000000000000e+00,0.000000000000000000e+00,0.000000000000000000e+00,0.000000000000000000e+00,0.000000000000000000e+00,0.000000000000000000e+00,0.000000000000000000e+00,0.000000000000000000e+00,0.000000000000000000e+00,0.000000000000000000e+00,0.000000000000000000e+00,0.000000000000000000e+00,0.000000000000000000e+00,0.000000000000000000e+00,0.000000000000000000e+00,0.000000000000000000e+00,0.000000000000000000e+00,0.000000000000000000e+00,0.000000000000000000e+00,0.000000000000000000e+00,0.000000000000000000e+00,0.000000000000000000e+00,0.000000000000000000e+00,1.837974407877630357e-05,2.736265348621011819e-04,5.123215956262556093e-04,7.335195786410301328e-04,9.366333742283209415e-04,1.121419445410355535e-03,1.287953527745435778e-03,1.553068184000051637e-03,1.726491325932915993e-03,1.685981632702017539e-03,1.782537264096740624e-03,1.867872227779849258e-03,1.940221294985155663e-03,2.000893854749395944e-03,2.051218222685244428e-03,2.092507537889241789e-03,2.126029597792864021e-03,2.152982459921767670e-03,2.174470770601380411e-03,2.191491639492909420e-03,2.204922331391600578e-03,2.215510202397445120e-03,2.223871756472679730e-03,2.230489833404950949e-03,2.235718175547699027e-03,2.239786526460951777e-03,2.242808854475516166e-03,2.244794214519366289e-03,2.245660501613737110e-03,2.245246091675881950e-03,2.243329083322970555e-03,2.239642884299472645e-03,2.233897396951093402e-03,2.225796151101686222e-03,2.215058522341210433e-03,2.201439571450459348e-03,2.184750524926469106e-03,2.164878103746371591e-03,2.141802654278418278e-03,2.115612628895438985e-03,2.086517464966374403e-03,2.054856771094936470e-03,2.021104211462136559e-03,1.985866507604440879e-03,1.949879028669369244e-03,1.913994678082126281e-03,1.879167124171606971e-03,1.989537095359603450e-03,2.108892127382510587e-03,2.078412588120954682e-03,1.892196548176626122e-03,1.758370827222147971e-03,1.752453830774466752e-03,1.754890805846320064e-03,1.766428729434477238e-03,1.787645609645620477e-03,1.818925646707514896e-03,1.860438801402803776e-03,1.912126825548037803e-03,1.973694885799151272e-03,2.226758172514775157e-03,3.214719333813805154e-03,4.221240792839025570e-03,5.161516683157242255e-03,5.942823775836262278e-03,6.478751338907863186e-03,6.704526834712021439e-03,6.590434949729933635e-03,6.150002351731649781e-03,5.439978793412453620e-03,4.550757725471435422e-03,3.588552772759892161e-03,3.166094759874669203e-03,3.231277387749587927e-03,3.284119078771512591e-03,2.426292346087978186e-03,2.620418500544259045e-03,2.812260284065976924e-03,3.039762181329445489e-03,3.326445306153021260e-03,4.440279574308215668e-03,0.000000000000000000e+00,0.000000000000000000e+00,0.000000000000000000e+00,0.000000000000000000e+00,0.000000000000000000e+00,0.000000000000000000e+00,0.000000000000000000e+00,0.000000000000000000e+00,0.000000000000000000e+00,0.000000000000000000e+00,0.000000000000000000e+00,0.000000000000000000e+00,0.000000000000000000e+00,0.000000000000000000e+00,0.000000000000000000e+00,0.000000000000000000e+00,0.000000000000000000e+00,0.000000000000000000e+00,0.000000000000000000e+00,2.733563198674632014e-05,5.242266084804865153e-04,3.597543504604264978e-03,5.561307338447089074e-04,8.440658930089130901e-04,8.954079885381249207e-04,7.010986855629632118e-04,2.894987197348427546e-04,0.000000000000000000e+00,0.000000000000000000e+00,0.000000000000000000e+00,0.000000000000000000e+00,0.000000000000000000e+00,0.000000000000000000e+00,0.000000000000000000e+00,0.000000000000000000e+00,2.235170024113293692e-03,0.000000000000000000e+00,0.000000000000000000e+00,1.763278481859786515e-03,3.167044042770921180e-04,1.064671357410925615e-03,1.758325616323590289e-03,2.361942912516652206e-03,2.863598777574327160e-03,3.277265418474813955e-03,3.635403868691830433e-03,3.974081963178929811e-03,4.315984206388818502e-03,4.657581753839207250e-03,0.000000000000000000e+00,0.000000000000000000e+00,0.000000000000000000e+00,0.000000000000000000e+00,0.000000000000000000e+00,0.000000000000000000e+00,0.000000000000000000e+00,0.000000000000000000e+00,1.653248314747646306e-03,0.000000000000000000e+00,0.000000000000000000e+00,0.000000000000000000e+00,0.000000000000000000e+00,0.000000000000000000e+00,0.000000000000000000e+00,0.000000000000000000e+00,0.000000000000000000e+00,0.000000000000000000e+00,0.000000000000000000e+00,0.000000000000000000e+00,0.000000000000000000e+00,0.000000000000000000e+00,0.000000000000000000e+00,0.000000000000000000e+00,2.854207199278473053e-04,1.162254050588183533e-03,1.760442220030359684e-03,2.094169932158780612e-03,2.219888817415270610e-03,2.222825389775361614e-03,1.461123185961331773e-03,8.427332263945431102e-04,4.951423104674057551e-04,4.716265559776803445e-04,7.613423580132132893e-04,1.291884348789227839e-03,1.945353031030376545e-03,2.584504864138723740e-03,3.082250635793464238e-03,3.346600556586206733e-03,3.334797975493236991e-03,3.054246920232829652e-03,2.552125191159369290e-03,1.898509425469462226e-03,1.168484458641749378e-03,4.273900302637475483e-04,0.000000000000000000e+00,0.000000000000000000e+00,0.000000000000000000e+00,0.000000000000000000e+00,0.000000000000000000e+00,0.000000000000000000e+00,0.000000000000000000e+00,5.304361236352173406e-05,1.223322449369595599e-05,0.000000000000000000e+00,0.000000000000000000e+00,0.000000000000000000e+00,0.000000000000000000e+00,0.000000000000000000e+00,0.000000000000000000e+00,0.000000000000000000e+00,1.737373310267452473e-04,4.561134569452548700e-04,6.297258949064887899e-04,6.643465489163004464e-04,5.572130605862054111e-04,3.264574791362348061e-04,8.563803122203454730e-07,0.000000000000000000e+00,0.000000000000000000e+00,0.000000000000000000e+00,0.000000000000000000e+00,0.000000000000000000e+00,0.000000000000000000e+00,0.000000000000000000e+00,0.000000000000000000e+00,0.000000000000000000e+00,0.000000000000000000e+00,0.000000000000000000e+00,0.000000000000000000e+00,0.000000000000000000e+00,0.000000000000000000e+00,0.000000000000000000e+00,3.029160183293666954e-04,8.178801538582155519e-04,1.304529013711812303e-03,1.744984300669779210e-03,2.099894742184882715e-03,2.308087366493862067e-03,2.296566314744696337e-03,1.999015647795216594e-03,1.377609882611464075e-03,4.412454047498227364e-04,0.000000000000000000e+00,0.000000000000000000e+00,0.000000000000000000e+00,0.000000000000000000e+00,0.000000000000000000e+00,0.000000000000000000e+00,0.000000000000000000e+00,0.000000000000000000e+00,0.000000000000000000e+00,0.000000000000000000e+00,0.000000000000000000e+00,0.000000000000000000e+00,0.000000000000000000e+00,0.000000000000000000e+00,0.000000000000000000e+00,0.000000000000000000e+00,0.000000000000000000e+00,0.000000000000000000e+00,0.000000000000000000e+00,0.000000000000000000e+00,0.000000000000000000e+00,0.000000000000000000e+00,0.000000000000000000e+00,2.279194660645355544e-04,6.361950387616048096e-04,8.836282610092612054e-04,9.337065900453605204e-04,7.782778478642335363e-04,4.398465490570334304e-04,0.000000000000000000e+00,0.000000000000000000e+00,0.000000000000000000e+00,0.000000000000000000e+00,0.000000000000000000e+00,0.000000000000000000e+00,0.000000000000000000e+00,0.000000000000000000e+00,0.000000000000000000e+00,0.000000000000000000e+00,0.000000000000000000e+00,0.000000000000000000e+00,0.000000000000000000e+00,0.000000000000000000e+00,0.000000000000000000e+00,0.000000000000000000e+00,0.000000000000000000e+00,0.000000000000000000e+00,7.663226990015034341e-04,2.140059600731645997e-03,3.482332558215924315e-03,4.677106526274460961e-03,5.630963548189938869e-03,6.281713055295191570e-03
5.809214720125183422e-09,1.351943241411991290e-03,2.812934882040047779e-03,0.000000000000000000e+00,0.000000000000000000e+00,0.000000000000000000e+00,0.000000000000000000e+00,0.000000000000000000e+00,0.000000000000000000e+00,0.000000000000000000e+00,0.000000000000000000e+00,0.000000000000000000e+00,0.000000000000000000e+00,0.000000000000000000e+00,0.000000000000000000e+00,0.000000000000000000e+00,0.000000000000000000e+00,0.000000000000000000e+00,0.000000000000000000e+00,0.000000000000000000e+00,0.000000000000000000e+00,0.000000000000000000e+00,0.000000000000000000e+00,9.565319479932211889e-04,5.917090630557717001e-04,1.108151479397492795e-04,0.000000000000000000e+00,0.000000000000000000e+00,0.000000000000000000e+00,0.000000000000000000e+00,0.000000000000000000e+00,0.000000000000000000e+00,0.000000000000000000e+00,0.000000000000000000e+00,0.000000000000000000e+00,0.000000000000000000e+00,0.000000000000000000e+00,0.000000000000000000e+00,0.000000000000000000e+00,0.000000000000000000e+00,0.000000000000000000e+00,0.000000000000000000e+00,0.000000000000000000e+00,0.000000000000000000e+00,0.000000000000000000e+00,0.000000000000000000e+00,0.000000000000000000e+00,0.000000000000000000e+00,0.000000000000000000e+00,0.000000000000000000e+00,0.000000000000000000e+00,0.000000000000000000e+00,0.000000000000000000e+00,0.000000000000000000e+00,0.000000000000000000e+00,0.000000000000000000e+00,0.000000000000000000e+00,7.686104981611968385e-04,1.994879740105592013e-03,0.000000000000000000e+00,0.000000000000000000e+00,0.000000000000000000e+00,0.000000000000000000e+00,0.000000000000000000e+00,0.000000000000000000e+00,0.000000000000000000e+00,0.000000000000000000e+00,0.000000000000000000e+00,0.000000000000000000e+00,0.000000000000000000e+00,0.000000000000000000e+00,0.000000000000000000e+00,0.000000000000000000e+00,0.000000000000000000e+00,0.000000000000000000e+00,0.000000000000000000e+00,0.000000000000000000e+00,1.324025010949033918e-05,5.202973449365402370e-04,8.289243616999294280e-04,9.347488029975648200e-04,8.588112076307969018e-04,6.451857524163104058e-04,3.525439976802913298e-04,7.379577490000873439e-04,1.328181979557660789e-03,5.208688807870624944e-04,6.573115985039468647e-04,7.782851030406107455e-04,8.820789731640495688e-04,9.672372707525628624e-04,0.000000000000000000e+00,0.000000000000000000e+00,0.000000000000000000e+00,0.000000000000000000e+00,0.000000000000000000e+00,0.000000000000000000e+00,1.445290555265216247e-04,8.072841574446979222e-04,1.404531814934455083e-03,1.877232910263517069e-03,2.184563303725274141e-03,2.311639781703591495e-03,2.271397393310323198e-03,2.100601442620806444e-03,1.851626176589359117e-03,1.582339052275004952e-03,1.346202945510058171e-03,1.184057260211549218e-03,1.118457962406327159e-03,1.151133964742158053e-03,1.263864268745460524e-03,3.806130453101812163e-03,0.000000000000000000e+00,0.000000000000000000e+00,0.000000000000000000e+00,7.225863388529294260e-07,4.328797546292741626e-04,1.245657333132185740e-03,1.960128692488190272e-03,7.431927589603758242e-04,7.390936246313500272e-04,8.033998796751379593e-04,1.022842344532419456e-03,1.436736973013958557e-03,2.026503106537431900e-03,2.721954371371283505e-03,3.422223939137664182e-03,4.024588304017434441e-03,4.452185628002248291e-03,4.672389302827238862e-03,4.701044450553207299e-03,4.592599810156056117e-03,4.420637990194088880e-03,4.255925188357970526e-03,4.149033257698744176e-03,4.122028370810912161e-03,4.169785783108561142e-03,4.267914530339218110e-03,4.382536990044949045e-03,4.477904235926291089e-03,4.520315440425807380e-03,4.479467296804966886e-03,4.329639138830471135e-03,4.052414900518131260e-03,3.640731294256347068e-03,3.102311902659916389e-03,2.460258320167380344e-03,1.749777416903056668e-03,1.011887812734621733e-03,2.862711267905781965e-04,0.000000000000000000e+00,0.000000000000000000e+00,0.000000000000000000e+00,0.000000000000000000e+00,0.000000000000000000e+00,0.000000000000000000e+00,0.000000000000000000e+00,0.000000000000000000e+00,0.000000000000000000e+00,0.000000000000000000e+00,0.000000000000000000e+00,0.000000000000000000e+00,0.000000000000000000e+00,0.000000000000000000e+00,0.000000000000000000e+00,0.000000000000000000e+00,0.000000000000000000e+00,0.000000000000000000e+00,0.000000000000000000e+00,0.000000000000000000e+00,0.000000000000000000e+00,0.000000000000000000e+00,0.000000000000000000e+00,3.992132907346352609e-05,1.167108033517574709e-04,1.915182487598576886e-04,2.639170858594956344e-04,3.334879580040698318e-04,3.998295808452073099e-04,4.625684777806696353e-04,5.213672948713883853e-04,5.759330498437130767e-04,6.260211632432063217e-04,6.714404811310544126e-04,8.094844221297863842e-04,1.128699067593686226e-03,1.466112103293161885e-03,1.812281818469376913e-03,2.145502445744002559e-03,2.433960253814895520e-03,2.639054545303057102e-03,5.908387465795118592e-04,2.627309755462056392e-04,0.000000000000000000e+00,0.000000000000000000e+00,0.000000000000000000e+00,0.000000000000000000e+00,0.000000000000000000e+00,3.668198884352082134e-04,2.971624269998880425e-03,0.000000000000000000e+00,0.000000000000000000e+00,0.000000000000000000e+00,0.000000000000000000e+00,0.000000000000000000e+00,0.000000000000000000e+00,0.000000000000000000e+00,0.000000000000000000e+00,0.000000000000000000e+00,0.000000000000000000e+00,0.000000000000000000e+00,0.000000000000000000e+00,0.000000000000000000e+00,0.000000000000000000e+00,0.000000000000000000e+00,0.000000000000000000e+00,2.339463884150115656e-04,3.701944361762630358e-04,4.022089269006359248e-04,4.077265157845149984e-04,4.619870781581290778e-04,6.205263788590415115e-04,9.089913757654329279e-04,1.321566517486692750e-03,3.648305224742670345e-03,0.000000000000000000e+00,0.000000000000000000e+00,0.000000000000000000e+00,0.000000000000000000e+00,0.000000000000000000e+00,0.000000000000000000e+00,0.000000000000000000e+00,0.000000000000000000e+00,0.000000000000000000e+00,0.000000000000000000e+00,0.000000000000000000e+00,3.467461095865592181e-04,1.498921419889267951e-04,0.000000000000000000e+00,0.000000000000000000e+00,0.000000000000000000e+00,0.000000000000000000e+00,0.000000000000000000e+00,6.660020358664879049e-04,2.677104654123426894e-03,3.266207659101228161e-03,4.515781518731575885e-03,5.606890463202097129e-03,6.481066768384846806e-03,7.107252607722018209e-03,0.000000000000000000e+00,0.000000000000000000e+00,0.000000000000000000e+00,0.000000000000000000e+00,0.000000000000000000e+00,0.000000000000000000e+00,0.000000000000000000e+00,0.000000000000000000e+00,0.000000000000000000e+00,5.946173996960650663e-04,1.188154927450895890e-03,1.635369818801978275e-03,1.895376662966495552e-03,1.933050672358742209e-03,1.728815062518858445e-03,1.287588001117313374e-03,9.622266758913195286e-04,1.590909662845252370e-03,2.198775547699607924e-03,2.721540735605097825e-03,3.106386142019107021e-03,6.253139073828540943e-03,0.000000000000000000e+00,0.000000000000000000e+00,0.000000000000000000e+00,0.000000000000000000e+00,0.000000000000000000e+00,0.000000000000000000e+00,0.000000000000000000e+00,0.000000000000000000e+00,0.000000000000000000e+00,0.000000000000000000e+00,0.000000000000000000e+00,0.000000000000000000e+00,0.000000000000000000e+00,0.000000000000000000e+00,0.000000000000000000e+00,0.000000000000000000e+00,0.000000000000000000e+00,0.000000000000000000e+00,0.000000000000000000e+00,0.000000000000000000e+00,0.000000000000000000e+00,0.000000000000000000e+00,0.000000000000000000e+00,0.000000000000000000e+00,3.069107814824359199e-04,6.346244107946799303e-04,7.296478375627947705e-04,6.290364744413731507e-04,3.950620454534210899e-04,1.002804156099284394e-04,0.000000000000000000e+00,0.000000000000000000e+00,0.000000000000000000e+00,0.000000000000000000e+00,0.000000000000000000e+00,2.586457456450677725e-04,5.068487166479891714e-04,5.592255730002918543e-04,4.439669023009056611e-04,2.097508895131051845e-04,0.000000000000000000e+00,0.000000000000000000e+00,0.000000000000000000e+00,0.000000000000000000e+00,0.000000000000000000e+00,0.000000000000000000e+00,0.000000000000000000e+00,0.000000000000000000e+00,0.000000000000000000e+00,1.322637096577243261e-04,4.483086329502693635e-04,6.560545742019627691e-04,7.339542771819783113e-04,6.654290547382045711e-04,4.415273434745877910e-04,6.547494206267417049e-05,1.079796015665055164e-04,1.118439630489531178e-04,8.839693614856793818e-05,1.022202752604889022e-04,2.890618893096659741e-03,3.508604207267232748e-05,0.000000000000000000e+00,0.000000000000000000e+00,0.000000000000000000e+00,0.000000000000000000e+00,0.000000000000000000e+00,0.000000000000000000e+00,2.181029904020576678e-04,0.000000000000000000e+00,0.000000000000000000e+00,0.000000000000000000e+00,0.000000000000000000e+00,9.013524190436661800e-05,2.925950061346932712e-04,4.854346775432909233e-04,6.582049391716904112e-04,7.963481315259635139e-04,8.849937111717822054e-04,9.125257598289117800e-04,8.735648727809268085e-04,7.706947810031830690e-04,6.139605937513770411e-04,4.174472936315994391e-04,1.934085102901729122e-04,0.000000000000000000e+00,0.000000000000000000e+00,0.000000000000000000e+00,0.000000000000000000e+00,0.000000000000000000e+00,0.000000000000000000e+00,0.000000000000000000e+00,0.000000000000000000e+00,0.000000000000000000e+00,0.000000000000000000e+00,0.000000000000000000e+00,0.000000000000000000e+00,0.000000000000000000e+00,0.000000000000000000e+00,0.000000000000000000e+00,0.000000000000000000e+00,3.195810255150556057e-04,1.234405364054853805e-03,1.962105602682804283e-03,2.471272627166727024e-03,2.761483014002511730e-03,2.854308737914787713e-03,2.782094617145646799e-03,2.578050302454575841e-03,2.269965955331663694e-03,1.878248505911642337e-03,1.417591815136303888e-03,9.007659502401767866e-04,3.427393735087474764e-04,0.000000000000000000e+00,0.000000000000000000e+00,0.000000000000000000e+00,0.000000000000000000e+00,0.000000000000000000e+00,0.000000000000000000e+00,0.000000000000000000e+00,0.000000000000000000e+00,0.000000000000000000e+00,0.000000000000000000e+00,0.000000000000000000e+00,0.000000000000000000e+00,0.000000000000000000e+00
4.726924239032889127e-08,0.000000000000000000e+00,0.000000000000000000e+00,0.000000000000000000e+00,0.000000000000000000e+00,0.000000000000000000e+00,0.000000000000000000e+00,1.781447009500458981e-04,4.976394424848441453e-04,9.186064146101233403e-04,1.445988207391503758e-03,1.803272051533299624e-03,0.000000000000000000e+00,1.175258062095649622e-05,0.000000000000000000e+00,0.000000000000000000e+00,0.000000000000000000e+00,2.484801397762825210e-05,2.149198574930915272e-04,5.283648296139137248e-04,9.470127746147725045e-04,1.434861023181191507e-03,1.950176446688967145e-03,2.457412539619573382e-03,2.934965854690967622e-03,3.376553767771034269e-03,3.786284529751853065e-03,4.169634971478289494e-03,4.523990886155230227e-03,4.832803206692120983e-03,5.066469709504944040e-03,5.190753768779391916e-03,5.180456126232415963e-03,5.033295691039153981e-03,4.777862351474569842e-03,4.471013845445854194e-03,4.183960562147254550e-03,3.981010006791360113e-03,0.000000000000000000e+00,0.000000000000000000e+00,0.000000000000000000e+00,0.000000000000000000e+00,0.000000000000000000e+00,0.000000000000000000e+00,0.000000000000000000e+00,0.000000000000000000e+00,0.000000000000000000e+00,0.000000000000000000e+00,7.199869271678615169e-04,3.702713638030478548e-03,0.000000000000000000e+00,0.000000000000000000e+00,0.000000000000000000e+00,0.000000000000000000e+00,0.000000000000000000e+00,0.000000000000000000e+00,0.000000000000000000e+00,0.000000000000000000e+00,0.000000000000000000e+00,1.515267729370927633e-03,5.337388275359293945e-05,0.000000000000000000e+00,0.000000000000000000e+00,0.000000000000000000e+00,0.000000000000000000e+00,0.000000000000000000e+00,0.000000000000000000e+00,0.000000000000000000e+00,0.000000000000000000e+00,0.000000000000000000e+00,1.462762591927259642e-04,3.566857004752362775e-04,4.672878283541010108e-04,4.333159154866275675e-04,2.368687626237783598e-04,3.840006765900492959e-04,9.837126526409743343e-04,0.000000000000000000e+00,0.000000000000000000e+00,2.074252130771062660e-04,7.634844333620301095e-04,1.442041686406516721e-03,2.179243977945758207e-03,2.899291167996702941e-03,3.524715565513318778e-03,3.986844676957868906e-03,4.234112778191992561e-03,4.633187214278507680e-03,5.440704375944441576e-03,5.992776950836579616e-03,6.278596965155550970e-03,6.328311866212479875e-03,6.204218750149329865e-03,6.230071066069013327e-03,0.000000000000000000e+00,0.000000000000000000e+00,0.000000000000000000e+00,0.000000000000000000e+00,0.000000000000000000e+00,0.000000000000000000e+00,0.000000000000000000e+00,0.000000000000000000e+00,0.000000000000000000e+00,0.000000000000000000e+00,0.000000000000000000e+00,0.000000000000000000e+00,1.746872804995494967e-03,5.409504343929368800e-04,6.861885084632294305e-04,2.405169772691504934e-03,1.459458169648401729e-03,2.820643719249021734e-03,0.000000000000000000e+00,0.000000000000000000e+00,0.000000000000000000e+00,0.000000000000000000e+00,0.000000000000000000e+00,0.000000000000000000e+00,0.000000000000000000e+00,0.000000000000000000e+00,0.000000000000000000e+00,0.000000000000000000e+00,0.000000000000000000e+00,0.000000000000000000e+00,0.000000000000000000e+00,0.000000000000000000e+00,0.000000000000000000e+00,0.000000000000000000e+00,0.000000000000000000e+00,0.000000000000000000e+00,0.000000000000000000e+00,0.000000000000000000e+00,1.129378164657073052e-04,0.000000000000000000e+00,0.000000000000000000e+00,0.000000000000000000e+00,0.000000000000000000e+00,0.000000000000000000e+00,0.000000000000000000e+00,0.000000000000000000e+00,0.000000000000000000e+00,0.000000000000000000e+00,0.000000000000000000e+00,0.000000000000000000e+00,0.000000000000000000e+00,0.000000000000000000e+00,1.535373475008002610e-05,4.452089290921996023e-04,7.656006769859555368e-04,9.559280752959483903e-04,1.021505730353562810e-03,9.866170424119382904e-04,8.852355136334512592e-04,7.526946090905410657e-04,6.206819665096539830e-04,6.661913956250490026e-04,1.267904383390068643e-03,1.930375582544887995e-03,2.638439988703316069e-03,3.378953546792302486e-03,4.146378280977292691e-03,4.943248212836554717e-03,0.000000000000000000e+00,0.000000000000000000e+00,0.000000000000000000e+00,0.000000000000000000e+00,0.000000000000000000e+00,0.000000000000000000e+00,0.000000000000000000e+00,0.000000000000000000e+00,0.000000000000000000e+00,0.000000000000000000e+00,0.000000000000000000e+00,0.000000000000000000e+00,0.000000000000000000e+00,0.000000000000000000e+00,0.000000000000000000e+00,0.000000000000000000e+00,0.000000000000000000e+00,0.000000000000000000e+00,0.000000000000000000e+00,0.000000000000000000e+00,0.000000000000000000e+00,2.470782031829993103e-04,5.595548292631636472e-04,7.986564766199741924e-04,9.951697002632230171e-04,1.185695510991728379e-03,1.404177093792074093e-03,2.291176346676476825e-03,0.000000000000000000e+00,0.000000000000000000e+00,0.000000000000000000e+00,0.000000000000000000e+00,0.000000000000000000e+00,0.000000000000000000e+00,0.000000000000000000e+00,0.000000000000000000e+00,0.000000000000000000e+00,0.000000000000000000e+00,0.000000000000000000e+00,0.000000000000000000e+00,0.000000000000000000e+00,1.387388110979669606e-04,7.030957804049218270e-04,1.192197029768323965e-03,0.000000000000000000e+00,0.000000000000000000e+00,0.000000000000000000e+00,0.000000000000000000e+00,0.000000000000000000e+00,0.000000000000000000e+00,0.000000000000000000e+00,0.000000000000000000e+00,0.000000000000000000e+00,0.000000000000000000e+00,0.000000000000000000e+00,0.000000000000000000e+00,0.000000000000000000e+00,0.000000000000000000e+00,8.008738202940590386e-04,1.589741972997915512e-03,2.211794360799750753e-03,2.624716682995210763e-03,2.824664880359628247e-03,2.839382442668492677e-03,2.715228444762788750e-03,2.735630746001958737e-03,2.670529986611725089e-03,2.510310036563100609e-03,2.296873815701896710e-03,2.061692461073143159e-03,1.819287616757966474e-03,1.565891718978029050e-03,1.283686498059377406e-03,9.493088849061761657e-04,5.437730822107809340e-04,6.033338413828947578e-05,0.000000000000000000e+00,0.000000000000000000e+00,0.000000000000000000e+00,0.000000000000000000e+00,0.000000000000000000e+00,0.000000000000000000e+00,0.000000000000000000e+00,0.000000000000000000e+00,0.000000000000000000e+00,0.000000000000000000e+00,0.000000000000000000e+00,0.000000000000000000e+00,0.000000000000000000e+00,0.000000000000000000e+00,0.000000000000000000e+00,0.000000000000000000e+00,0.000000000000000000e+00,0.000000000000000000e+00,0.000000000000000000e+00,0.000000000000000000e+00,0.000000000000000000e+00,0.000000000000000000e+00,0.000000000000000000e+00,0.000000000000000000e+00,0.000000000000000000e+00,0.000000000000000000e+00,0.000000000000000000e+00,0.000000000000000000e+00,0.000000000000000000e+00,0.000000000000000000e+00,0.000000000000000000e+00,0.000000000000000000e+00,1.747278577314193471e-04,3.978820843357975244e-04,1.878461148718841981e-04,0.000000000000000000e+00,0.000000000000000000e+00,0.000000000000000000e+00,0.000000000000000000e+00,0.000000000000000000e+00,0.000000000000000000e+00,0.000000000000000000e+00,0.000000000000000000e+00,0.000000000000000000e+00,0.000000000000000000e+00,0.000000000000000000e+00,1.442163447968702438e-04,7.737026749927741580e-04,1.155070996974207195e-03,1.278466097469303699e-03,1.176344286985738733e-03,9.156611503442983312e-04,5.841234991734136272e-04,2.730151811154242405e-04,5.972696856086332515e-05,0.000000000000000000e+00,8.765384523534888435e-05,3.204849501033663734e-04,6.449336120373891802e-04,0.000000000000000000e+00,0.000000000000000000e+00,0.000000000000000000e+00,0.000000000000000000e+00,0.000000000000000000e+00,0.000000000000000000e+00,0.000000000000000000e+00,0.000000000000000000e+00,0.000000000000000000e+00,0.000000000000000000e+00,0.000000000000000000e+00,0.000000000000000000e+00,0.000000000000000000e+00,0.000000000000000000e+00,0.000000000000000000e+00,0.000000000000000000e+00,0.000000000000000000e+00,0.000000000000000000e+00,0.000000000000000000e+00,0.000000000000000000e+00,0.000000000000000000e+00,0.000000000000000000e+00,0.000000000000000000e+00,9.804541783522170706e-04,2.203063219535393667e-03,3.429499947194530191e-03,4.604073364311363388e-03,5.651897846243856584e-03,6.488525754942090808e-03,7.035026790702213553e-03,7.234547266607316111e-03,0.000000000000000000e+00,0.000000000000000000e+00,0.000000000000000000e+00,0.000000000000000000e+00,0.000000000000000000e+00,2.742157093918956654e-04,1.279589179762739880e-03,0.000000000000000000e+00,0.000000000000000000e+00,0.000000000000000000e+00,0.000000000000000000e+00,0.000000000000000000e+00,1.546041698640160812e-04,2.837882784130497092e-04,3.042369774817869649e-04,2.550595274663280195e-04,1.767507908551431330e-04,9.664462191648625104e-05,0.000000000000000000e+00,7.327095821339207741e-05,1.588406798433681906e-03,0.000000000000000000e+00,0.000000000000000000e+00,0.000000000000000000e+00,0.000000000000000000e+00,0.000000000000000000e+00,0.000000000000000000e+00,0.000000000000000000e+00,0.000000000000000000e+00,0.000000000000000000e+00,0.000000000000000000e+00,0.000000000000000000e+00,0.000000000000000000e+00,0.000000000000000000e+00,0.000000000000000000e+00,0.000000000000000000e+00,1.979335140654275317e-04,9.189643060387088936e-04,1.514559021260235500e-03,1.936661733566404130e-03,2.156875189862436475e-03,2.358181064167752267e-03,2.847479058454348549e-03,3.123111255488235198e-03,3.184809270799509370e-03,3.055886324364763627e-03,2.774301601686764932e-03,2.383191830529200316e-03,1.923298123248590738e-03,1.428344930560096222e-03,9.230593978375641615e-04,4.227791238694657088e-04,0.000000000000000000e+00,0.000000000000000000e+00,0.000000000000000000e+00,0.000000000000000000e+00,0.000000000000000000e+00,0.000000000000000000e+00,0.000000000000000000e+00,0.000000000000000000e+00,0.000000000000000000e+00,0.000000000000000000e+00,0.000000000000000000e+00,0.000000000000000000e+00,0.000000000000000000e+00,0.000000000000000000e+00,0.000000000000000000e+00,0.000000000000000000e+00,0.000000000000000000e+00,0.000000000000000000e+00,0.000000000000000000e+00,0.000000000000000000e+00
9.869785140686375650e-08,1.009929257849430216e-04,1.796790011195228216e-04,2.356347314085925463e-04,2.688584393161144314e-04,2.798086458309700171e-04,2.693787159326207722e-04,2.388689850592145810e-04,1.899413625956130973e-04,1.863274858111094059e-04,4.456053094224407540e-04,8.565477301644742764e-04,1.392384322558878462e-03,1.985653415479194002e-03,2.540745486152468178e-03,2.955772487521276561e-03,3.147729837107384864e-03,3.073634491820768141e-03,2.741177768894045678e-03,2.205356471802733063e-03,1.551858845387932111e-03,8.723445704205478679e-04,2.394699687885351190e-04,0.000000000000000000e+00,0.000000000000000000e+00,0.000000000000000000e+00,0.000000000000000000e+00,0.000000000000000000e+00,0.000000000000000000e+00,0.000000000000000000e+00,0.000000000000000000e+00,0.000000000000000000e+00,0.000000000000000000e+00,0.000000000000000000e+00,0.000000000000000000e+00,0.000000000000000000e+00,0.000000000000000000e+00,0.000000000000000000e+00,0.000000000000000000e+00,0.000000000000000000e+00,4.824397944830087666e-04,1.000432435637972411e-03,1.476325830897834597e-03,1.914227102393940881e-03,0.000000000000000000e+00,0.000000000000000000e+00,0.000000000000000000e+00,0.000000000000000000e+00,0.000000000000000000e+00,0.000000000000000000e+00,0.000000000000000000e+00,0.000000000000000000e+00,6.310692369634717924e-04,1.733850295269005097e-03,0.000000000000000000e+00,0.000000000000000000e+00,0.000000000000000000e+00,0.000000000000000000e+00,0.000000000000000000e+00,0.000000000000000000e+00,0.000000000000000000e+00,0.000000000000000000e+00,0.000000000000000000e+00,0.000000000000000000e+00,0.000000000000000000e+00,0.000000000000000000e+00,0.000000000000000000e+00,0.000000000000000000e+00,0.000000000000000000e+00,0.000000000000000000e+00,0.000000000000000000e+00,0.000000000000000000e+00,0.000000000000000000e+00,0.000000000000000000e+00,0.000000000000000000e+00,0.000000000000000000e+00,0.000000000000000000e+00,0.000000000000000000e+00,0.000000000000000000e+00,0.000000000000000000e+00,0.000000000000000000e+00,0.000000000000000000e+00,0.000000000000000000e+00,0.000000000000000000e+00,0.000000000000000000e+00,1.104085200650531974e-05,6.562036480643516998e-04,0.000000000000000000e+00,0.000000000000000000e+00,0.000000000000000000e+00,0.000000000000000000e+00,0.000000000000000000e+00,0.000000000000000000e+00,0.000000000000000000e+00,0.000000000000000000e+00,0.000000000000000000e+00,0.000000000000000000e+00,0.000000000000000000e+00,0.000000000000000000e+00,4.703601676923144237e-04,1.012097205372911165e-03,1.509659233096832419e-03,1.959820539828681894e-03,2.354041443869686525e-03,2.673834351674213121e-03,2.888378268398595055e-03,2.957688350784426663e-03,2.842346441686435625e-03,2.517208878272093452e-03,1.983811491429616439e-03,1.276035255656144708e-03,4.561951159827830620e-04,0.000000000000000000e+00,0.000000000000000000e+00,0.000000000000000000e+00,0.000000000000000000e+00,0.000000000000000000e+00,0.000000000000000000e+00,0.000000000000000000e+00,0.000000000000000000e+00,0.000000000000000000e+00,0.000000000000000000e+00,0.000000000000000000e+00,0.000000000000000000e+00,0.000000000000000000e+00,0.000000000000000000e+00,0.000000000000000000e+00,0.000000000000000000e+00,0.000000000000000000e+00,0.000000000000000000e+00,0.000000000000000000e+00,0.000000000000000000e+00,0.000000000000000000e+00,0.000000000000000000e+00,0.000000000000000000e+00,0.000000000000000000e+00,9.448436377428895644e-05,7.386569950329480421e-04,1.351516266889316508e-03,1.915048396667460955e-03,2.403368146896984071e-03,2.791192869118249223e-03,3.061991372207078978e-03,3.213050651520396074e-03,3.255976494294215203e-03,3.212785625496081699e-03,3.109220179814475588e-03,2.967737196546070023e-03,2.802573008393857267e-03,2.618405424039302234e-03,2.412876082792528038e-03,2.181974472321840646e-03,1.926404306422387731e-03,1.656694497294855691e-03,1.395058671282135582e-03,1.172920385414493545e-03,1.024422933347862198e-03,9.777424362684031083e-04,1.046922797244176752e-03,1.226746319612864299e-03,1.491861423388733069e-03,1.799737816874738029e-03,2.096036980311046221e-03,2.321138280488680827e-03,8.454639767475194412e-03,0.000000000000000000e+00,0.000000000000000000e+00,0.000000000000000000e+00,0.000000000000000000e+00,6.839573977886085959e-04,0.000000000000000000e+00,0.000000000000000000e+00,0.000000000000000000e+00,0.000000000000000000e+00,2.848906891392473406e-04,1.291504563702120965e-03,2.162409621440145990e-03,2.817568024622453711e-03,3.191888177320350174e-03,0.000000000000000000e+00,0.000000000000000000e+00,0.000000000000000000e+00,0.000000000000000000e+00,6.619498808553366974e-04,0.000000000000000000e+00,0.000000000000000000e+00,0.000000000000000000e+00,0.000000000000000000e+00,0.000000000000000000e+00,0.000000000000000000e+00,0.000000000000000000e+00,0.000000000000000000e+00,0.000000000000000000e+00,0.000000000000000000e+00,0.000000000000000000e+00,0.000000000000000000e+00,0.000000000000000000e+00,0.000000000000000000e+00,0.000000000000000000e+00,0.000000000000000000e+00,0.000000000000000000e+00,0.000000000000000000e+00,3.553869763462089203e-04,9.888062316412988672e-04,5.610927824448381021e-04,2.522794746321894554e-04,6.870677057482624023e-05,0.000000000000000000e+00,1.682629867071246460e-05,8.708735803344127494e-05,1.701251675051122672e-04,2.260419397444935797e-04,2.173841243731358859e-04,1.121015583000989715e-04,0.000000000000000000e+00,0.000000000000000000e+00,0.000000000000000000e+00,0.000000000000000000e+00,0.000000000000000000e+00,0.000000000000000000e+00,0.000000000000000000e+00,0.000000000000000000e+00,0.000000000000000000e+00,0.000000000000000000e+00,0.000000000000000000e+00,0.000000000000000000e+00,0.000000000000000000e+00,0.000000000000000000e+00,0.000000000000000000e+00,0.000000000000000000e+00,0.000000000000000000e+00,0.000000000000000000e+00,0.000000000000000000e+00,0.000000000000000000e+00,0.000000000000000000e+00,9.736883140053859077e-05,5.586272804571815838e-04,0.000000000000000000e+00,0.000000000000000000e+00,2.363238048869580347e-04,0.000000000000000000e+00,0.000000000000000000e+00,0.000000000000000000e+00,0.000000000000000000e+00,0.000000000000000000e+00,0.000000000000000000e+00,0.000000000000000000e+00,4.057936498681996140e-04,1.989892525059238325e-03,3.403537531803919360e-03,4.462364125910395739e-03,5.041902531657753428e-03,5.097504506752262646e-03,4.665219620772818529e-03,3.845586754490129891e-03,2.777430582429661794e-03,1.610612349788150249e-03,4.847476892143990387e-04,1.830308745344438404e-03,1.206012150970109690e-03,1.479161505988490360e-03,0.000000000000000000e+00,0.000000000000000000e+00,0.000000000000000000e+00,0.000000000000000000e+00,0.000000000000000000e+00,0.000000000000000000e+00,0.000000000000000000e+00,0.000000000000000000e+00,0.000000000000000000e+00,0.000000000000000000e+00,0.000000000000000000e+00,0.000000000000000000e+00,0.000000000000000000e+00,0.000000000000000000e+00,0.000000000000000000e+00,0.000000000000000000e+00,0.000000000000000000e+00,0.000000000000000000e+00,0.000000000000000000e+00,0.000000000000000000e+00,0.000000000000000000e+00,0.000000000000000000e+00,0.000000000000000000e+00,0.000000000000000000e+00,0.000000000000000000e+00,0.000000000000000000e+00,0.000000000000000000e+00,0.000000000000000000e+00,0.000000000000000000e+00,0.000000000000000000e+00,0.000000000000000000e+00,1.285931924554195821e-04,1.021779458371362571e-03,1.987587719464569379e-03,3.795032047188865061e-03,1.777999794086070930e-03,2.028851490604801928e-03,2.467826691967708180e-03,0.000000000000000000e+00,0.000000000000000000e+00,0.000000000000000000e+00,0.000000000000000000e+00,0.000000000000000000e+00,0.000000000000000000e+00,0.000000000000000000e+00,0.000000000000000000e+00,0.000000000000000000e+00,0.000000000000000000e+00,0.000000000000000000e+00,0.000000000000000000e+00,2.910139048784771208e-04,1.161854641080573968e-03,1.935669314169259940e-03,2.587189021685883713e-03,3.098487226622468650e-03,3.459972211459336113e-03,3.671620947892464612e-03,3.744520760431236956e-03,3.702187315006358250e-03,3.580715638064329610e-03,0.000000000000000000e+00,0.000000000000000000e+00,0.000000000000000000e+00,0.000000000000000000e+00,0.000000000000000000e+00,0.000000000000000000e+00,0.000000000000000000e+00,0.000000000000000000e+00,0.000000000000000000e+00,0.000000000000000000e+00,0.000000000000000000e+00,0.000000000000000000e+00,0.000000000000000000e+00,0.000000000000000000e+00,0.000000000000000000e+00,0.000000000000000000e+00,0.000000000000000000e+00,0.000000000000000000e+00,0.000000000000000000e+00,0.000000000000000000e+00,0.000000000000000000e+00,0.000000000000000000e+00,1.715257587905844104e-04,3.267907521129746902e-04,2.222476365616401659e-04,0.000000000000000000e+00,0.000000000000000000e+00,0.000000000000000000e+00,0.000000000000000000e+00,0.000000000000000000e+00,0.000000000000000000e+00,3.554359570245530853e-05,4.981983069434330622e-04,9.330293083599907949e-04,1.543603604946580622e-03,0.000000000000000000e+00,0.000000000000000000e+00,0.000000000000000000e+00,0.000000000000000000e+00,0.000000000000000000e+00,0.000000000000000000e+00,0.000000000000000000e+00,0.000000000000000000e+00,4.218701503491243022e-05,4.325362385013773597e-04,8.313816331106016651e-04,1.265109608636140991e-03,1.768192222901103202e-03,2.371230786935603265e-03,3.086808175024901169e-03,3.897815379110197449e-03,4.752901704736508214e-03,5.571773059601659896e-03,6.259901201464083270e-03,6.729032266026898669e-03,6.917765343592298909e-03,6.806220837414719144e-03,6.420550830638214156e-03,5.826214581143343216e-03,5.112480633808450144e-03,4.373181621224108903e-03,3.689447441020558393e-03,3.118804371442083449e-03,2.692369373312947841e-03,2.418984762734966223e-03,2.293091993301644635e-03,2.302471656945326642e-03,2.432713908890732184e-03,2.667076959643524363e-03,2.982658511754200659e-03,3.345681891560470505e-03,3.709411224475503855e-03,4.017213696302094489e-03,4.210920361670607466e-03,4.241947113218934480e-03,4.081056671539661125e-03,3.723088254972793144e-03,3.185226033211440745e-03,2.500267693422676945e-03
0.000000000000000000e+00,0.000000000000000000e+00,0.000000000000000000e+00,0.000000000000000000e+00,0.000000000000000000e+00,0.000000000000000000e+00,0.000000000000000000e+00,1.192542951647742076e-04,2.809839801697846954e-04,4.361690941335349286e-04,5.908886066008563762e-04,7.572321809570245824e-04,9.542191565188613139e-04,1.209307513381100395e-03,1.557854774578773744e-03,2.038223059480983538e-03,2.681950407328146258e-03,3.500777166003913362e-03,4.474246019930334592e-03,5.542293138447154134e-03,6.606470916436683188e-03,7.541317576239989391e-03,8.214545471849613381e-03,8.512002345927660932e-03,8.361602319489170460e-03,7.750302697043067075e-03,6.729761148415380582e-03,5.409080262340179232e-03,3.936188148758522180e-03,2.472016748622991780e-03,1.163063119719241886e-03,1.179681732920694482e-04,0.000000000000000000e+00,0.000000000000000000e+00,0.000000000000000000e+00,0.000000000000000000e+00,0.000000000000000000e+00,0.000000000000000000e+00,0.000000000000000000e+00,0.000000000000000000e+00,0.000000000000000000e+00,0.000000000000000000e+00,0.000000000000000000e+00,0.000000000000000000e+00,0.000000000000000000e+00,0.000000000000000000e+00,0.000000000000000000e+00,0.000000000000000000e+00,0.000000000000000000e+00,0.000000000000000000e+00,7.588288562989171015e-04,1.645443845242439748e-03,2.495783952174493881e-03,3.277105519775646778e-03,3.956897130266027150e-03,4.499279788613187898e-03,4.867357530479603928e-03,5.031048926229926728e-03,0.000000000000000000e+00,0.000000000000000000e+00,0.000000000000000000e+00,0.000000000000000000e+00,0.000000000000000000e+00,0.000000000000000000e+00,0.000000000000000000e+00,0.000000000000000000e+00,5.677711741746120254e-04,0.000000000000000000e+00,0.000000000000000000e+00,6.174500055175372384e-04,1.339852119400488078e-03,0.000000000000000000e+00,0.000000000000000000e+00,0.000000000000000000e+00,0.000000000000000000e+00,0.000000000000000000e+00,0.000000000000000000e+00,0.000000000000000000e+00,0.000000000000000000e+00,0.000000000000000000e+00,0.000000000000000000e+00,0.000000000000000000e+00,0.000000000000000000e+00,0.000000000000000000e+00,0.000000000000000000e+00,0.000000000000000000e+00,0.000000000000000000e+00,0.000000000000000000e+00,0.000000000000000000e+00,0.000000000000000000e+00,0.000000000000000000e+00,0.000000000000000000e+00,0.000000000000000000e+00,0.000000000000000000e+00,6.536273779733207414e-05,5.940663794498916199e-04,1.117372932558784475e-03,1.607422984802068296e-03,2.012919803518804611e-03,2.269494264613677696e-03,0.000000000000000000e+00,0.000000000000000000e+00,1.534163469052400987e-04,0.000000000000000000e+00,0.000000000000000000e+00,0.000000000000000000e+00,0.000000000000000000e+00,0.000000000000000000e+00,0.000000000000000000e+00,0.000000000000000000e+00,0.000000000000000000e+00,0.000000000000000000e+00,0.000000000000000000e+00,0.000000000000000000e+00,0.000000000000000000e+00,0.000000000000000000e+00,0.000000000000000000e+00,0.000000000000000000e+00,0.000000000000000000e+00,9.525829403216714609e-05,2.234095751229029031e-04,3.806362698465063656e-04,5.899292677654723342e-04,8.609825247505389651e-04,1.194005934638116620e-03,1.586434753295691514e-03,2.037955363056123074e-03,2.550121901762696010e-03,3.120025931102183864e-03,3.731220107018930112e-03,0.000000000000000000e+00,0.000000000000000000e+00,0.000000000000000000e+00,0.000000000000000000e+00,0.000000000000000000e+00,0.000000000000000000e+00,0.000000000000000000e+00,0.000000000000000000e+00,0.000000000000000000e+00,0.000000000000000000e+00,0.000000000000000000e+00,0.000000000000000000e+00,3.497838217244146793e-03,1.709657424250530817e-03,0.000000000000000000e+00,0.000000000000000000e+00,0.000000000000000000e+00,0.000000000000000000e+00,1.481901176005919732e-04,4.666932250228584319e-04,6.451732648653597585e-04,6.397575937892694027e-04,4.432006532193410705e-04,8.020613757609644078e-05,0.000000000000000000e+00,0.000000000000000000e+00,0.000000000000000000e+00,0.000000000000000000e+00,0.000000000000000000e+00,0.000000000000000000e+00,0.000000000000000000e+00,0.000000000000000000e+00,0.000000000000000000e+00,0.000000000000000000e+00,0.000000000000000000e+00,0.000000000000000000e+00,0.000000000000000000e+00,0.000000000000000000e+00,0.000000000000000000e+00,0.000000000000000000e+00,0.000000000000000000e+00,0.000000000000000000e+00,0.000000000000000000e+00,0.000000000000000000e+00,0.000000000000000000e+00,0.000000000000000000e+00,0.000000000000000000e+00,0.000000000000000000e+00,0.000000000000000000e+00,7.773823624877390084e-05,2.026225910055973927e-04,3.237366089484331063e-04,4.403601385181255099e-04,5.519448447467942840e-04,6.581212806391396495e-04,7.587038464507970441e-04,8.536838147160592024e-04,9.432169738357293722e-04,4.262470905358741401e-04,7.212308065771336468e-04,1.469275208711405501e-03,0.000000000000000000e+00,0.000000000000000000e+00,0.000000000000000000e+00,0.000000000000000000e+00,0.000000000000000000e+00,0.000000000000000000e+00,0.000000000000000000e+00,0.000000000000000000e+00,0.000000000000000000e+00,0.000000000000000000e+00,0.000000000000000000e+00,0.000000000000000000e+00,0.000000000000000000e+00,0.000000000000000000e+00,0.000000000000000000e+00,0.000000000000000000e+00,0.000000000000000000e+00,0.000000000000000000e+00,0.000000000000000000e+00,0.000000000000000000e+00,0.000000000000000000e+00,0.000000000000000000e+00,0.000000000000000000e+00,0.000000000000000000e+00,0.000000000000000000e+00,0.000000000000000000e+00,0.000000000000000000e+00,0.000000000000000000e+00,0.000000000000000000e+00,0.000000000000000000e+00,0.000000000000000000e+00,0.000000000000000000e+00,0.000000000000000000e+00,0.000000000000000000e+00,0.000000000000000000e+00,0.000000000000000000e+00,0.000000000000000000e+00,0.000000000000000000e+00,0.000000000000000000e+00,0.000000000000000000e+00,0.000000000000000000e+00,0.000000000000000000e+00,0.000000000000000000e+00,0.000000000000000000e+00,0.000000000000000000e+00,0.000000000000000000e+00,3.664008764493320168e-04,6.518831636145505301e-04,8.436237451355695083e-04,9.526962773661974476e-04,9.917758123600154893e-04,9.707735060423655334e-04,8.951494514968228160e-04,7.668494770664115515e-04,5.871256884427673937e-04,3.602347902138867508e-04,9.693823147371271448e-05,1.804105251392899790e-04,7.569787561565327356e-04,1.372801449868483060e-03,2.002599459825839603e-03,2.604158488622464619e-03,3.125853145167612791e-03,3.516978631093272290e-03,3.737745566261933827e-03,3.766117011787082410e-03,3.600023158930445999e-03,3.255260463955007497e-03,2.760799879726426233e-03,2.153716325121435380e-03,1.475390430139445798e-03,7.694188595451727881e-04,4.081381229911902045e-04,2.958014355682774595e-04,1.667054949289472016e-04,1.530386790391115954e-05,0.000000000000000000e+00,0.000000000000000000e+00,0.000000000000000000e+00,0.000000000000000000e+00,0.000000000000000000e+00,0.000000000000000000e+00,0.000000000000000000e+00,0.000000000000000000e+00,0.000000000000000000e+00,0.000000000000000000e+00,0.000000000000000000e+00,0.000000000000000000e+00,0.000000000000000000e+00,1.289085649292486579e-05,8.385185894837448141e-04,1.539167080546707681e-03,2.059763082186869335e-03,2.381660825899313636e-03,2.519710801534574048e-03,2.512368639327169830e-03,2.408912049448811397e-03,2.257689555557790533e-03,2.097742993011288311e-03,1.954234505827456749e-03,1.836925395813844043e-03,1.740857264823683984e-03,1.648951863799015235e-03,1.536623033088775842e-03,1.378284217643568118e-03,1.154862617543906409e-03,8.606890889907284001e-04,5.078718976932916802e-04,1.265897528691045193e-04,0.000000000000000000e+00,0.000000000000000000e+00,0.000000000000000000e+00,0.000000000000000000e+00,0.000000000000000000e+00,0.000000000000000000e+00,0.000000000000000000e+00,0.000000000000000000e+00,0.000000000000000000e+00,0.000000000000000000e+00,0.000000000000000000e+00,0.000000000000000000e+00,0.000000000000000000e+00,0.000000000000000000e+00,0.000000000000000000e+00,0.000000000000000000e+00,0.000000000000000000e+00,0.000000000000000000e+00,0.000000000000000000e+00,0.000000000000000000e+00,0.000000000000000000e+00,0.000000000000000000e+00,0.000000000000000000e+00,0.000000000000000000e+00,0.000000000000000000e+00,0.000000000000000000e+00,4.804283004052705666e-04,1.226327654887796048e-03,1.916698680022613840e-03,2.521101124347952492e-03,3.016022882947761493e-03,3.382564383119160759e-03,3.604745519576004528e-03,3.670738345529386132e-03,3.577563178511662667e-03,3.337355098936377936e-03,2.981524542365930966e-03,2.559204906091060074e-03,2.128518849018292119e-03,1.742526729014026764e-03,1.434572164237560244e-03,1.208626268186407515e-03,1.038594217553508300e-03,8.771218191547387440e-04,6.708223001962042211e-04,3.767037931448559331e-04,0.000000000000000000e+00,0.000000000000000000e+00,0.000000000000000000e+00,0.000000000000000000e+00,0.000000000000000000e+00,0.000000000000000000e+00,0.000000000000000000e+00,0.000000000000000000e+00,0.000000000000000000e+00,0.000000000000000000e+00,0.000000000000000000e+00,0.000000000000000000e+00,1.226133799631910510e-04,2.402260916909003559e-04,1.837798460726731476e-04,0.000000000000000000e+00,0.000000000000000000e+00,0.000000000000000000e+00,0.000000000000000000e+00,0.000000000000000000e+00,0.000000000000000000e+00,0.000000000000000000e+00,1.135816596906592590e-04,5.213836855167287149e-04,1.336264859391713159e-03,1.962450772326375294e-03,2.335879383702015814e-03,2.431909774928911732e-03,2.271479044031532186e-03,1.918103864807893695e-03,1.464694751331716786e-03,1.177345734972549398e-03,1.240026731775010138e-03,1.290513269640215831e-03,1.329280951165518702e-03,1.357019233671898561e-03,1.374595839319932506e-03,9.986803037256035322e-04,1.035280891722731213e-03,1.129339816824032929e-03,1.256685915551588760e-03,1.895437681285904244e-03,0.000000000000000000e+00,0.000000000000000000e+00,0.000000000000000000e+00,0.000000000000000000e+00,0.000000000000000000e+00,0.000000000000000000e+00,0.000000000000000000e+00,0.000000000000000000e+00,0.000000000000000000e+00,0.000000000000000000e+00,0.000000000000000000e+00,0.000000000000000000e+00
0.000000000000000000e+00,0.000000000000000000e+00,0.000000000000000000e+00,0.000000000000000000e+00,0.000000000000000000e+00,0.000000000000000000e+00,0.000000000000000000e+00,0.000000000000000000e+00,0.000000000000000000e+00,0.000000000000000000e+00,0.000000000000000000e+00,0.000000000000000000e+00,0.000000000000000000e+00,0.000000000000000000e+00,0.000000000000000000e+00,0.000000000000000000e+00,0.000000000000000000e+00,0.000000000000000000e+00,0.000000000000000000e+00,8.132449081109000303e-04,1.884792453134403632e-03,5.846124093320533661e-04,4.578205669265888490e-04,3.530584221081465657e-04,1.065855452449977975e-03,1.803697001339887775e-03,2.522456869504511104e-03,3.180846880828346653e-03,3.738672463143133829e-03,4.155855639948803117e-03,4.393821670014546460e-03,4.419323111855159858e-03,4.209576361858390070e-03,3.757160077149094678e-03,3.073311476176671889e-03,2.188734433224016462e-03,1.327290424865545373e-03,1.281752678872147017e-03,1.157344888428605461e-03,1.002637037655437378e-03,8.623272577378744176e-04,7.666671239192244473e-04,7.246687851070989428e-04,7.235477021543723544e-04,7.346129913327632127e-04,7.234992001292692284e-04,6.611475268694230398e-04,5.318401961069618364e-04,3.359742381517371603e-04,2.066928316759463651e-04,7.350291916251729769e-04,1.625415668136157140e-03,2.190843824481379480e-03,2.353164610655118522e-03,2.080374856020380300e-03,1.390516948203098782e-03,8.706891061076485038e-04,9.464032739830310990e-04,1.017885818862943005e-03,1.085906380227762234e-03,1.151420073783210882e-03,1.215529077424490779e-03,1.279438929295514168e-03,1.344409852887886152e-03,1.411703372989963181e-03,1.482530083253307592e-03,1.557995439912158737e-03,0.000000000000000000e+00,0.000000000000000000e+00,0.000000000000000000e+00,0.000000000000000000e+00,0.000000000000000000e+00,0.000000000000000000e+00,0.000000000000000000e+00,0.000000000000000000e+00,0.000000000000000000e+00,0.000000000000000000e+00,0.000000000000000000e+00,0.000000000000000000e+00,0.000000000000000000e+00,0.000000000000000000e+00,0.000000000000000000e+00,0.000000000000000000e+00,0.000000000000000000e+00,0.000000000000000000e+00,0.000000000000000000e+00,0.000000000000000000e+00,0.000000000000000000e+00,0.000000000000000000e+00,0.000000000000000000e+00,0.000000000000000000e+00,3.230881964271656239e-04,6.285858871232168727e-04,6.404654672363253691e-04,3.950425095563690129e-04,1.226965185699680893e-03,1.950682982254324125e-03,2.401875129499717303e-03,2.527028599081001994e-03,2.306465688399058842e-03,1.759000069942142936e-03,9.438680028179904664e-04,0.000000000000000000e+00,0.000000000000000000e+00,0.000000000000000000e+00,0.000000000000000000e+00,1.780884753755109212e-04,1.175187179817110484e-03,2.231917547335621633e-03,3.226258999595483287e-03,4.031172138026672958e-03,4.541353200268704975e-03,4.696023327914208498e-03,4.491660198360564703e-03,3.981341500836293665e-03,3.413813547393433883e-03,3.662721465534595974e-03,3.607246118405816118e-03,3.265722993676460975e-03,2.682665738040163148e-03,1.926978847621777652e-03,1.087838841989951112e-03,2.663871088002144798e-04,4.371832195198657777e-04,9.573708134194308010e-04,6.649184144471894774e-04,0.000000000000000000e+00,8.969440908093243578e-04,0.000000000000000000e+00,1.302673048374756743e-04,2.325021190949354451e-03,1.310529907918811911e-03,1.298742870988252958e-03,1.545939221296119747e-03,1.685701126655938945e-03,1.734185787802716575e-03,1.722462783709020331e-03,0.000000000000000000e+00,0.000000000000000000e+00,0.000000000000000000e+00,0.000000000000000000e+00,0.000000000000000000e+00,0.000000000000000000e+00,0.000000000000000000e+00,0.000000000000000000e+00,0.000000000000000000e+00,0.000000000000000000e+00,0.000000000000000000e+00,0.000000000000000000e+00,4.553191977422496074e-03,0.000000000000000000e+00,0.000000000000000000e+00,0.000000000000000000e+00,0.000000000000000000e+00,0.000000000000000000e+00,0.000000000000000000e+00,0.000000000000000000e+00,0.000000000000000000e+00,0.000000000000000000e+00,0.000000000000000000e+00,0.000000000000000000e+00,0.000000000000000000e+00,0.000000000000000000e+00,0.000000000000000000e+00,0.000000000000000000e+00,0.000000000000000000e+00,0.000000000000000000e+00,0.000000000000000000e+00,0.000000000000000000e+00,0.000000000000000000e+00,0.000000000000000000e+00,0.000000000000000000e+00,0.000000000000000000e+00,0.000000000000000000e+00,0.000000000000000000e+00,0.000000000000000000e+00,0.000000000000000000e+00,0.000000000000000000e+00,0.000000000000000000e+00,0.000000000000000000e+00,0.000000000000000000e+00,0.000000000000000000e+00,0.000000000000000000e+00,0.000000000000000000e+00,0.000000000000000000e+00,0.000000000000000000e+00,0.000000000000000000e+00,0.000000000000000000e+00,0.000000000000000000e+00,0.000000000000000000e+00,1.016240318968002470e-03,2.071924543684180737e-03,0.000000000000000000e+00,0.000000000000000000e+00,0.000000000000000000e+00,0.000000000000000000e+00,0.000000000000000000e+00,0.000000000000000000e+00,0.000000000000000000e+00,0.000000000000000000e+00,0.000000000000000000e+00,0.000000000000000000e+00,5.006973306440683658e-05,1.337175180093276789e-03,2.511018116434723252e-03,3.483906655722801299e-03,4.185982097987830941e-03,4.574913017984010011e-03,4.641461587417660892e-03,5.050169702283696660e-03,9.111364947878697676e-03,0.000000000000000000e+00,0.000000000000000000e+00,0.000000000000000000e+00,0.000000000000000000e+00,2.377148182215121724e-04,4.654309251766031554e-04,0.000000000000000000e+00,0.000000000000000000e+00,0.000000000000000000e+00,0.000000000000000000e+00,0.000000000000000000e+00,0.000000000000000000e+00,0.000000000000000000e+00,1.643560066845561982e-04,1.018049595591371398e-03,1.697770622212570451e-03,2.173742353327193667e-03,0.000000000000000000e+00,0.000000000000000000e+00,0.000000000000000000e+00,0.000000000000000000e+00,0.000000000000000000e+00,0.000000000000000000e+00,0.000000000000000000e+00,0.000000000000000000e+00,0.000000000000000000e+00,0.000000000000000000e+00,3.827574033618196588e-03,0.000000000000000000e+00,0.000000000000000000e+00,0.000000000000000000e+00,0.000000000000000000e+00,0.000000000000000000e+00,0.000000000000000000e+00,0.000000000000000000e+00,0.000000000000000000e+00,0.000000000000000000e+00,0.000000000000000000e+00,0.000000000000000000e+00,0.000000000000000000e+00,0.000000000000000000e+00,0.000000000000000000e+00,0.000000000000000000e+00,0.000000000000000000e+00,0.000000000000000000e+00,0.000000000000000000e+00,0.000000000000000000e+00,0.000000000000000000e+00,0.000000000000000000e+00,0.000000000000000000e+00,0.000000000000000000e+00,0.000000000000000000e+00,7.410134054287729121e-05,3.840526089093055880e-04,6.952759604381014182e-04,1.004399704962588742e-03,1.308045341428672311e-03,1.606143417144310827e-03,1.900296374430637423e-03,2.187086505282574006e-03,2.449593248628860898e-03,2.652303291863307780e-03,2.743889892451491404e-03,2.669084099664702225e-03,2.386705467456716381e-03,1.887806277141125706e-03,1.207205174199461753e-03,1.652803409392558046e-03,2.941253832390898406e-03,3.952529726947982477e-03,4.592123706810358544e-03,4.810467577524651928e-03,4.620139377409165221e-03,4.101527219202629783e-03,3.393468903896996059e-03,2.669388036622775094e-03,2.103461657428291973e-03,2.003677244699915861e-03,0.000000000000000000e+00,0.000000000000000000e+00,0.000000000000000000e+00,0.000000000000000000e+00,0.000000000000000000e+00,0.000000000000000000e+00,0.000000000000000000e+00,0.000000000000000000e+00,0.000000000000000000e+00,0.000000000000000000e+00,0.000000000000000000e+00,0.000000000000000000e+00,3.661211824188287216e-03,0.000000000000000000e+00,0.000000000000000000e+00,0.000000000000000000e+00,0.000000000000000000e+00,0.000000000000000000e+00,4.830414096576465897e-04,1.329528145745402469e-03,2.181193639618676273e-03,3.029333720044297129e-03,3.843465542089223239e-03,4.567145486754567094e-03,5.127087870366085418e-03,5.453650881985328512e-03,5.505718684828404645e-03,5.290608082717219822e-03,4.870887229700983888e-03,4.354344050457227382e-03,3.869112904849855705e-03,3.531069805976708512e-03,3.413263615763017979e-03,3.526488207624325216e-03,3.816561751976551339e-03,4.178659948601460769e-03,4.484058676009644931e-03,4.611429663155511630e-03,4.474191455669389132e-03,4.037327275887848434e-03,3.320569918612549520e-03,2.388849462454723568e-03,1.334120140296891129e-03,2.544307496858991768e-04,0.000000000000000000e+00,0.000000000000000000e+00,0.000000000000000000e+00,0.000000000000000000e+00,0.000000000000000000e+00,0.000000000000000000e+00,0.000000000000000000e+00,0.000000000000000000e+00,0.000000000000000000e+00,0.000000000000000000e+00,0.000000000000000000e+00,9.875436238289429173e-05,1.041998056104936595e-03,1.573489133484304520e-03,1.679328364666065904e-03,1.381220397531533360e-03,7.335021888358046575e-04,0.000000000000000000e+00,0.000000000000000000e+00,0.000000000000000000e+00,0.000000000000000000e+00,0.000000000000000000e+00,0.000000000000000000e+00,0.000000000000000000e+00,0.000000000000000000e+00,0.000000000000000000e+00,5.704628608739951241e-04,1.435755454730343154e-03,2.422879481035918742e-03,3.453505808543014168e-03,4.427219868432813975e-03,9.197090555216065610e-03,0.000000000000000000e+00,0.000000000000000000e+00,0.000000000000000000e+00,0.000000000000000000e+00,0.000000000000000000e+00,0.000000000000000000e+00,0.000000000000000000e+00,0.000000000000000000e+00,0.000000000000000000e+00,0.000000000000000000e+00,0.000000000000000000e+00,0.000000000000000000e+00,0.000000000000000000e+00,0.000000000000000000e+00,0.000000000000000000e+00,0.000000000000000000e+00,0.000000000000000000e+00,0.000000000000000000e+00,0.000000000000000000e+00,0.000000000000000000e+00,0.000000000000000000e+00,0.000000000000000000e+00,0.000000000000000000e+00,0.000000000000000000e+00,1.450595566879664140e-03,9.917241658624801382e-07,0.000000000000000000e+00,0.000000000000000000e+00,0.000000000000000000e+00,1.065057735210305780e-04,0.000000000000000000e+00,0.000000000000000000e+00,0.000000000000000000e+00,0.000000000000000000e+00,0.000000000000000000e+00
1.824515311849411382e-07,0.000000000000000000e+00,0.000000000000000000e+00,0.000000000000000000e+00,0.000000000000000000e+00,0.000000000000000000e+00,0.000000000000000000e+00,0.000000000000000000e+00,0.000000000000000000e+00,0.000000000000000000e+00,0.000000000000000000e+00,0.000000000000000000e+00,0.000000000000000000e+00,0.000000000000000000e+00,0.000000000000000000e+00,0.000000000000000000e+00,0.000000000000000000e+00,0.000000000000000000e+00,0.000000000000000000e+00,0.000000000000000000e+00,0.000000000000000000e+00,0.000000000000000000e+00,0.000000000000000000e+00,0.000000000000000000e+00,0.000000000000000000e+00,0.000000000000000000e+00,0.000000000000000000e+00,0.000000000000000000e+00,0.000000000000000000e+00,0.000000000000000000e+00,0.000000000000000000e+00,0.000000000000000000e+00,0.000000000000000000e+00,0.000000000000000000e+00,2.254508567182868120e-04,7.709880029115176100e-04,1.227609543485586128e-03,1.569766397141855643e-03,3.789491320819101620e-03,0.000000000000000000e+00,0.000000000000000000e+00,0.000000000000000000e+00,0.000000000000000000e+00,0.000000000000000000e+00,0.000000000000000000e+00,0.000000000000000000e+00,0.000000000000000000e+00,0.000000000000000000e+00,0.000000000000000000e+00,0.000000000000000000e+00,0.000000000000000000e+00,0.000000000000000000e+00,0.000000000000000000e+00,0.000000000000000000e+00,0.000000000000000000e+00,0.000000000000000000e+00,0.000000000000000000e+00,0.000000000000000000e+00,0.000000000000000000e+00,0.000000000000000000e+00,0.000000000000000000e+00,0.000000000000000000e+00,0.000000000000000000e+00,0.000000000000000000e+00,0.000000000000000000e+00,0.000000000000000000e+00,0.000000000000000000e+00,0.000000000000000000e+00,0.000000000000000000e+00,0.000000000000000000e+00,5.396288805456687194e-04,1.355100993596584490e-03,2.454960032184360600e-03,0.000000000000000000e+00,0.000000000000000000e+00,0.000000000000000000e+00,0.000000000000000000e+00,3.483167296328253939e-04,8.590225523917619736e-04,1.227006612762800890e-03,1.430294189691726009e-03,1.485793114258759581e-03,1.871041256188742683e-03,0.000000000000000000e+00,0.000000000000000000e+00,0.000000000000000000e+00,0.000000000000000000e+00,0.000000000000000000e+00,0.000000000000000000e+00,0.000000000000000000e+00,0.000000000000000000e+00,0.000000000000000000e+00,0.000000000000000000e+00,0.000000000000000000e+00,0.000000000000000000e+00,0.000000000000000000e+00,0.000000000000000000e+00,0.000000000000000000e+00,0.000000000000000000e+00,0.000000000000000000e+00,0.000000000000000000e+00,0.000000000000000000e+00,5.373615837092058853e-03,5.882192720815224195e-04,6.109324786554143610e-04,6.287636293702569303e-04,6.416791875149286404e-04,6.497443682568022818e-04,9.068094281810520950e-04,1.590463134556321023e-03,2.255846827419438674e-03,2.858891574893624148e-03,3.365295442506634552e-03,3.748595905416486542e-03,3.989180843275287429e-03,4.074764812752023485e-03,4.001985167773627027e-03,3.778175511713535197e-03,3.422241180755685938e-03,2.963875522159079793e-03,2.440913972666065596e-03,1.895161814223636021e-03,1.367398518121153541e-03,8.924687945202742188e-04,4.955348910759572187e-04,3.465412291577127856e-04,3.307031678730452257e-04,3.176741505394933005e-04,3.078444245157909440e-04,3.015954454448604560e-04,2.992930117988085214e-04,4.158767629009124472e-04,8.399397593473023182e-04,1.370946812530252990e-03,1.971609280795434682e-03,2.581613359656265670e-03,3.126193273088633505e-03,3.530938900769599927e-03,3.738214140615417867e-03,3.719645336343256354e-03,3.480609444673883179e-03,3.055831488506081679e-03,2.498670229004454867e-03,1.868741762369942501e-03,1.222304498666442786e-03,8.574768314362770597e-04,9.295177458650133451e-04,1.003667048682109313e-03,1.079320108247459973e-03,1.155864809886262374e-03,1.232697712793837238e-03,1.309234828616549339e-03,1.384927924193953561e-03,1.459273706871051140e-03,1.689087509810607065e-03,1.874942599508534063e-03,1.982946680220309520e-03,2.018931124273637238e-03,1.989882567190982658e-03,1.904976122621819448e-03,1.912268830946553923e-03,1.964906262937518751e-03,2.014248705747172675e-03,2.060243600921755295e-03,2.102815126559485180e-03,2.141846162530046480e-03,2.177161661254956981e-03,2.208512262260949651e-03,2.235566475719345456e-03,2.257901713890445548e-03,2.275005486661432156e-03,2.286280168845248456e-03,2.291056587034702614e-03,2.288611611738212460e-03,2.278195422190766074e-03,2.259060104658711186e-03,2.230498305704854689e-03,2.191881913855183491e-03,2.142705324391419065e-03,2.082627347436592172e-03,2.011513071739114578e-03,1.929472863630559429e-03,1.836896417912647602e-03,1.734478033254308830e-03,1.623235134285134010e-03,1.504517158153720726e-03,1.380000312358440045e-03,1.251673309915995666e-03,1.121808509496045577e-03,9.929224827934868616e-04,9.759164507785742567e-04,9.261038768930802360e-04,7.183384792499574335e-04,5.427996366966431670e-04,4.608705486363242482e-04,3.965676850824072122e-04,3.521951029165692809e-04,3.297058026048884901e-04,3.306314117898074526e-04,3.560228541995422093e-04,4.064043565695271806e-04,4.817420106519732371e-04,5.814293823631241876e-04,7.042935305069676069e-04,8.486165912714500490e-04,1.012177048856406506e-03,1.192304802654419642e-03,1.385955728526024576e-03,1.589790658476402090e-03,1.800271736915737839e-03,2.013756826341136369e-03,2.226599885077644100e-03,2.435246098844026565e-03,2.636324633092399471e-03,3.314342451739188226e-03,1.710146026253811253e-03,1.674843126795253195e-03,1.749481988395238047e-03,1.917126682816450416e-03,2.145840169629698729e-03,2.400475794624328148e-03,2.655986441084678702e-03,2.905327323758352242e-03,0.000000000000000000e+00,0.000000000000000000e+00,0.000000000000000000e+00,0.000000000000000000e+00,0.000000000000000000e+00,0.000000000000000000e+00,0.000000000000000000e+00,0.000000000000000000e+00,0.000000000000000000e+00,0.000000000000000000e+00,0.000000000000000000e+00,0.000000000000000000e+00,0.000000000000000000e+00,5.444526384424297396e-04,1.146283691330539584e-03,1.632473005022310863e-03,2.015457424580162273e-03,2.312365434914070723e-03,2.537187295786619799e-03,2.696301344378770632e-03,2.787824372001861117e-03,2.804224416720447338e-03,2.736980721723797014e-03,2.581781891086630271e-03,2.342740972522933118e-03,2.034260119710237791e-03,1.679670088272980366e-03,1.306594667857371083e-03,9.401452595929433650e-04,5.960680338488135626e-04,1.029409820854656609e-03,1.512603112644019497e-03,1.867016421188277386e-03,2.042130652177466619e-03,1.993886415085467569e-03,1.694949873681500041e-03,1.143680884574296407e-03,3.685598622786594105e-04,0.000000000000000000e+00,0.000000000000000000e+00,0.000000000000000000e+00,0.000000000000000000e+00,0.000000000000000000e+00,0.000000000000000000e+00,0.000000000000000000e+00,0.000000000000000000e+00,0.000000000000000000e+00,0.000000000000000000e+00,0.000000000000000000e+00,0.000000000000000000e+00,0.000000000000000000e+00,0.000000000000000000e+00,0.000000000000000000e+00,0.000000000000000000e+00,0.000000000000000000e+00,0.000000000000000000e+00,0.000000000000000000e+00,0.000000000000000000e+00,0.000000000000000000e+00,0.000000000000000000e+00,0.000000000000000000e+00,0.000000000000000000e+00,3.116249105111089835e-04,5.912971841546254279e-04,7.874457174589567267e-04,8.727862049441943888e-04,8.145619695516785217e-04,5.824699938487782952e-04,1.610302403082359516e-04,0.000000000000000000e+00,0.000000000000000000e+00,0.000000000000000000e+00,0.000000000000000000e+00,0.000000000000000000e+00,0.000000000000000000e+00,3.994069293352982795e-03,0.000000000000000000e+00,0.000000000000000000e+00,0.000000000000000000e+00,0.000000000000000000e+00,0.000000000000000000e+00,0.000000000000000000e+00,0.000000000000000000e+00,0.000000000000000000e+00,0.000000000000000000e+00,0.000000000000000000e+00,0.000000000000000000e+00,0.000000000000000000e+00,0.000000000000000000e+00,0.000000000000000000e+00,0.000000000000000000e+00,0.000000000000000000e+00,0.000000000000000000e+00,0.000000000000000000e+00,0.000000000000000000e+00,0.000000000000000000e+00,0.000000000000000000e+00,0.000000000000000000e+00,0.000000000000000000e+00,4.998068497491226208e-04,1.507966719689472421e-03,0.000000000000000000e+00,1.078647563731366995e-03,2.115176694080511243e-03,2.857818389046768576e-03,3.267543955341743137e-03,3.351756410710603987e-03,3.160029481830283100e-03,2.774053619887411649e-03,2.293587599216326007e-03,1.821130170134472280e-03,1.448166349591662990e-03,7.268239400924383063e-06,2.305959139330345279e-04,2.327058613096663999e-04,2.632988394811365817e-05,0.000000000000000000e+00,0.000000000000000000e+00,0.000000000000000000e+00,0.000000000000000000e+00,0.000000000000000000e+00,0.000000000000000000e+00,0.000000000000000000e+00,0.000000000000000000e+00,0.000000000000000000e+00,0.000000000000000000e+00,0.000000000000000000e+00,7.153894237058891449e-04,1.508340119004193377e-03,2.194621081826669037e-03,1.412950964865076348e-03,1.711326960457304827e-03,2.251992643021182711e-03,0.000000000000000000e+00,0.000000000000000000e+00,0.000000000000000000e+00,0.000000000000000000e+00,0.000000000000000000e+00,0.000000000000000000e+00,0.000000000000000000e+00,0.000000000000000000e+00,0.000000000000000000e+00,0.000000000000000000e+00,0.000000000000000000e+00,0.000000000000000000e+00,5.621499594633084596e-05,3.514323478451280734e-04,1.685137885385359392e-03,2.442991913156140806e-03,0.000000000000000000e+00,0.000000000000000000e+00,0.000000000000000000e+00,2.666870555536893510e-04,1.189716954216702566e-03,2.136849727092089354e-03,3.033246317845687129e-03,3.793660437321003109e-03,4.339924115518460461e-03,4.618883376318393824e-03,4.614537477483561523e-03,4.350229310497584836e-03,3.880490073698847266e-03,3.275878105189969445e-03,2.606322923809418612e-03,2.330294369019441422e-03,2.758464179152989287e-03,3.119908566979199497e-03,0.000000000000000000e+00,0.000000000000000000e+00,0.000000000000000000e+00,0.000000000000000000e+00,0.000000000000000000e+00,0.000000000000000000e+00,0.000000000000000000e+00,0.000000000000000000e+00,0.000000000000000000e+00,0.000000000000000000e+00
1.209316889377598840e-07,0.000000000000000000e+00,0.000000000000000000e+00,0.000000000000000000e+00,0.000000000000000000e+00,0.000000000000000000e+00,0.000000000000000000e+00,0.000000000000000000e+00,4.072370941183069484e-03,0.000000000000000000e+00,0.000000000000000000e+00,0.000000000000000000e+00,0.000000000000000000e+00,0.000000000000000000e+00,0.000000000000000000e+00,1.617950310726149453e-04,8.780211064768059844e-04,1.558523112798349463e-03,2.117466397204825160e-03,2.488298982729430283e-03,2.634748957809848052e-03,2.558171344822175296e-03,2.299018517483477405e-03,1.930438271574987140e-03,1.543542123701471987e-03,1.226537809731776838e-03,1.042739828835338245e-03,1.021028102129771433e-03,1.179190619986548528e-03,1.337080291467135839e-03,1.494091601612566097e-03,1.649627798560172930e-03,1.803085434598085228e-03,1.953835530893227937e-03,2.101212220841690292e-03,2.244497575466893567e-03,2.382912501498804774e-03,2.515611901558534053e-03,2.641679131261361231e-03,2.760128666939129505e-03,2.869909146729164758e-03,2.969914010475054565e-03,3.058992478171004489e-03,3.135967419477382872e-03,3.199654377738764439e-03,3.248886950512509288e-03,3.282542281125923160e-03,3.299570877510118322e-03,3.299027227681420107e-03,3.280103046664077041e-03,3.242159304716275749e-03,3.184758450535717881e-03,3.107695290608765079e-03,3.011025244858292569e-03,9.930951270784565271e-03,6.396463444030795441e-03,0.000000000000000000e+00,0.000000000000000000e+00,0.000000000000000000e+00,0.000000000000000000e+00,0.000000000000000000e+00,0.000000000000000000e+00,0.000000000000000000e+00,0.000000000000000000e+00,0.000000000000000000e+00,0.000000000000000000e+00,0.000000000000000000e+00,0.000000000000000000e+00,0.000000000000000000e+00,2.669140426735776566e-04,1.158415138507397487e-03,1.786855672943603139e-03,4.121062079536390484e-03,0.000000000000000000e+00,0.000000000000000000e+00,0.000000000000000000e+00,0.000000000000000000e+00,0.000000000000000000e+00,0.000000000000000000e+00,3.684654962465727548e-04,6.595577035200309284e-04,7.946842267017406418e-04,7.359164115022049030e-04,4.690418540062803632e-04,1.162434745035348781e-05,0.000000000000000000e+00,0.000000000000000000e+00,0.000000000000000000e+00,0.000000000000000000e+00,0.000000000000000000e+00,0.000000000000000000e+00,0.000000000000000000e+00,0.000000000000000000e+00,0.000000000000000000e+00,0.000000000000000000e+00,6.318034493442126719e-04,0.000000000000000000e+00,0.000000000000000000e+00,0.000000000000000000e+00,0.000000000000000000e+00,0.000000000000000000e+00,0.000000000000000000e+00,0.000000000000000000e+00,6.287571564539305106e-04,1.159050924673050162e-03,1.517309363114387839e-03,1.662292353763330155e-03,1.592711526894641542e-03,1.351403821485369031e-03,1.020890380028353613e-03,1.097273823612657630e-03,1.246228389501666863e-03,1.348966426515082855e-03,1.405869125297457218e-03,1.416008881163904063e-03,2.030972760871695322e-03,2.786930125569552115e-03,3.516178634684090885e-03,4.141107743735381215e-03,4.621178009058534396e-03,4.955657989801087043e-03,5.174893928256528788e-03,5.324737301293588562e-03,5.449893964721191746e-03,5.580951006629815414e-03,5.727643833206320055e-03,5.878629880141298183e-03,6.006443258917614110e-03,0.000000000000000000e+00,0.000000000000000000e+00,0.000000000000000000e+00,0.000000000000000000e+00,0.000000000000000000e+00,0.000000000000000000e+00,0.000000000000000000e+00,7.688306574738820558e-04,1.626380441504075456e-03,2.257556102906886110e-03,2.640077608457842059e-03,2.785027833750722791e-03,2.727026569115813086e-03,2.512996892825903467e-03,2.192875398463205085e-03,1.813872358310736777e-03,1.350221006533042906e-04,8.494714452148564897e-04,0.000000000000000000e+00,0.000000000000000000e+00,0.000000000000000000e+00,0.000000000000000000e+00,0.000000000000000000e+00,0.000000000000000000e+00,0.000000000000000000e+00,7.452944937152900559e-05,8.414644608633805450e-04,1.555949040646432231e-03,2.147979997527108605e-03,2.566900594421168101e-03,2.790413774673739487e-03,2.828081141392649843e-03,2.717381634118275734e-03,2.512832213269020933e-03,2.271293157166230734e-03,2.038100147788627411e-03,1.838302861803483169e-03,1.675223065158723892e-03,1.535888529600587136e-03,1.400824036427746619e-03,1.254879303787898243e-03,1.689390386501316227e-03,2.195181976488427052e-03,2.531228751209914102e-03,2.703573104129045144e-03,0.000000000000000000e+00,0.000000000000000000e+00,0.000000000000000000e+00,0.000000000000000000e+00,4.386047087449550762e-04,1.224411461309050323e-03,1.925638820368220103e-03,2.480341202242638491e-03,2.857776967526563013e-03,3.061182783084457487e-03,0.000000000000000000e+00,0.000000000000000000e+00,0.000000000000000000e+00,0.000000000000000000e+00,0.000000000000000000e+00,0.000000000000000000e+00,0.000000000000000000e+00,0.000000000000000000e+00,0.000000000000000000e+00,0.000000000000000000e+00,0.000000000000000000e+00,0.000000000000000000e+00,0.000000000000000000e+00,0.000000000000000000e+00,0.000000000000000000e+00,0.000000000000000000e+00,0.000000000000000000e+00,0.000000000000000000e+00,0.000000000000000000e+00,0.000000000000000000e+00,0.000000000000000000e+00,0.000000000000000000e+00,0.000000000000000000e+00,0.000000000000000000e+00,3.566717211040938370e-04,8.793065082554889656e-04,1.251318086038652943e-03,1.419726791676397459e-03,1.368668536904126811e-03,1.124729755225173725e-03,7.470489596189355775e-04,3.066332658823045661e-04,4.509324401040386873e-04,1.148554565687853529e-03,2.693120095896602527e-03,0.000000000000000000e+00,0.000000000000000000e+00,0.000000000000000000e+00,0.000000000000000000e+00,0.000000000000000000e+00,0.000000000000000000e+00,0.000000000000000000e+00,0.000000000000000000e+00,0.000000000000000000e+00,2.767412854178422457e-05,8.610868399811056153e-05,9.186598021179212114e-05,8.813140370335378697e-05,1.054659838123057854e-04,1.538947750705535423e-04,2.228223828626061634e-04,2.877521313210451353e-04,3.203556799475016552e-04,2.978207452801780305e-04,2.087158928102391471e-04,5.484139538415075914e-05,0.000000000000000000e+00,0.000000000000000000e+00,0.000000000000000000e+00,0.000000000000000000e+00,0.000000000000000000e+00,0.000000000000000000e+00,0.000000000000000000e+00,0.000000000000000000e+00,0.000000000000000000e+00,0.000000000000000000e+00,0.000000000000000000e+00,0.000000000000000000e+00,0.000000000000000000e+00,0.000000000000000000e+00,0.000000000000000000e+00,0.000000000000000000e+00,0.000000000000000000e+00,0.000000000000000000e+00,0.000000000000000000e+00,1.308027110308225300e-04,2.366204040996750489e-04,3.140804699775094936e-04,3.592544379897395692e-04,3.665581551075447106e-04,3.340088458390538589e-04,2.654625993024389472e-04,5.338150980073314011e-04,7.877360408250156038e-04,8.646903581993863747e-04,7.436214162016642525e-04,4.202747344470330248e-04,0.000000000000000000e+00,0.000000000000000000e+00,0.000000000000000000e+00,0.000000000000000000e+00,0.000000000000000000e+00,0.000000000000000000e+00,0.000000000000000000e+00,0.000000000000000000e+00,0.000000000000000000e+00,0.000000000000000000e+00,0.000000000000000000e+00,0.000000000000000000e+00,0.000000000000000000e+00,0.000000000000000000e+00,0.000000000000000000e+00,0.000000000000000000e+00,0.000000000000000000e+00,0.000000000000000000e+00,0.000000000000000000e+00,0.000000000000000000e+00,0.000000000000000000e+00,0.000000000000000000e+00,0.000000000000000000e+00,0.000000000000000000e+00,0.000000000000000000e+00,0.000000000000000000e+00,0.000000000000000000e+00,0.000000000000000000e+00,0.000000000000000000e+00,0.000000000000000000e+00,0.000000000000000000e+00,0.000000000000000000e+00,0.000000000000000000e+00,7.723925305302072226e-04,1.985344637206434316e-03,3.099211077259390879e-03,3.374793311729198508e-03,3.787560533915485320e-03,3.987363820239859385e-03,3.954905976172352899e-03,3.699837149474073834e-03,3.262111520310259551e-03,2.704414100696997218e-03,2.097109192766212060e-03,1.500614313493657840e-03,9.515949686686632361e-04,4.581279598652391715e-04,5.411486387868457424e-06,0.000000000000000000e+00,0.000000000000000000e+00,0.000000000000000000e+00,0.000000000000000000e+00,0.000000000000000000e+00,0.000000000000000000e+00,0.000000000000000000e+00,0.000000000000000000e+00,0.000000000000000000e+00,0.000000000000000000e+00,0.000000000000000000e+00,0.000000000000000000e+00,0.000000000000000000e+00,0.000000000000000000e+00,4.184223644366127232e-04,9.806816200908575250e-04,0.000000000000000000e+00,0.000000000000000000e+00,0.000000000000000000e+00,0.000000000000000000e+00,1.690453753230523870e-04,4.888754829868792754e-04,9.795416733055927090e-04,0.000000000000000000e+00,0.000000000000000000e+00,0.000000000000000000e+00,0.000000000000000000e+00,0.000000000000000000e+00,0.000000000000000000e+00,0.000000000000000000e+00,0.000000000000000000e+00,4.612251867617406785e-04,9.368554363690903856e-04,1.324870432637589076e-03,1.631237683056985764e-03,1.859413649375175025e-03,2.007830328147376837e-03,2.071834390508059311e-03,2.049113965591260137e-03,1.946216095351949388e-03,1.783137813796813100e-03,1.593480310233983668e-03,1.419250461201987347e-03,1.301549118683382935e-03,1.270220402430964493e-03,1.336130082159160161e-03,1.488706543521051964e-03,1.699170790723680607e-03,1.927654286897254434e-03,2.131318359067784288e-03,2.271055450763920236e-03,2.315847850167732438e-03,2.853298022873278130e-03,3.782544483568822669e-03,4.705173670592999527e-03,5.536712505687933425e-03,6.199138732460464547e-03,6.633108236829004731e-03,6.807469669338177785e-03,6.723613454269793469e-03,6.413425290673544638e-03,5.931476771883730306e-03,5.343797826259573738e-03,4.716496911201739639e-03,4.107186124808759331e-03,3.560789164039281692e-03,3.109435542135879395e-03,2.774602430283232366e-03,2.569119686125766796e-03,2.497239539834928985e-03,2.552386968277964557e-03,2.713713964464919363e-03,2.943551380952755432e-03,3.187919398635447130e-03,3.381436998467344211e-03,3.456562609275518321e-03,3.355579361667016675e-03,3.356355846921457112e-03,3.312333320342281985e-03,3.166662767987433839e-03,2.943647282819390060e-03,2.671631525200023494e-03
0.000000000000000000e+00,0.000000000000000000e+00,0.000000000000000000e+00,0.000000000000000000e+00,0.000000000000000000e+00,0.000000000000000000e+00,0.000000000000000000e+00,0.000000000000000000e+00,0.000000000000000000e+00,0.000000000000000000e+00,0.000000000000000000e+00,4.263914151265295370e-04,2.958670877057499593e-03,0.000000000000000000e+00,0.000000000000000000e+00,0.000000000000000000e+00,0.000000000000000000e+00,0.000000000000000000e+00,0.000000000000000000e+00,0.000000000000000000e+00,0.000000000000000000e+00,0.000000000000000000e+00,0.000000000000000000e+00,3.639832861676270421e-07,1.623544636784321818e-04,2.849550800737712746e-04,3.444308720883413819e-04,3.245777345232132415e-04,2.239189884288054176e-04,5.971015603246046006e-05,1.787781865744837695e-04,6.618236350005350871e-04,1.250024176495484647e-03,1.899177867266036053e-03,2.539318830581008095e-03,3.083879406492417725e-03,3.442723485668989364e-03,3.537638649545894569e-03,3.317864898072619539e-03,2.772334570745243598e-03,3.187305937263165169e-03,3.785379889870138688e-03,4.281005473970284948e-03,6.673512405430927913e-03,0.000000000000000000e+00,0.000000000000000000e+00,0.000000000000000000e+00,0.000000000000000000e+00,0.000000000000000000e+00,0.000000000000000000e+00,0.000000000000000000e+00,0.000000000000000000e+00,0.000000000000000000e+00,0.000000000000000000e+00,0.000000000000000000e+00,0.000000000000000000e+00,0.000000000000000000e+00,0.000000000000000000e+00,0.000000000000000000e+00,0.000000000000000000e+00,0.000000000000000000e+00,0.000000000000000000e+00,0.000000000000000000e+00,0.000000000000000000e+00,0.000000000000000000e+00,0.000000000000000000e+00,0.000000000000000000e+00,0.000000000000000000e+00,0.000000000000000000e+00,0.000000000000000000e+00,0.000000000000000000e+00,0.000000000000000000e+00,0.000000000000000000e+00,0.000000000000000000e+00,0.000000000000000000e+00,0.000000000000000000e+00,0.000000000000000000e+00,0.000000000000000000e+00,0.000000000000000000e+00,0.000000000000000000e+00,1.271703152944538386e-04,2.157553742721646760e-04,2.675725197097229488e-04,2.961265749668650976e-04,3.100050487314974859e-04,3.145833166186344748e-04,3.133202246616536625e-04,3.075544706552412106e-04,2.951390417691277966e-04,2.692202847765057358e-04,2.185346346557584399e-04,1.299309708842283980e-04,0.000000000000000000e+00,0.000000000000000000e+00,0.000000000000000000e+00,0.000000000000000000e+00,0.000000000000000000e+00,0.000000000000000000e+00,0.000000000000000000e+00,0.000000000000000000e+00,0.000000000000000000e+00,0.000000000000000000e+00,3.564802366181373037e-04,1.439343864128248170e-03,0.000000000000000000e+00,0.000000000000000000e+00,0.000000000000000000e+00,0.000000000000000000e+00,0.000000000000000000e+00,0.000000000000000000e+00,0.000000000000000000e+00,0.000000000000000000e+00,0.000000000000000000e+00,0.000000000000000000e+00,5.150250407098379626e-04,1.642901000750543721e-03,4.897042963743177598e-04,9.104405726377919929e-04,1.417017219894277716e-03,2.012438155376991729e-03,2.677617269525768215e-03,3.370810534473350252e-03,4.032275284774873049e-03,4.593160542286684085e-03,4.986458569124354451e-03,5.157509953676404565e-03,5.072073641354778173e-03,4.720828716271868904e-03,4.119932290371272794e-03,3.307734761268742597e-03,2.338237029586866765e-03,1.272534282852842355e-03,1.046485915141203695e-03,1.315828327784103035e-03,1.587855233487852746e-03,4.510939058206435599e-03,1.746570224383041901e-04,4.805799224986941542e-04,6.959947389853914524e-04,7.073369058461165737e-04,4.326556291755660820e-04,0.000000000000000000e+00,0.000000000000000000e+00,0.000000000000000000e+00,0.000000000000000000e+00,0.000000000000000000e+00,0.000000000000000000e+00,0.000000000000000000e+00,0.000000000000000000e+00,0.000000000000000000e+00,0.000000000000000000e+00,0.000000000000000000e+00,0.000000000000000000e+00,0.000000000000000000e+00,0.000000000000000000e+00,0.000000000000000000e+00,0.000000000000000000e+00,0.000000000000000000e+00,0.000000000000000000e+00,0.000000000000000000e+00,0.000000000000000000e+00,0.000000000000000000e+00,0.000000000000000000e+00,0.000000000000000000e+00,0.000000000000000000e+00,0.000000000000000000e+00,7.679948574252377230e-04,1.505849107345255808e-03,0.000000000000000000e+00,0.000000000000000000e+00,1.519170581255261233e-04,0.000000000000000000e+00,0.000000000000000000e+00,0.000000000000000000e+00,0.000000000000000000e+00,0.000000000000000000e+00,0.000000000000000000e+00,0.000000000000000000e+00,0.000000000000000000e+00,0.000000000000000000e+00,0.000000000000000000e+00,0.000000000000000000e+00,0.000000000000000000e+00,0.000000000000000000e+00,0.000000000000000000e+00,0.000000000000000000e+00,0.000000000000000000e+00,1.315838928059616787e-04,3.220529503903790517e-04,3.976871759591705494e-04,3.742126668628323848e-04,2.816191951335021183e-04,2.768477117652913869e-04,5.526331288164983407e-04,8.465344765186435779e-04,1.113513622510581497e-03,1.306282382868740374e-03,1.385645773271048991e-03,1.326809075139012608e-03,1.120058846150158785e-03,7.668281566130003436e-04,2.742740701419967811e-04,1.555631218051866521e-04,2.763517049101473270e-04,3.121882573732885071e-04,2.169796377823579971e-04,0.000000000000000000e+00,0.000000000000000000e+00,0.000000000000000000e+00,0.000000000000000000e+00,0.000000000000000000e+00,0.000000000000000000e+00,0.000000000000000000e+00,0.000000000000000000e+00,0.000000000000000000e+00,0.000000000000000000e+00,9.254350095112694630e-05,7.281820221339146710e-04,1.306596139611277546e-03,1.793221431069409559e-03,2.168533431533622036e-03,2.423619333073736681e-03,2.556447448692704839e-03,2.570732063919049359e-03,2.477298146383372177e-03,2.296064197662794990e-03,2.056230785040392972e-03,1.793294963803559279e-03,1.543400707158074613e-03,1.337062671946103549e-03,1.194455838519153284e-03,1.123249004593450395e-03,1.118381846047166459e-03,1.162437252794550372e-03,1.225990397262361614e-03,1.268886310551266446e-03,1.244505391272216367e-03,1.108494298034719749e-03,8.310814610115569529e-04,4.091278034269175664e-04,0.000000000000000000e+00,0.000000000000000000e+00,0.000000000000000000e+00,0.000000000000000000e+00,0.000000000000000000e+00,0.000000000000000000e+00,0.000000000000000000e+00,0.000000000000000000e+00,0.000000000000000000e+00,0.000000000000000000e+00,0.000000000000000000e+00,0.000000000000000000e+00,0.000000000000000000e+00,0.000000000000000000e+00,0.000000000000000000e+00,1.034792403755511455e-04,2.601316743359662238e-04,4.176585821384390211e-04,5.749361881231192543e-04,7.307238651519318284e-04,8.836841888450624495e-04,1.032413299027128183e-03,1.175472419952745644e-03,1.311423846951377883e-03,1.583238684581866505e-03,1.745461921989100319e-03,2.353076751987847812e-03,2.776634242899124905e-03,3.010684938481832627e-03,3.113468599413977099e-03,3.153319027370527633e-03,0.000000000000000000e+00,0.000000000000000000e+00,0.000000000000000000e+00,0.000000000000000000e+00,0.000000000000000000e+00,0.000000000000000000e+00,0.000000000000000000e+00,0.000000000000000000e+00,0.000000000000000000e+00,0.000000000000000000e+00,0.000000000000000000e+00,0.000000000000000000e+00,0.000000000000000000e+00,0.000000000000000000e+00,0.000000000000000000e+00,0.000000000000000000e+00,0.000000000000000000e+00,0.000000000000000000e+00,0.000000000000000000e+00,0.000000000000000000e+00,0.000000000000000000e+00,0.000000000000000000e+00,0.000000000000000000e+00,0.000000000000000000e+00,0.000000000000000000e+00,0.000000000000000000e+00,0.000000000000000000e+00,0.000000000000000000e+00,3.959765606552478998e-05,4.501816655504033279e-04,7.216404113573055955e-04,8.620767227074772280e-04,8.902881941846180766e-04,1.227702709776479564e-03,2.180391080287174318e-03,3.011467361086452715e-03,3.705237696452792686e-03,4.249383711940311198e-03,4.633726144937652495e-03,4.850851966258416803e-03,4.898095164958960433e-03,4.779525172616335034e-03,4.506529564885605743e-03,0.000000000000000000e+00,0.000000000000000000e+00,0.000000000000000000e+00,2.529506609566225996e-04,0.000000000000000000e+00,0.000000000000000000e+00,0.000000000000000000e+00,0.000000000000000000e+00,0.000000000000000000e+00,0.000000000000000000e+00,0.000000000000000000e+00,0.000000000000000000e+00,0.000000000000000000e+00,0.000000000000000000e+00,0.000000000000000000e+00,5.160257559533555031e-04,9.540413952065398932e-04,1.131356334083801450e-03,1.054069785013591384e-03,1.523743168349279758e-03,2.002323028544634835e-03,2.359582867520124572e-03,2.578759258379972712e-03,2.660567810511673369e-03,2.622306992544826305e-03,2.493036686208733622e-03,2.305909979768911051e-03,2.089648085313650181e-03,1.861550965881857578e-03,1.624282285023454604e-03,0.000000000000000000e+00,0.000000000000000000e+00,0.000000000000000000e+00,0.000000000000000000e+00,1.210893980796613626e-03,2.928605065194647022e-04,0.000000000000000000e+00,1.264993343954060699e-06,1.612143558040429585e-04,0.000000000000000000e+00,0.000000000000000000e+00,2.781759699248223961e-04,6.869540916054102516e-04,1.039549889746013483e-03,1.295644544633256772e-03,1.441661306117951197e-03,1.484460659873518620e-03,1.438953365718743027e-03,1.315259325116820881e-03,1.110801431185724081e-03,8.104787410832569369e-04,3.947353663804024785e-04,0.000000000000000000e+00,0.000000000000000000e+00,0.000000000000000000e+00,0.000000000000000000e+00,0.000000000000000000e+00,0.000000000000000000e+00,0.000000000000000000e+00,1.229967409645062225e-04,4.182775603738970045e-05,0.000000000000000000e+00,0.000000000000000000e+00,0.000000000000000000e+00,0.000000000000000000e+00,0.000000000000000000e+00,0.000000000000000000e+00,0.000000000000000000e+00,0.000000000000000000e+00,0.000000000000000000e+00,0.000000000000000000e+00,0.000000000000000000e+00,0.000000000000000000e+00,0.000000000000000000e+00,0.000000000000000000e+00,0.000000000000000000e+00,0.000000000000000000e+00,0.000000000000000000e+00,0.000000000000000000e+00,0.000000000000000000e+00,0.000000000000000000e+00,0.000000000000000000e+00,0.000000000000000000e+00,0.000000000000000000e+00,1.951134306903224227e-04,3.825778558139049249e-04
6.952188188692893746e-08,2.304565702162109228e-04,7.397817982226544348e-04,1.106717578878793976e-03,1.607597649147190100e-03,2.137848696751178373e-03,2.675599747898068422e-03,3.197033015294122905e-03,3.674085664942740737e-03,4.073695263113880950e-03,4.359891302060701392e-03,4.498884205358222484e-03,4.465884785094058167e-03,4.251471062899135275e-03,3.865226608041204444e-03,3.335252087304229739e-03,2.703521674985036143e-03,2.018436202173878088e-03,1.326709881937149747e-03,6.667557131433671626e-04,6.501507897800268602e-05,0.000000000000000000e+00,0.000000000000000000e+00,1.391554390625429876e-04,4.235949229686858104e-04,7.732949880593476639e-04,1.175305508765768633e-03,1.632941339370952297e-03,2.160757608674135528e-03,2.773282261107390227e-03,3.472072634878485380e-03,4.236261524210921912e-03,5.020354284126118775e-03,5.760205743213119532e-03,6.385123012217392389e-03,6.832076054506665101e-03,7.057722152158656115e-03,7.045182128166023461e-03,6.804501740285010501e-03,6.367528029452556616e-03,5.779066034525780909e-03,5.086615185315219827e-03,4.331020051239639797e-03,3.540139725240367633e-03,2.727059884155274162e-03,1.893225531858242026e-03,1.168622438687782518e-03,1.173525760506986077e-03,1.165789900808344342e-03,1.145380037797352583e-03,1.112468353541737039e-03,1.067438119159872054e-03,1.010884168701815409e-03,9.436063725680225939e-04,8.665969823337392767e-04,7.810247588464415847e-04,6.882109343010657391e-04,5.895999295586343888e-04,4.867268205601215747e-04,3.811805775998985263e-04,2.745630586298358159e-04,1.684497400214229239e-04,6.434681385273918546e-05,0.000000000000000000e+00,0.000000000000000000e+00,0.000000000000000000e+00,0.000000000000000000e+00,4.933640618724748506e-04,1.217534805187882232e-03,2.068091979750810196e-03,3.039387923002022634e-03,4.081021528365911567e-03,5.099946237089648428e-03,5.976455927727313683e-03,6.590499795063736732e-03,6.850709517844767033e-03,6.717174467843117780e-03,6.210994126353060023e-03,5.408199335218481264e-03,4.420883080823547959e-03,3.372283142618129771e-03,2.373683228368716862e-03,1.509188024279639129e-03,8.306728075481921263e-04,3.612542663878443266e-04,5.257798446863828868e-04,5.804470027122565204e-04,5.415821736009118368e-04,4.485411210480641508e-04,8.522211531821511114e-04,1.340612539186292543e-03,1.866430543947310240e-03,2.374884185210958832e-03,2.805440567625559593e-03,3.095883085939647554e-03,3.189554847241711510e-03,3.045626024637425842e-03,2.650220122499151888e-03,2.024448727161733911e-03,1.225015225621165502e-03,3.348953852781609217e-04,0.000000000000000000e+00,0.000000000000000000e+00,3.208058792429478875e-04,1.158910419004561708e-03,2.023474937199060478e-03,2.844923455694146116e-03,3.566564883942008931e-03,4.147963224256306404e-03,4.564076802029765761e-03,4.803168286841719668e-03,4.865946078519367557e-03,4.766397142537164705e-03,4.532767429115466297e-03,4.206387882983322543e-03,0.000000000000000000e+00,0.000000000000000000e+00,0.000000000000000000e+00,0.000000000000000000e+00,0.000000000000000000e+00,0.000000000000000000e+00,0.000000000000000000e+00,0.000000000000000000e+00,0.000000000000000000e+00,0.000000000000000000e+00,0.000000000000000000e+00,0.000000000000000000e+00,0.000000000000000000e+00,0.000000000000000000e+00,0.000000000000000000e+00,0.000000000000000000e+00,0.000000000000000000e+00,0.000000000000000000e+00,0.000000000000000000e+00,0.000000000000000000e+00,0.000000000000000000e+00,0.000000000000000000e+00,0.000000000000000000e+00,0.000000000000000000e+00,0.000000000000000000e+00,0.000000000000000000e+00,0.000000000000000000e+00,0.000000000000000000e+00,0.000000000000000000e+00,0.000000000000000000e+00,0.000000000000000000e+00,0.000000000000000000e+00,0.000000000000000000e+00,0.000000000000000000e+00,0.000000000000000000e+00,0.000000000000000000e+00,0.000000000000000000e+00,0.000000000000000000e+00,0.000000000000000000e+00,0.000000000000000000e+00,0.000000000000000000e+00,0.000000000000000000e+00,0.000000000000000000e+00,0.000000000000000000e+00,0.000000000000000000e+00,0.000000000000000000e+00,0.000000000000000000e+00,0.000000000000000000e+00,0.000000000000000000e+00,0.000000000000000000e+00,0.000000000000000000e+00,0.000000000000000000e+00,0.000000000000000000e+00,0.000000000000000000e+00,0.000000000000000000e+00,0.000000000000000000e+00,0.000000000000000000e+00,8.213285629664921839e-04,2.423129988595348373e-03,2.930325500727522158e-05,5.417037603009723542e-05,6.721558496056350763e-05,6.806916330998775413e-05,5.656411211171296862e-05,3.274299163413895119e-05,0.000000000000000000e+00,0.000000000000000000e+00,0.000000000000000000e+00,0.000000000000000000e+00,0.000000000000000000e+00,0.000000000000000000e+00,0.000000000000000000e+00,0.000000000000000000e+00,0.000000000000000000e+00,0.000000000000000000e+00,0.000000000000000000e+00,5.554297221977636933e-04,1.095805192282868924e-03,1.557272242308138785e-03,1.889320027326660788e-03,2.063069618558328096e-03,2.471423279050882164e-03,2.754995607164743062e-03,2.877845220995629751e-03,2.857393375051349091e-03,2.735826655210586971e-03,2.572139469370029151e-03,2.428892206276542492e-03,2.357802431955264948e-03,2.388325929029445557e-03,2.522154166856141293e-03,2.734725773518131408e-03,2.982971540472745178e-03,3.216922166246517518e-03,3.391772552086714815e-03,3.476779860225143876e-03,3.458290106641526921e-03,3.336261669096850496e-03,3.116305802160069475e-03,2.801447800009532457e-03,2.388292230207143037e-03,1.870531185867139535e-03,1.249189423473038478e-03,5.452746820328430687e-04,0.000000000000000000e+00,0.000000000000000000e+00,0.000000000000000000e+00,0.000000000000000000e+00,0.000000000000000000e+00,0.000000000000000000e+00,0.000000000000000000e+00,0.000000000000000000e+00,2.180728763825184034e-04,8.812282605571514433e-04,1.436377944837566008e-03,1.847448344739828279e-03,2.110576702171103672e-03,2.241865129684972400e-03,2.262194878608406005e-03,2.185494548103586020e-03,2.014222934091610458e-03,1.742028072912282831e-03,1.360604910123616729e-03,8.668854304674495194e-04,2.679052946552122074e-04,8.783509946212610488e-05,1.601221386902029406e-04,2.490677191977424361e-04,3.840382464447529630e-04,5.669662305847343771e-04,7.694821806638274747e-04,9.379696150845956469e-04,1.006159103179205374e-03,9.128441497259370558e-04,6.205315674388685830e-04,1.299401498477430390e-04,0.000000000000000000e+00,0.000000000000000000e+00,0.000000000000000000e+00,4.121719889553205165e-05,3.811365199453263953e-04,5.194157852808913792e-04,4.758867530810633470e-04,2.943566760143059065e-04,3.207300753198893777e-05,0.000000000000000000e+00,0.000000000000000000e+00,0.000000000000000000e+00,0.000000000000000000e+00,0.000000000000000000e+00,0.000000000000000000e+00,0.000000000000000000e+00,0.000000000000000000e+00,1.397413351925667934e-04,5.375965992451167382e-04,7.703799337287911900e-04,7.979086431891041411e-04,6.193085653300507308e-04,2.677460171028035697e-04,1.219968229662218339e-05,9.881731517319098464e-05,1.563873875672946556e-04,1.602940857263907828e-04,8.787331603102092306e-05,0.000000000000000000e+00,0.000000000000000000e+00,0.000000000000000000e+00,0.000000000000000000e+00,0.000000000000000000e+00,0.000000000000000000e+00,0.000000000000000000e+00,0.000000000000000000e+00,0.000000000000000000e+00,0.000000000000000000e+00,7.161145625977293979e-05,1.029329825985217557e-03,2.099207301024569056e-03,3.231549797436778296e-03,0.000000000000000000e+00,0.000000000000000000e+00,0.000000000000000000e+00,0.000000000000000000e+00,0.000000000000000000e+00,0.000000000000000000e+00,0.000000000000000000e+00,0.000000000000000000e+00,0.000000000000000000e+00,0.000000000000000000e+00,0.000000000000000000e+00,1.729886796637178890e-04,5.573701766842364264e-04,8.843320102752857655e-04,1.173141079099008317e-03,0.000000000000000000e+00,0.000000000000000000e+00,0.000000000000000000e+00,0.000000000000000000e+00,0.000000000000000000e+00,0.000000000000000000e+00,0.000000000000000000e+00,0.000000000000000000e+00,0.000000000000000000e+00,0.000000000000000000e+00,0.000000000000000000e+00,0.000000000000000000e+00,2.132152096453486859e-04,6.493140278457565275e-04,2.613978281668441483e-03,0.000000000000000000e+00,0.000000000000000000e+00,5.841711744440483732e-04,1.502217353218118518e-03,1.900357287372082598e-03,1.817441855861381267e-03,1.563818843945053187e-03,1.077044616870850282e-03,4.123992343304701009e-04,0.000000000000000000e+00,0.000000000000000000e+00,0.000000000000000000e+00,0.000000000000000000e+00,0.000000000000000000e+00,0.000000000000000000e+00,0.000000000000000000e+00,0.000000000000000000e+00,0.000000000000000000e+00,0.000000000000000000e+00,0.000000000000000000e+00,0.000000000000000000e+00,0.000000000000000000e+00,0.000000000000000000e+00,0.000000000000000000e+00,0.000000000000000000e+00,0.000000000000000000e+00,0.000000000000000000e+00,0.000000000000000000e+00,0.000000000000000000e+00,0.000000000000000000e+00,0.000000000000000000e+00,0.000000000000000000e+00,0.000000000000000000e+00,0.000000000000000000e+00,0.000000000000000000e+00,0.000000000000000000e+00,0.000000000000000000e+00,0.000000000000000000e+00,0.000000000000000000e+00,0.000000000000000000e+00,0.000000000000000000e+00,0.000000000000000000e+00,0.000000000000000000e+00,0.000000000000000000e+00,5.786045907085557379e-05,3.887355733592833072e-04,7.079146905224871977e-04,9.715415664565487958e-04,1.141378610076789835e-03,1.184633423183971412e-03,1.073250319508795925e-03,7.853572179702333162e-04,3.096344773660337298e-04,0.000000000000000000e+00,0.000000000000000000e+00,1.795850027251680087e-06,1.895656835146628568e-04,3.760643418588361167e-04,5.602029913672889206e-04,7.407343050423412668e-04,9.162565428970313166e-04,1.085219750398603395e-03,1.245947587973101050e-03,1.396664236135320217e-03,1.535534497831115598e-03,1.660707556662470875e-03,1.770368606454881134e-03,1.862797694272593863e-03,1.936422916246590678e-03,1.989880946848207339e-03,2.022070693231162956e-03,2.032201175866948147e-03,2.019833202805502385e-03,1.984911637479166470e-03,2.266365497544589082e-03,2.367162386071521886e-03,2.297796772614601590e-03
9.063568982428663372e-08,3.561246240481492908e-04,6.073536032896207715e-04,7.351688663142294652e-04,7.276407391715424347e-04,0.000000000000000000e+00,0.000000000000000000e+00,1.253381310393676500e-03,4.078851847549751285e-04,0.000000000000000000e+00,0.000000000000000000e+00,0.000000000000000000e+00,0.000000000000000000e+00,0.000000000000000000e+00,0.000000000000000000e+00,3.194451082856366577e-04,9.050100358173350295e-04,1.499640896189700793e-03,2.078548908336274193e-03,2.634351174253701799e-03,3.173425837273428658e-03,3.709055721357286568e-03,4.253347958647077723e-03,4.809695955753828626e-03,5.367242809251013790e-03,5.898724519549771415e-03,6.362937084006542975e-03,6.712548419768469589e-03,6.906703357246430502e-03,6.925806029325821782e-03,6.783870462237912881e-03,6.532940025028128976e-03,6.255495183408745462e-03,6.044509370528490695e-03,5.975803385064260009e-03,6.081365882437030600e-03,6.333314860736936197e-03,6.645232212879089405e-03,6.891633255238238838e-03,6.939730759665357386e-03,6.683263942376519752e-03,6.067800159267172297e-03,5.100672371395913694e-03,3.844727142420197204e-03,2.400643572126508977e-03,8.853758401243191651e-04,2.182047622226463823e-04,9.572552665172519076e-04,1.732845851146577265e-03,2.201415617245524193e-03,2.312379037149463884e-03,2.067224646988499118e-03,0.000000000000000000e+00,0.000000000000000000e+00,4.724328193001897311e-03,0.000000000000000000e+00,0.000000000000000000e+00,0.000000000000000000e+00,0.000000000000000000e+00,0.000000000000000000e+00,0.000000000000000000e+00,0.000000000000000000e+00,9.351883507218794814e-05,1.069949552445283473e-03,1.977199041617369937e-03,2.773265136623096101e-03,1.652692106087020121e-03,1.619065659030974368e-03,1.742355536261752788e-03,2.002326326922461777e-03,2.318889553584009122e-03,2.581362271641332931e-03,2.687060555182384670e-03,0.000000000000000000e+00,0.000000000000000000e+00,0.000000000000000000e+00,0.000000000000000000e+00,9.741427740612682061e-04,0.000000000000000000e+00,0.000000000000000000e+00,1.902762559824722991e-04,0.000000000000000000e+00,0.000000000000000000e+00,0.000000000000000000e+00,0.000000000000000000e+00,0.000000000000000000e+00,0.000000000000000000e+00,0.000000000000000000e+00,0.000000000000000000e+00,0.000000000000000000e+00,0.000000000000000000e+00,0.000000000000000000e+00,6.305306705102311279e-04,1.390070788278995441e-03,2.086523625671996701e-03,2.708708506980016337e-03,3.246347822289293635e-03,3.678127885860165390e-03,0.000000000000000000e+00,0.000000000000000000e+00,0.000000000000000000e+00,0.000000000000000000e+00,0.000000000000000000e+00,0.000000000000000000e+00,0.000000000000000000e+00,7.473800704712874055e-04,1.925127004528351220e-03,2.906204811196903392e-03,3.610810522444439594e-03,0.000000000000000000e+00,0.000000000000000000e+00,0.000000000000000000e+00,0.000000000000000000e+00,0.000000000000000000e+00,0.000000000000000000e+00,1.241019074288790287e-03,3.041403644162870862e-03,5.043090341352756030e-03,0.000000000000000000e+00,0.000000000000000000e+00,0.000000000000000000e+00,0.000000000000000000e+00,0.000000000000000000e+00,0.000000000000000000e+00,0.000000000000000000e+00,0.000000000000000000e+00,0.000000000000000000e+00,0.000000000000000000e+00,0.000000000000000000e+00,0.000000000000000000e+00,0.000000000000000000e+00,0.000000000000000000e+00,0.000000000000000000e+00,0.000000000000000000e+00,0.000000000000000000e+00,0.000000000000000000e+00,0.000000000000000000e+00,5.871968146199715291e-04,1.967080454877529697e-03,3.094587321783074350e-03,3.896399329209203344e-03,4.364708286296817112e-03,4.560608007044452544e-03,4.602188809346895171e-03,4.638848531431269753e-03,4.816727765190311969e-03,0.000000000000000000e+00,0.000000000000000000e+00,0.000000000000000000e+00,0.000000000000000000e+00,0.000000000000000000e+00,0.000000000000000000e+00,0.000000000000000000e+00,0.000000000000000000e+00,0.000000000000000000e+00,0.000000000000000000e+00,0.000000000000000000e+00,0.000000000000000000e+00,0.000000000000000000e+00,0.000000000000000000e+00,0.000000000000000000e+00,0.000000000000000000e+00,0.000000000000000000e+00,0.000000000000000000e+00,0.000000000000000000e+00,0.000000000000000000e+00,0.000000000000000000e+00,0.000000000000000000e+00,2.402279525952024557e-04,3.758394421912241660e-04,1.262374893235829730e-04,0.000000000000000000e+00,0.000000000000000000e+00,1.163126807050751102e-03,2.905593088127230057e-03,4.687461871484201181e-03,6.413661115369770349e-03,7.956676369391632933e-03,9.174022392672242371e-03,9.931138820399506087e-03,1.012362057120832874e-02,9.694262031264616261e-03,8.643125584502111408e-03,7.031076586564006387e-03,4.977910208381103492e-03,2.655275585212198055e-03,2.732333298127002127e-04,0.000000000000000000e+00,0.000000000000000000e+00,0.000000000000000000e+00,0.000000000000000000e+00,5.691468254635519142e-03,3.355735551031358878e-03,3.221305284698268261e-03,0.000000000000000000e+00,0.000000000000000000e+00,0.000000000000000000e+00,0.000000000000000000e+00,0.000000000000000000e+00,8.100902495170902214e-04,1.654607160860897081e-03,0.000000000000000000e+00,0.000000000000000000e+00,0.000000000000000000e+00,0.000000000000000000e+00,0.000000000000000000e+00,0.000000000000000000e+00,0.000000000000000000e+00,0.000000000000000000e+00,0.000000000000000000e+00,0.000000000000000000e+00,0.000000000000000000e+00,0.000000000000000000e+00,0.000000000000000000e+00,0.000000000000000000e+00,0.000000000000000000e+00,0.000000000000000000e+00,0.000000000000000000e+00,0.000000000000000000e+00,0.000000000000000000e+00,0.000000000000000000e+00,0.000000000000000000e+00,0.000000000000000000e+00,0.000000000000000000e+00,0.000000000000000000e+00,0.000000000000000000e+00,0.000000000000000000e+00,0.000000000000000000e+00,0.000000000000000000e+00,4.887363980290698046e-03,2.480387053530171094e-04,4.864708222789613070e-04,2.944760035824508983e-03,0.000000000000000000e+00,0.000000000000000000e+00,0.000000000000000000e+00,0.000000000000000000e+00,0.000000000000000000e+00,0.000000000000000000e+00,0.000000000000000000e+00,0.000000000000000000e+00,5.077926454941819563e-05,4.106227181442633758e-04,0.000000000000000000e+00,0.000000000000000000e+00,3.849000838710353112e-04,9.364853221514749058e-04,1.413978213874169439e-03,1.858761218429362061e-03,0.000000000000000000e+00,0.000000000000000000e+00,0.000000000000000000e+00,0.000000000000000000e+00,0.000000000000000000e+00,0.000000000000000000e+00,0.000000000000000000e+00,0.000000000000000000e+00,0.000000000000000000e+00,0.000000000000000000e+00,0.000000000000000000e+00,0.000000000000000000e+00,0.000000000000000000e+00,0.000000000000000000e+00,0.000000000000000000e+00,0.000000000000000000e+00,0.000000000000000000e+00,0.000000000000000000e+00,3.087408354106180395e-03,2.864945523592089642e-03,0.000000000000000000e+00,1.993894568686342336e-03,3.973933362630627047e-04,7.366553886319414206e-04,7.824857841915401277e-04,5.088336169556448687e-04,0.000000000000000000e+00,0.000000000000000000e+00,0.000000000000000000e+00,0.000000000000000000e+00,0.000000000000000000e+00,0.000000000000000000e+00,0.000000000000000000e+00,0.000000000000000000e+00,0.000000000000000000e+00,0.000000000000000000e+00,0.000000000000000000e+00,0.000000000000000000e+00,0.000000000000000000e+00,0.000000000000000000e+00,0.000000000000000000e+00,0.000000000000000000e+00,0.000000000000000000e+00,0.000000000000000000e+00,0.000000000000000000e+00,0.000000000000000000e+00,0.000000000000000000e+00,0.000000000000000000e+00,0.000000000000000000e+00,0.000000000000000000e+00,0.000000000000000000e+00,0.000000000000000000e+00,0.000000000000000000e+00,0.000000000000000000e+00,0.000000000000000000e+00,0.000000000000000000e+00,0.000000000000000000e+00,0.000000000000000000e+00,0.000000000000000000e+00,0.000000000000000000e+00,0.000000000000000000e+00,0.000000000000000000e+00,0.000000000000000000e+00,0.000000000000000000e+00,0.000000000000000000e+00,0.000000000000000000e+00,0.000000000000000000e+00,0.000000000000000000e+00,0.000000000000000000e+00,0.000000000000000000e+00,0.000000000000000000e+00,0.000000000000000000e+00,0.000000000000000000e+00,0.000000000000000000e+00,0.000000000000000000e+00,0.000000000000000000e+00,0.000000000000000000e+00,0.000000000000000000e+00,0.000000000000000000e+00,0.000000000000000000e+00,0.000000000000000000e+00,0.000000000000000000e+00,0.000000000000000000e+00,0.000000000000000000e+00,0.000000000000000000e+00,0.000000000000000000e+00,0.000000000000000000e+00,0.000000000000000000e+00,0.000000000000000000e+00,0.000000000000000000e+00,0.000000000000000000e+00,0.000000000000000000e+00,0.000000000000000000e+00,0.000000000000000000e+00,0.000000000000000000e+00,0.000000000000000000e+00,0.000000000000000000e+00,0.000000000000000000e+00,0.000000000000000000e+00,0.000000000000000000e+00,3.703396830575573671e-05,0.000000000000000000e+00,0.000000000000000000e+00,0.000000000000000000e+00,0.000000000000000000e+00,0.000000000000000000e+00,0.000000000000000000e+00,0.000000000000000000e+00,0.000000000000000000e+00,0.000000000000000000e+00,0.000000000000000000e+00,0.000000000000000000e+00,0.000000000000000000e+00,0.000000000000000000e+00,0.000000000000000000e+00,0.000000000000000000e+00,0.000000000000000000e+00,0.000000000000000000e+00,0.000000000000000000e+00,0.000000000000000000e+00,0.000000000000000000e+00,0.000000000000000000e+00,0.000000000000000000e+00,0.000000000000000000e+00,0.000000000000000000e+00,0.000000000000000000e+00,1.524096413240472777e-04,2.297107746416793554e-04,1.382606002191775769e-04,0.000000000000000000e+00,0.000000000000000000e+00,0.000000000000000000e+00,0.000000000000000000e+00,0.000000000000000000e+00,3.943768328278751244e-04,9.397540774550661256e-04,1.442361984565318240e-03,1.761431612573721283e-03,1.785903259820278500e-03,1.462691101775724038e-03,8.084465696889439048e-04,0.000000000000000000e+00,0.000000000000000000e+00,0.000000000000000000e+00,0.000000000000000000e+00,0.000000000000000000e+00,0.000000000000000000e+00,0.000000000000000000e+00,0.000000000000000000e+00,0.000000000000000000e+00,2.568175478252834594e-04
0.000000000000000000e+00,0.000000000000000000e+00,0.000000000000000000e+00,0.000000000000000000e+00,0.000000000000000000e+00,2.668348789622208513e-04,8.871402538132648055e-04,0.000000000000000000e+00,0.000000000000000000e+00,0.000000000000000000e+00,0.000000000000000000e+00,0.000000000000000000e+00,0.000000000000000000e+00,0.000000000000000000e+00,0.000000000000000000e+00,0.000000000000000000e+00,0.000000000000000000e+00,0.000000000000000000e+00,0.000000000000000000e+00,0.000000000000000000e+00,0.000000000000000000e+00,0.000000000000000000e+00,0.000000000000000000e+00,0.000000000000000000e+00,1.024716059380519333e-04,7.967959300655049620e-04,1.414555947189210811e-03,1.876738739746244269e-03,2.114418748099979387e-03,2.080771656421389823e-03,1.760941629074850830e-03,1.177199226068326903e-03,3.875370296009488348e-04,0.000000000000000000e+00,0.000000000000000000e+00,0.000000000000000000e+00,0.000000000000000000e+00,0.000000000000000000e+00,0.000000000000000000e+00,0.000000000000000000e+00,0.000000000000000000e+00,0.000000000000000000e+00,0.000000000000000000e+00,0.000000000000000000e+00,0.000000000000000000e+00,0.000000000000000000e+00,0.000000000000000000e+00,0.000000000000000000e+00,0.000000000000000000e+00,0.000000000000000000e+00,0.000000000000000000e+00,0.000000000000000000e+00,0.000000000000000000e+00,0.000000000000000000e+00,1.942840748868363302e-03,1.262317628297264689e-03,1.023087355911748693e-04,0.000000000000000000e+00,0.000000000000000000e+00,0.000000000000000000e+00,0.000000000000000000e+00,0.000000000000000000e+00,0.000000000000000000e+00,0.000000000000000000e+00,0.000000000000000000e+00,3.406239837715274244e-04,3.687980521802505600e-04,9.518890447407556219e-04,1.665551121209777382e-03,2.426652662377000967e-03,4.487418885598748811e-03,3.696401323701263911e-03,4.028288084936423007e-03,4.081100791474399740e-03,0.000000000000000000e+00,0.000000000000000000e+00,0.000000000000000000e+00,0.000000000000000000e+00,0.000000000000000000e+00,1.782050893701358769e-04,4.150444357099883721e-04,6.719581403953312718e-04,9.352911282197464392e-04,1.174792346375388681e-03,1.349817583258978992e-03,1.420484341168388315e-03,1.360302996991529130e-03,1.166007036174897217e-03,8.607750824068850651e-04,4.889043170072194860e-04,1.038197078061587936e-04,1.177853103917204675e-03,2.022696460459411961e-03,2.597760702715892159e-03,2.919871309282469959e-03,3.052062349777810799e-03,3.079959546901582350e-03,3.083611135568103609e-03,3.114260139146207782e-03,3.183444187299971223e-03,3.266906756105716642e-03,3.320274665640152601e-03,3.299590695139367758e-03,3.178897552770430530e-03,2.959116811154995086e-03,2.666292173898812679e-03,2.341209523965818128e-03,2.025089930821091528e-03,1.746708909710812567e-03,1.514915276461621533e-03,1.317938791908392429e-03,1.515655947892880591e-03,1.835980910907265276e-03,1.832200831381127328e-03,1.530025243831225788e-03,9.841930000070485754e-04,2.662721157206704198e-04,0.000000000000000000e+00,0.000000000000000000e+00,0.000000000000000000e+00,0.000000000000000000e+00,0.000000000000000000e+00,0.000000000000000000e+00,0.000000000000000000e+00,0.000000000000000000e+00,0.000000000000000000e+00,0.000000000000000000e+00,0.000000000000000000e+00,2.077160729723357628e-04,8.077196755664723749e-04,1.254948020818416306e-03,1.574522872593118062e-03,1.801950574297768925e-03,1.967743145457072265e-03,2.088861110018392416e-03,2.167640162737718024e-03,2.195814667985032231e-03,2.160251031979124395e-03,2.047799717438216795e-03,1.848339084208703437e-03,1.556452958280133683e-03,1.172754099393071925e-03,7.055753485486299060e-04,1.729506322747873524e-04,0.000000000000000000e+00,0.000000000000000000e+00,0.000000000000000000e+00,0.000000000000000000e+00,0.000000000000000000e+00,0.000000000000000000e+00,0.000000000000000000e+00,0.000000000000000000e+00,0.000000000000000000e+00,6.362985550493894648e-04,0.000000000000000000e+00,0.000000000000000000e+00,0.000000000000000000e+00,0.000000000000000000e+00,0.000000000000000000e+00,0.000000000000000000e+00,0.000000000000000000e+00,0.000000000000000000e+00,0.000000000000000000e+00,0.000000000000000000e+00,0.000000000000000000e+00,0.000000000000000000e+00,0.000000000000000000e+00,1.460378169206850269e-04,1.718157846740072422e-04,3.122805968967353249e-05,0.000000000000000000e+00,0.000000000000000000e+00,0.000000000000000000e+00,0.000000000000000000e+00,1.602381866744974673e-04,5.971099952148945086e-04,1.061871039151742434e-03,0.000000000000000000e+00,0.000000000000000000e+00,1.438680249837571274e-04,3.152228137568338206e-04,3.217952179065263645e-04,1.857640645651346164e-04,0.000000000000000000e+00,0.000000000000000000e+00,0.000000000000000000e+00,0.000000000000000000e+00,0.000000000000000000e+00,0.000000000000000000e+00,0.000000000000000000e+00,0.000000000000000000e+00,0.000000000000000000e+00,0.000000000000000000e+00,1.369920282125995799e-04,9.968865795563215497e-04,2.143146334703425419e-03,3.105197624212575804e-03,1.268742763486030260e-03,1.422397156380332886e-03,1.508613765119371300e-03,1.548595948699217758e-03,1.559169141421915417e-03,1.552326964117236707e-03,1.536258619058234994e-03,1.516626084363606247e-03,1.497014941441271582e-03,1.478353561116114035e-03,1.458181213834183884e-03,1.431216714381935680e-03,1.392206603045162200e-03,1.340627505783726151e-03,1.285271600729456353e-03,1.246082786636171268e-03,1.251488458431904236e-03,1.331532282824924793e-03,1.509316152449772771e-03,1.794246551446772786e-03,2.179763489565830509e-03,2.645995498970051853e-03,3.165427144560236782e-03,0.000000000000000000e+00,0.000000000000000000e+00,0.000000000000000000e+00,0.000000000000000000e+00,0.000000000000000000e+00,0.000000000000000000e+00,0.000000000000000000e+00,0.000000000000000000e+00,0.000000000000000000e+00,0.000000000000000000e+00,0.000000000000000000e+00,0.000000000000000000e+00,0.000000000000000000e+00,0.000000000000000000e+00,0.000000000000000000e+00,0.000000000000000000e+00,0.000000000000000000e+00,0.000000000000000000e+00,0.000000000000000000e+00,0.000000000000000000e+00,0.000000000000000000e+00,0.000000000000000000e+00,0.000000000000000000e+00,0.000000000000000000e+00,0.000000000000000000e+00,0.000000000000000000e+00,0.000000000000000000e+00,0.000000000000000000e+00,0.000000000000000000e+00,0.000000000000000000e+00,0.000000000000000000e+00,0.000000000000000000e+00,0.000000000000000000e+00,0.000000000000000000e+00,0.000000000000000000e+00,0.000000000000000000e+00,0.000000000000000000e+00,0.000000000000000000e+00,0.000000000000000000e+00,0.000000000000000000e+00,0.000000000000000000e+00,0.000000000000000000e+00,0.000000000000000000e+00,0.000000000000000000e+00,0.000000000000000000e+00,0.000000000000000000e+00,0.000000000000000000e+00,0.000000000000000000e+00,0.000000000000000000e+00,0.000000000000000000e+00,0.000000000000000000e+00,0.000000000000000000e+00,0.000000000000000000e+00,0.000000000000000000e+00,0.000000000000000000e+00,0.000000000000000000e+00,0.000000000000000000e+00,0.000000000000000000e+00,0.000000000000000000e+00,0.000000000000000000e+00,0.000000000000000000e+00,0.000000000000000000e+00,0.000000000000000000e+00,2.419638644969497891e-04,1.199958418646068651e-03,2.019500524183748518e-03,2.642168322724930841e-03,3.036402923920714786e-03,3.207302823261330184e-03,0.000000000000000000e+00,0.000000000000000000e+00,7.704246772274788704e-04,1.504529842905281490e-03,0.000000000000000000e+00,0.000000000000000000e+00,0.000000000000000000e+00,0.000000000000000000e+00,0.000000000000000000e+00,8.475662820337420732e-05,4.316907308011929257e-04,1.169381892195440510e-03,1.684989157677543132e-03,1.920101241261211759e-03,1.117845702353300642e-03,7.276511198961535011e-04,2.157025478272870495e-04,0.000000000000000000e+00,0.000000000000000000e+00,0.000000000000000000e+00,0.000000000000000000e+00,0.000000000000000000e+00,0.000000000000000000e+00,0.000000000000000000e+00,0.000000000000000000e+00,0.000000000000000000e+00,0.000000000000000000e+00,0.000000000000000000e+00,3.741168572861223204e-04,8.913665511311484125e-04,1.420395761756948396e-03,1.907897497436032664e-03,2.303695125182543286e-03,2.573963551313164684e-03,2.709462499833359753e-03,2.726089779204696976e-03,2.657852959090134613e-03,2.544968553678454530e-03,2.421209643008032358e-03,2.304467924151196688e-03,2.193004633460452629e-03,2.067850598065720628e-03,1.900040258897893334e-03,1.660391839120369103e-03,1.329327915519678887e-03,9.046100280080358056e-04,4.054729598531499075e-04,4.719765866105654975e-04,6.541705489934113117e-04,8.383923315000704280e-04,1.023705819632020862e-03,2.150103551333565604e-03,2.607217820301959820e-03,0.000000000000000000e+00,0.000000000000000000e+00,0.000000000000000000e+00,0.000000000000000000e+00,0.000000000000000000e+00,0.000000000000000000e+00,1.142158182895952395e-04,4.290600060463599613e-05,0.000000000000000000e+00,0.000000000000000000e+00,0.000000000000000000e+00,0.000000000000000000e+00,0.000000000000000000e+00,0.000000000000000000e+00,0.000000000000000000e+00,0.000000000000000000e+00,0.000000000000000000e+00,0.000000000000000000e+00,0.000000000000000000e+00,0.000000000000000000e+00,0.000000000000000000e+00,0.000000000000000000e+00,0.000000000000000000e+00,0.000000000000000000e+00,0.000000000000000000e+00,2.440038861133642589e-04,1.024854967193614217e-03,1.787257047204774373e-03,2.476606050547788297e-03,3.047138519632974253e-03,3.466334251656994891e-03,3.716932749595607422e-03,3.796217317165952957e-03,3.713383113357951720e-03,3.486399149056359972e-03,3.139386740837681218e-03,2.700659115196752964e-03,0.000000000000000000e+00,0.000000000000000000e+00,0.000000000000000000e+00,0.000000000000000000e+00,0.000000000000000000e+00,2.175073880875531991e-04,2.699623052623463266e-04,8.873399537981245836e-04,1.623782265091277101e-03,2.458491255150803845e-03,3.357030701338074418e-03,4.268517834168444706e-03,5.126406531604286651e-03,5.854645485189888601e-03,6.378950466697307087e-03,6.640660503980084714e-03,6.609221842512443684e-03,6.289448288252059809e-03,5.721255470718021596e-03,4.971910492546451933e-03,4.123024479497214810e-03
2.498869730562407651e-07,0.000000000000000000e+00,0.000000000000000000e+00,0.000000000000000000e+00,0.000000000000000000e+00,0.000000000000000000e+00,0.000000000000000000e+00,0.000000000000000000e+00,0.000000000000000000e+00,0.000000000000000000e+00,0.000000000000000000e+00,0.000000000000000000e+00,0.000000000000000000e+00,0.000000000000000000e+00,0.000000000000000000e+00,0.000000000000000000e+00,0.000000000000000000e+00,0.000000000000000000e+00,0.000000000000000000e+00,0.000000000000000000e+00,0.000000000000000000e+00,0.000000000000000000e+00,0.000000000000000000e+00,4.754324633817699373e-04,1.747461675219655428e-03,2.572791527802489701e-03,2.625569710812128248e-03,2.949844039246882297e-03,2.987100648001241553e-03,2.745883119638923078e-03,2.286462006537603748e-03,0.000000000000000000e+00,0.000000000000000000e+00,0.000000000000000000e+00,1.802546349394903123e-03,2.437071405362460955e-04,3.486122568126929534e-04,6.121328485640458936e-04,1.758690085810689103e-03,1.365846251349529502e-03,1.724851415978391391e-03,1.993022633570545529e-03,2.858082322619336698e-03,2.070120068432138808e-03,0.000000000000000000e+00,0.000000000000000000e+00,0.000000000000000000e+00,8.039746295059754474e-05,0.000000000000000000e+00,2.901598984622313828e-03,0.000000000000000000e+00,0.000000000000000000e+00,0.000000000000000000e+00,0.000000000000000000e+00,0.000000000000000000e+00,0.000000000000000000e+00,0.000000000000000000e+00,0.000000000000000000e+00,0.000000000000000000e+00,0.000000000000000000e+00,0.000000000000000000e+00,0.000000000000000000e+00,1.318405723824293341e-04,1.231438429790502080e-03,2.020445046850625429e-03,2.457501523935624443e-03,2.551251761207842025e-03,2.360833195233104972e-03,1.985797773948377257e-03,1.547227825006073851e-03,1.165116908602069996e-03,9.382387389554547536e-04,9.311645017832943360e-04,1.169724536821231155e-03,1.643031322306772075e-03,2.308835887559650742e-03,3.099922357520813049e-03,3.931384112282945535e-03,4.710117104809384905e-03,5.347426497165815203e-03,5.773404031828846192e-03,5.949229417728809331e-03,5.872656606783991512e-03,5.573669894175410644e-03,5.101032202053557181e-03,4.504444072909269577e-03,3.819208218094402498e-03,3.059505536273434204e-03,2.222939602380413510e-03,1.449659083248283544e-03,1.081445392144718062e-03,6.615651084503136430e-04,2.551382529417250966e-04,0.000000000000000000e+00,0.000000000000000000e+00,0.000000000000000000e+00,0.000000000000000000e+00,0.000000000000000000e+00,0.000000000000000000e+00,1.057314649248860058e-04,1.505761900316765955e-04,7.960765741215058153e-05,0.000000000000000000e+00,4.776464399276267444e-04,5.869625623724507405e-05,2.784538692103525779e-04,4.920939099939585296e-04,7.505749552542787277e-04,1.015088968245236737e-03,1.221706718061992165e-03,1.300599209658192656e-03,1.198039414452202077e-03,8.937472665802354997e-04,4.083512006906360329e-04,0.000000000000000000e+00,0.000000000000000000e+00,0.000000000000000000e+00,0.000000000000000000e+00,0.000000000000000000e+00,0.000000000000000000e+00,0.000000000000000000e+00,0.000000000000000000e+00,1.958977536748895856e-04,3.792532827944673909e-04,3.016844654431200608e-04,2.990787234126529064e-05,0.000000000000000000e+00,0.000000000000000000e+00,1.627775595985124296e-04,4.582916374017669404e-04,6.686178308237400317e-04,1.237913291248308014e-03,0.000000000000000000e+00,2.644830275724773232e-04,0.000000000000000000e+00,0.000000000000000000e+00,0.000000000000000000e+00,0.000000000000000000e+00,0.000000000000000000e+00,0.000000000000000000e+00,0.000000000000000000e+00,0.000000000000000000e+00,0.000000000000000000e+00,0.000000000000000000e+00,0.000000000000000000e+00,0.000000000000000000e+00,0.000000000000000000e+00,8.287891324902031849e-04,1.590563053664731646e-03,2.156724711433766119e-03,2.508231353945071691e-03,2.679350970747319382e-03,2.742289853947164468e-03,2.782716298623614734e-03,2.873560826263388702e-03,3.320002795282743155e-03,3.684380195824981784e-03,3.847723997225153524e-03,3.935139302711922193e-03,4.147796642703361486e-03,4.225302136070667978e-03,4.144051677493091300e-03,3.907751080294397973e-03,3.539065581442030033e-03,3.067932748769720483e-03,2.522557111973675915e-03,1.926882709128189533e-03,1.304453841461071517e-03,6.852255842781474838e-04,8.219226658322797421e-05,3.661004232102935867e-04,9.638838337716578494e-04,1.110062988656129821e-03,0.000000000000000000e+00,0.000000000000000000e+00,5.181610393872404866e-04,1.499187924627157741e-03,6.401185756938786164e-03,4.019024605020291192e-03,0.000000000000000000e+00,0.000000000000000000e+00,0.000000000000000000e+00,0.000000000000000000e+00,0.000000000000000000e+00,0.000000000000000000e+00,0.000000000000000000e+00,0.000000000000000000e+00,0.000000000000000000e+00,0.000000000000000000e+00,0.000000000000000000e+00,0.000000000000000000e+00,0.000000000000000000e+00,0.000000000000000000e+00,0.000000000000000000e+00,0.000000000000000000e+00,0.000000000000000000e+00,0.000000000000000000e+00,0.000000000000000000e+00,0.000000000000000000e+00,7.810913603947492335e-04,1.365143203594395551e-03,0.000000000000000000e+00,0.000000000000000000e+00,0.000000000000000000e+00,0.000000000000000000e+00,0.000000000000000000e+00,0.000000000000000000e+00,0.000000000000000000e+00,0.000000000000000000e+00,0.000000000000000000e+00,0.000000000000000000e+00,0.000000000000000000e+00,0.000000000000000000e+00,0.000000000000000000e+00,0.000000000000000000e+00,3.475969426344734450e-04,7.766823503861779729e-04,9.861514102608936148e-04,9.146021689258291990e-04,5.522076014312565567e-04,0.000000000000000000e+00,0.000000000000000000e+00,0.000000000000000000e+00,0.000000000000000000e+00,0.000000000000000000e+00,0.000000000000000000e+00,0.000000000000000000e+00,0.000000000000000000e+00,0.000000000000000000e+00,8.230731057473566299e-04,0.000000000000000000e+00,0.000000000000000000e+00,1.856195858679526210e-05,3.937517696167252938e-04,1.566570608581507548e-04,0.000000000000000000e+00,0.000000000000000000e+00,0.000000000000000000e+00,0.000000000000000000e+00,0.000000000000000000e+00,0.000000000000000000e+00,0.000000000000000000e+00,0.000000000000000000e+00,0.000000000000000000e+00,0.000000000000000000e+00,0.000000000000000000e+00,0.000000000000000000e+00,0.000000000000000000e+00,0.000000000000000000e+00,0.000000000000000000e+00,0.000000000000000000e+00,0.000000000000000000e+00,0.000000000000000000e+00,0.000000000000000000e+00,0.000000000000000000e+00,0.000000000000000000e+00,0.000000000000000000e+00,0.000000000000000000e+00,0.000000000000000000e+00,0.000000000000000000e+00,0.000000000000000000e+00,0.000000000000000000e+00,0.000000000000000000e+00,0.000000000000000000e+00,0.000000000000000000e+00,0.000000000000000000e+00,0.000000000000000000e+00,0.000000000000000000e+00,0.000000000000000000e+00,0.000000000000000000e+00,0.000000000000000000e+00,0.000000000000000000e+00,0.000000000000000000e+00,0.000000000000000000e+00,2.807771529035381504e-04,1.037983521241339505e-03,1.751629011858172854e-03,2.392982756752551343e-03,2.940686844433441222e-03,3.380534062164684134e-03,3.704485790273092608e-03,3.910036757973954849e-03,4.000200031973886843e-03,3.983353483177408047e-03,3.871805842288922501e-03,3.678691638791673629e-03,3.414220963355458268e-03,3.083482156291176418e-03,2.687904604942838518e-03,2.230905742274749953e-03,6.133923988169074672e-03,1.411257587261792435e-04,8.624011241223989354e-04,1.497902748594616808e-03,1.992802703156730439e-03,0.000000000000000000e+00,0.000000000000000000e+00,0.000000000000000000e+00,0.000000000000000000e+00,0.000000000000000000e+00,0.000000000000000000e+00,0.000000000000000000e+00,0.000000000000000000e+00,0.000000000000000000e+00,0.000000000000000000e+00,0.000000000000000000e+00,0.000000000000000000e+00,0.000000000000000000e+00,0.000000000000000000e+00,0.000000000000000000e+00,0.000000000000000000e+00,0.000000000000000000e+00,0.000000000000000000e+00,0.000000000000000000e+00,0.000000000000000000e+00,0.000000000000000000e+00,0.000000000000000000e+00,0.000000000000000000e+00,0.000000000000000000e+00,0.000000000000000000e+00,0.000000000000000000e+00,0.000000000000000000e+00,0.000000000000000000e+00,0.000000000000000000e+00,0.000000000000000000e+00,0.000000000000000000e+00,0.000000000000000000e+00,0.000000000000000000e+00,0.000000000000000000e+00,0.000000000000000000e+00,0.000000000000000000e+00,0.000000000000000000e+00,0.000000000000000000e+00,0.000000000000000000e+00,0.000000000000000000e+00,0.000000000000000000e+00,0.000000000000000000e+00,0.000000000000000000e+00,0.000000000000000000e+00,0.000000000000000000e+00,0.000000000000000000e+00,0.000000000000000000e+00,0.000000000000000000e+00,0.000000000000000000e+00,0.000000000000000000e+00,0.000000000000000000e+00,0.000000000000000000e+00,0.000000000000000000e+00,0.000000000000000000e+00,0.000000000000000000e+00,0.000000000000000000e+00,0.000000000000000000e+00,0.000000000000000000e+00,6.315158639568684224e-04,2.083728470920791481e-03,3.628822260943532704e-03,5.144933837095275013e-03,6.496861358376185107e-03,7.556644320379407413e-03,8.222430239813066297e-03,8.431799455570616192e-03,8.167539979048604043e-03,7.456010096654797775e-03,6.359979940951246587e-03,4.968675934106343145e-03,3.733115595748146952e-03,3.689778945490360378e-03,3.394750851485068849e-03,2.858376140190464852e-03,2.115850605864166411e-03,1.227531383445220258e-03,2.747787657959081223e-04,0.000000000000000000e+00,0.000000000000000000e+00,0.000000000000000000e+00,0.000000000000000000e+00,0.000000000000000000e+00,0.000000000000000000e+00,0.000000000000000000e+00,2.978429547061716884e-04,9.854661057809705176e-04,1.534795635745898239e-03,1.976171984159292780e-03,2.363872106473769406e-03,2.758353928135523579e-03,3.630469828548786755e-03,4.531567250582532388e-03,5.381029236570266695e-03,6.167028901016080936e-03,0.000000000000000000e+00,0.000000000000000000e+00,0.000000000000000000e+00,0.000000000000000000e+00,0.000000000000000000e+00,0.000000000000000000e+00,0.000000000000000000e+00,0.000000000000000000e+00,0.000000000000000000e+00,0.000000000000000000e+00,0.000000000000000000e+00
7.066498103738458168e-08,0.000000000000000000e+00,0.000000000000000000e+00,0.000000000000000000e+00,0.000000000000000000e+00,0.000000000000000000e+00,0.000000000000000000e+00,0.000000000000000000e+00,0.000000000000000000e+00,0.000000000000000000e+00,0.000000000000000000e+00,0.000000000000000000e+00,0.000000000000000000e+00,0.000000000000000000e+00,0.000000000000000000e+00,7.368391664937904177e-04,1.669799942358186299e-03,7.433015771018449888e-03,9.338478979803069941e-04,1.007965986493010316e-03,1.078096845899510986e-03,1.143378841648173263e-03,1.203052359469576529e-03,1.256469507714571632e-03,1.303100398151866473e-03,1.342536211176613816e-03,1.374491856948515008e-03,1.398802533979054538e-03,2.496145237658992707e-03,3.836085895341799328e-03,3.624635199018672385e-03,4.680919126685892211e-03,5.561485952737695720e-03,6.264002362724581559e-03,6.801202206470786764e-03,7.200465959474459596e-03,7.502322075550692942e-03,7.755086710100929891e-03,8.004454777179047936e-03,8.279825528834251769e-03,0.000000000000000000e+00,0.000000000000000000e+00,0.000000000000000000e+00,0.000000000000000000e+00,0.000000000000000000e+00,0.000000000000000000e+00,0.000000000000000000e+00,0.000000000000000000e+00,0.000000000000000000e+00,0.000000000000000000e+00,0.000000000000000000e+00,0.000000000000000000e+00,0.000000000000000000e+00,0.000000000000000000e+00,0.000000000000000000e+00,0.000000000000000000e+00,0.000000000000000000e+00,0.000000000000000000e+00,0.000000000000000000e+00,0.000000000000000000e+00,0.000000000000000000e+00,0.000000000000000000e+00,0.000000000000000000e+00,0.000000000000000000e+00,0.000000000000000000e+00,0.000000000000000000e+00,0.000000000000000000e+00,0.000000000000000000e+00,0.000000000000000000e+00,0.000000000000000000e+00,0.000000000000000000e+00,0.000000000000000000e+00,0.000000000000000000e+00,0.000000000000000000e+00,0.000000000000000000e+00,0.000000000000000000e+00,0.000000000000000000e+00,0.000000000000000000e+00,0.000000000000000000e+00,0.000000000000000000e+00,0.000000000000000000e+00,0.000000000000000000e+00,0.000000000000000000e+00,0.000000000000000000e+00,0.000000000000000000e+00,0.000000000000000000e+00,0.000000000000000000e+00,0.000000000000000000e+00,0.000000000000000000e+00,0.000000000000000000e+00,0.000000000000000000e+00,0.000000000000000000e+00,0.000000000000000000e+00,0.000000000000000000e+00,0.000000000000000000e+00,0.000000000000000000e+00,0.000000000000000000e+00,0.000000000000000000e+00,0.000000000000000000e+00,0.000000000000000000e+00,0.000000000000000000e+00,0.000000000000000000e+00,0.000000000000000000e+00,0.000000000000000000e+00,0.000000000000000000e+00,0.000000000000000000e+00,0.000000000000000000e+00,0.000000000000000000e+00,0.000000000000000000e+00,0.000000000000000000e+00,0.000000000000000000e+00,0.000000000000000000e+00,0.000000000000000000e+00,0.000000000000000000e+00,0.000000000000000000e+00,5.121324331214624102e-04,1.179405044215935290e-03,2.107140942611966314e-03,0.000000000000000000e+00,0.000000000000000000e+00,0.000000000000000000e+00,0.000000000000000000e+00,0.000000000000000000e+00,0.000000000000000000e+00,0.000000000000000000e+00,0.000000000000000000e+00,0.000000000000000000e+00,0.000000000000000000e+00,0.000000000000000000e+00,0.000000000000000000e+00,2.941325444732804354e-04,2.537867964452722620e-03,9.286713933470471536e-04,1.102821112243965130e-03,1.153354916414555016e-03,1.086016757520004601e-03,9.206303206403468201e-04,6.796189719158826246e-04,3.773840704220854576e-04,1.500811472545007126e-05,0.000000000000000000e+00,0.000000000000000000e+00,0.000000000000000000e+00,0.000000000000000000e+00,0.000000000000000000e+00,0.000000000000000000e+00,0.000000000000000000e+00,0.000000000000000000e+00,0.000000000000000000e+00,0.000000000000000000e+00,0.000000000000000000e+00,0.000000000000000000e+00,0.000000000000000000e+00,0.000000000000000000e+00,0.000000000000000000e+00,1.949130388932417992e-04,6.074976262598659341e-04,7.284678557355514332e-04,4.845885289459237800e-04,0.000000000000000000e+00,0.000000000000000000e+00,0.000000000000000000e+00,0.000000000000000000e+00,0.000000000000000000e+00,0.000000000000000000e+00,0.000000000000000000e+00,0.000000000000000000e+00,0.000000000000000000e+00,0.000000000000000000e+00,0.000000000000000000e+00,0.000000000000000000e+00,0.000000000000000000e+00,0.000000000000000000e+00,0.000000000000000000e+00,0.000000000000000000e+00,0.000000000000000000e+00,0.000000000000000000e+00,0.000000000000000000e+00,0.000000000000000000e+00,0.000000000000000000e+00,0.000000000000000000e+00,0.000000000000000000e+00,0.000000000000000000e+00,0.000000000000000000e+00,0.000000000000000000e+00,0.000000000000000000e+00,0.000000000000000000e+00,0.000000000000000000e+00,0.000000000000000000e+00,0.000000000000000000e+00,0.000000000000000000e+00,0.000000000000000000e+00,0.000000000000000000e+00,0.000000000000000000e+00,0.000000000000000000e+00,0.000000000000000000e+00,0.000000000000000000e+00,0.000000000000000000e+00,0.000000000000000000e+00,1.005015177178032986e-04,1.214629981526681819e-03,2.298614889187008785e-03,3.268728553856652640e-03,0.000000000000000000e+00,0.000000000000000000e+00,0.000000000000000000e+00,0.000000000000000000e+00,0.000000000000000000e+00,0.000000000000000000e+00,0.000000000000000000e+00,0.000000000000000000e+00,0.000000000000000000e+00,0.000000000000000000e+00,0.000000000000000000e+00,0.000000000000000000e+00,0.000000000000000000e+00,0.000000000000000000e+00,0.000000000000000000e+00,0.000000000000000000e+00,0.000000000000000000e+00,0.000000000000000000e+00,0.000000000000000000e+00,0.000000000000000000e+00,0.000000000000000000e+00,0.000000000000000000e+00,0.000000000000000000e+00,0.000000000000000000e+00,0.000000000000000000e+00,0.000000000000000000e+00,9.728641925538013149e-05,1.654892867594006767e-04,8.997794477452767737e-05,0.000000000000000000e+00,0.000000000000000000e+00,0.000000000000000000e+00,0.000000000000000000e+00,0.000000000000000000e+00,0.000000000000000000e+00,0.000000000000000000e+00,0.000000000000000000e+00,1.217841413353373527e-04,3.708187674093256741e-04,4.676024686584230095e-04,3.825321047066034571e-04,1.255379497447512154e-04,0.000000000000000000e+00,0.000000000000000000e+00,0.000000000000000000e+00,0.000000000000000000e+00,0.000000000000000000e+00,0.000000000000000000e+00,0.000000000000000000e+00,0.000000000000000000e+00,0.000000000000000000e+00,0.000000000000000000e+00,0.000000000000000000e+00,0.000000000000000000e+00,0.000000000000000000e+00,0.000000000000000000e+00,0.000000000000000000e+00,0.000000000000000000e+00,0.000000000000000000e+00,0.000000000000000000e+00,0.000000000000000000e+00,0.000000000000000000e+00,8.118999435695724515e-04,1.703641641119358436e-03,2.377733737138168577e-03,2.774028391201003446e-03,2.866110100363288265e-03,2.663909650008632318e-03,2.209161652703240265e-03,1.565356806513432597e-03,1.204549955175926272e-03,1.381326093903978555e-03,1.537322458387835105e-03,1.675699935301548562e-03,0.000000000000000000e+00,0.000000000000000000e+00,0.000000000000000000e+00,0.000000000000000000e+00,0.000000000000000000e+00,0.000000000000000000e+00,5.204257838210150054e-03,0.000000000000000000e+00,0.000000000000000000e+00,0.000000000000000000e+00,0.000000000000000000e+00,0.000000000000000000e+00,0.000000000000000000e+00,0.000000000000000000e+00,0.000000000000000000e+00,2.272946812144320951e-04,6.472351293878756502e-04,9.203944557962839054e-04,1.014217563278040296e-03,9.156124906824737123e-04,6.262828361621676412e-04,1.576740719175273619e-04,0.000000000000000000e+00,0.000000000000000000e+00,0.000000000000000000e+00,0.000000000000000000e+00,0.000000000000000000e+00,0.000000000000000000e+00,0.000000000000000000e+00,0.000000000000000000e+00,0.000000000000000000e+00,0.000000000000000000e+00,0.000000000000000000e+00,0.000000000000000000e+00,0.000000000000000000e+00,5.046274757149429207e-04,1.209702682680533197e-03,1.965567224570924452e-03,2.708329431247213925e-03,3.362319097669898976e-03,3.848185486998196604e-03,4.092873631570095178e-03,4.039723483350948080e-03,3.657172898489922854e-03,2.944899497709720180e-03,1.936504944799118414e-03,6.980548607648546112e-04,0.000000000000000000e+00,0.000000000000000000e+00,0.000000000000000000e+00,0.000000000000000000e+00,0.000000000000000000e+00,0.000000000000000000e+00,0.000000000000000000e+00,0.000000000000000000e+00,0.000000000000000000e+00,0.000000000000000000e+00,0.000000000000000000e+00,0.000000000000000000e+00,0.000000000000000000e+00,0.000000000000000000e+00,3.912375539281755807e-04,1.030185629525634831e-03,1.508373373577647468e-03,1.853639704745240271e-03,2.099827423547041480e-03,2.275507394322223275e-03,2.397902284561774251e-03,2.472487271699672518e-03,2.496290879424543138e-03,2.462006403924048379e-03,2.360848747352247822e-03,2.183789484436362335e-03,1.922232487142184511e-03,1.569541703933649904e-03,1.124159096615223860e-03,1.114050304171911943e-03,1.254158636519613285e-03,1.382061170375780074e-03,1.496708067318552231e-03,4.361124210470882119e-03,3.720339970318677428e-03,0.000000000000000000e+00,0.000000000000000000e+00,0.000000000000000000e+00,0.000000000000000000e+00,0.000000000000000000e+00,0.000000000000000000e+00,3.264350587670829707e-04,1.233638527931285285e-03,1.941743465695135564e-03,2.416370524154161196e-03,2.676354150596973840e-03,3.472052570322155165e-03,0.000000000000000000e+00,0.000000000000000000e+00,0.000000000000000000e+00,0.000000000000000000e+00,0.000000000000000000e+00,0.000000000000000000e+00,0.000000000000000000e+00,0.000000000000000000e+00,0.000000000000000000e+00,0.000000000000000000e+00,0.000000000000000000e+00,0.000000000000000000e+00,0.000000000000000000e+00,0.000000000000000000e+00,0.000000000000000000e+00,0.000000000000000000e+00,0.000000000000000000e+00,0.000000000000000000e+00,3.146657841116224166e-05,4.618367716414931677e-03,2.745370540104798140e-03,3.070719830318305397e-03,0.000000000000000000e+00,0.000000000000000000e+00,0.000000000000000000e+00,0.000000000000000000e+00,0.000000000000000000e+00,0.000000000000000000e+00,0.000000000000000000e+00
1.010155089045740110e-07,8.293543013667848546e-04,0.000000000000000000e+00,0.000000000000000000e+00,0.000000000000000000e+00,0.000000000000000000e+00,0.000000000000000000e+00,0.000000000000000000e+00,0.000000000000000000e+00,0.000000000000000000e+00,1.229160125224906374e-03,0.000000000000000000e+00,1.141116929926444187e-03,0.000000000000000000e+00,0.000000000000000000e+00,4.036355649485476402e-04,6.483278829740857490e-04,6.061804424243637463e-04,2.614171666123227961e-04,0.000000000000000000e+00,0.000000000000000000e+00,0.000000000000000000e+00,0.000000000000000000e+00,0.000000000000000000e+00,0.000000000000000000e+00,0.000000000000000000e+00,0.000000000000000000e+00,0.000000000000000000e+00,0.000000000000000000e+00,0.000000000000000000e+00,0.000000000000000000e+00,0.000000000000000000e+00,0.000000000000000000e+00,0.000000000000000000e+00,0.000000000000000000e+00,0.000000000000000000e+00,0.000000000000000000e+00,0.000000000000000000e+00,0.000000000000000000e+00,0.000000000000000000e+00,2.791451581996184559e-04,7.493174752316968720e-04,1.216879976102546801e-03,1.645217339449980094e-03,2.002256651721073376e-03,2.260198940773631461e-03,2.397034241889701989e-03,2.400681893355021031e-03,2.274033082144747992e-03,2.037678039680147421e-03,2.073779258913542936e-03,2.884517630316957553e-03,3.458261932682692597e-03,3.755723198249242417e-03,3.778282770222522475e-03,0.000000000000000000e+00,0.000000000000000000e+00,0.000000000000000000e+00,0.000000000000000000e+00,1.246729321353912145e-04,5.080417140652268663e-05,0.000000000000000000e+00,0.000000000000000000e+00,0.000000000000000000e+00,0.000000000000000000e+00,0.000000000000000000e+00,0.000000000000000000e+00,0.000000000000000000e+00,0.000000000000000000e+00,1.170786477188940158e-04,2.321938346101078739e-03,0.000000000000000000e+00,0.000000000000000000e+00,0.000000000000000000e+00,0.000000000000000000e+00,0.000000000000000000e+00,0.000000000000000000e+00,0.000000000000000000e+00,0.000000000000000000e+00,0.000000000000000000e+00,0.000000000000000000e+00,0.000000000000000000e+00,9.241809767141978874e-05,8.199795878877466326e-06,0.000000000000000000e+00,0.000000000000000000e+00,0.000000000000000000e+00,0.000000000000000000e+00,0.000000000000000000e+00,0.000000000000000000e+00,0.000000000000000000e+00,0.000000000000000000e+00,0.000000000000000000e+00,0.000000000000000000e+00,0.000000000000000000e+00,0.000000000000000000e+00,0.000000000000000000e+00,9.845623233937857328e-04,2.308779315003616894e-03,3.428579200244173415e-03,0.000000000000000000e+00,0.000000000000000000e+00,0.000000000000000000e+00,0.000000000000000000e+00,0.000000000000000000e+00,0.000000000000000000e+00,0.000000000000000000e+00,0.000000000000000000e+00,4.929836498692117272e-04,8.960341526697275343e-04,1.135103227026885292e-03,1.181201602306616687e-03,1.035893663318380661e-03,7.388720207154187564e-04,3.658017965758069063e-04,1.523612726275973912e-05,0.000000000000000000e+00,0.000000000000000000e+00,0.000000000000000000e+00,3.912926533040135416e-04,9.682908088562031676e-04,3.921396886821135359e-03,0.000000000000000000e+00,0.000000000000000000e+00,0.000000000000000000e+00,0.000000000000000000e+00,0.000000000000000000e+00,0.000000000000000000e+00,0.000000000000000000e+00,0.000000000000000000e+00,0.000000000000000000e+00,0.000000000000000000e+00,1.172424411695944298e-03,2.600719061193401942e-03,3.869808737656884549e-03,4.903264458864664208e-03,5.646313839082866583e-03,6.073081648366720695e-03,6.190179565577768293e-03,6.034842944815354757e-03,5.667698565152742840e-03,5.162366713716088663e-03,4.595289701317529889e-03,4.038806800856044495e-03,3.558428932239517551e-03,3.212529999877675874e-03,3.050703620663458224e-03,3.107384280419052489e-03,3.390244959359568939e-03,3.867157093094572388e-03,4.458618437919553180e-03,5.042321548803269972e-03,5.472427357606092502e-03,5.609890010911464629e-03,5.354956904956104102e-03,4.671462005361989855e-03,3.595371723524105629e-03,2.225757480667904867e-03,7.020819570698775755e-04,0.000000000000000000e+00,0.000000000000000000e+00,0.000000000000000000e+00,0.000000000000000000e+00,0.000000000000000000e+00,0.000000000000000000e+00,0.000000000000000000e+00,0.000000000000000000e+00,0.000000000000000000e+00,0.000000000000000000e+00,0.000000000000000000e+00,0.000000000000000000e+00,0.000000000000000000e+00,0.000000000000000000e+00,0.000000000000000000e+00,0.000000000000000000e+00,0.000000000000000000e+00,0.000000000000000000e+00,0.000000000000000000e+00,0.000000000000000000e+00,0.000000000000000000e+00,0.000000000000000000e+00,0.000000000000000000e+00,0.000000000000000000e+00,0.000000000000000000e+00,0.000000000000000000e+00,0.000000000000000000e+00,0.000000000000000000e+00,0.000000000000000000e+00,0.000000000000000000e+00,0.000000000000000000e+00,0.000000000000000000e+00,0.000000000000000000e+00,0.000000000000000000e+00,0.000000000000000000e+00,0.000000000000000000e+00,0.000000000000000000e+00,0.000000000000000000e+00,0.000000000000000000e+00,0.000000000000000000e+00,0.000000000000000000e+00,0.000000000000000000e+00,0.000000000000000000e+00,1.427499746468965133e-04,1.003033989817166127e-03,1.758215742385150137e-03,2.317758398242287295e-03,2.603524552277615423e-03,2.562684371126931673e-03,2.177911578266652267e-03,1.472364699260330072e-03,5.083549474711315319e-04,0.000000000000000000e+00,1.337191476349737431e-04,3.650672535242403989e-04,5.840667609006638212e-04,7.888973635135169147e-04,9.779599879552207040e-04,9.354207257865006925e-03,5.370116460279555221e-03,0.000000000000000000e+00,0.000000000000000000e+00,0.000000000000000000e+00,0.000000000000000000e+00,0.000000000000000000e+00,0.000000000000000000e+00,4.929781884048718178e-04,9.089031467233017704e-04,1.177917565980343868e-03,1.334291750089241189e-03,1.414251517655723241e-03,1.453646857766661147e-03,1.488507796325410368e-03,1.555217570970601759e-03,1.687517606466538370e-03,1.909634322888490582e-03,2.227311439923756325e-03,2.620292787473609952e-03,3.040089130206964294e-03,3.415655570155447674e-03,3.667255283829404765e-03,3.725964130157342815e-03,3.553812933232601383e-03,3.158321159612228340e-03,2.595995784961252929e-03,1.962340793778822104e-03,1.370299925748684044e-03,1.230927308241006653e-03,1.420306091542763039e-03,1.602146290646449004e-03,1.775298493531128965e-03,1.938765290576236529e-03,3.037352459635773126e-03,2.857324364501572867e-04,2.105701135627552670e-04,2.957800400840267458e-04,5.526390600429564523e-04,9.574467382275344760e-04,1.457064677624345193e-03,0.000000000000000000e+00,0.000000000000000000e+00,0.000000000000000000e+00,0.000000000000000000e+00,0.000000000000000000e+00,0.000000000000000000e+00,0.000000000000000000e+00,0.000000000000000000e+00,0.000000000000000000e+00,0.000000000000000000e+00,0.000000000000000000e+00,5.451035060809791138e-04,1.162684041807093577e-03,1.757367009446043687e-03,2.316674758373286815e-03,2.824068186695355680e-03,3.259729719540279194e-03,3.604636531103851474e-03,8.420315412983667494e-03,0.000000000000000000e+00,0.000000000000000000e+00,0.000000000000000000e+00,0.000000000000000000e+00,0.000000000000000000e+00,0.000000000000000000e+00,0.000000000000000000e+00,0.000000000000000000e+00,0.000000000000000000e+00,0.000000000000000000e+00,2.513300999470656800e-05,3.192569504809744489e-03,2.674311685945075876e-03,0.000000000000000000e+00,0.000000000000000000e+00,0.000000000000000000e+00,0.000000000000000000e+00,0.000000000000000000e+00,0.000000000000000000e+00,0.000000000000000000e+00,0.000000000000000000e+00,0.000000000000000000e+00,0.000000000000000000e+00,0.000000000000000000e+00,0.000000000000000000e+00,0.000000000000000000e+00,0.000000000000000000e+00,0.000000000000000000e+00,0.000000000000000000e+00,0.000000000000000000e+00,0.000000000000000000e+00,0.000000000000000000e+00,0.000000000000000000e+00,0.000000000000000000e+00,0.000000000000000000e+00,0.000000000000000000e+00,0.000000000000000000e+00,0.000000000000000000e+00,0.000000000000000000e+00,0.000000000000000000e+00,0.000000000000000000e+00,0.000000000000000000e+00,1.945784723067758978e-03,1.233191923502652623e-03,0.000000000000000000e+00,4.096196572814724771e-04,1.632298351195731910e-03,2.756958905308569321e-03,3.587651021256041059e-03,3.982577123301079582e-03,3.883639292760647684e-03,3.325237030309313203e-03,2.420396563673885351e-03,1.329605617671825342e-03,2.228183696203236942e-04,0.000000000000000000e+00,0.000000000000000000e+00,0.000000000000000000e+00,0.000000000000000000e+00,0.000000000000000000e+00,0.000000000000000000e+00,0.000000000000000000e+00,0.000000000000000000e+00,0.000000000000000000e+00,0.000000000000000000e+00,0.000000000000000000e+00,0.000000000000000000e+00,0.000000000000000000e+00,0.000000000000000000e+00,0.000000000000000000e+00,0.000000000000000000e+00,0.000000000000000000e+00,0.000000000000000000e+00,0.000000000000000000e+00,0.000000000000000000e+00,0.000000000000000000e+00,0.000000000000000000e+00,0.000000000000000000e+00,0.000000000000000000e+00,0.000000000000000000e+00,0.000000000000000000e+00,0.000000000000000000e+00,0.000000000000000000e+00,0.000000000000000000e+00,0.000000000000000000e+00,0.000000000000000000e+00,0.000000000000000000e+00,0.000000000000000000e+00,0.000000000000000000e+00,0.000000000000000000e+00,0.000000000000000000e+00,0.000000000000000000e+00,0.000000000000000000e+00,0.000000000000000000e+00,0.000000000000000000e+00,0.000000000000000000e+00,0.000000000000000000e+00,1.370508813595800964e-04,2.181612899125831985e-04,7.063288857876307079e-05,0.000000000000000000e+00,0.000000000000000000e+00,0.000000000000000000e+00,0.000000000000000000e+00,0.000000000000000000e+00,1.423929314838987231e-04,2.233629432885302741e-04,3.902901371099761017e-04,1.981421307819492092e-04,1.686375131728669145e-03,0.000000000000000000e+00,0.000000000000000000e+00,0.000000000000000000e+00,0.000000000000000000e+00,0.000000000000000000e+00,0.000000000000000000e+00,0.000000000000000000e+00,0.000000000000000000e+00,0.000000000000000000e+00,0.000000000000000000e+00,0.000000000000000000e+00,0.000000000000000000e+00,0.000000000000000000e+00
1.950867750596754923e-07,1.104985319229142556e-04,2.785244961077893355e-04,4.229303039097332805e-04,4.659040335956851023e-04,3.593834337528088556e-04,9.873556205445574799e-05,0.000000000000000000e+00,0.000000000000000000e+00,0.000000000000000000e+00,0.000000000000000000e+00,0.000000000000000000e+00,0.000000000000000000e+00,0.000000000000000000e+00,0.000000000000000000e+00,0.000000000000000000e+00,0.000000000000000000e+00,0.000000000000000000e+00,0.000000000000000000e+00,0.000000000000000000e+00,0.000000000000000000e+00,0.000000000000000000e+00,0.000000000000000000e+00,0.000000000000000000e+00,0.000000000000000000e+00,0.000000000000000000e+00,0.000000000000000000e+00,0.000000000000000000e+00,0.000000000000000000e+00,0.000000000000000000e+00,0.000000000000000000e+00,0.000000000000000000e+00,0.000000000000000000e+00,2.586705072570180349e-04,3.547330326495980114e-04,2.324176424392940179e-04,0.000000000000000000e+00,0.000000000000000000e+00,0.000000000000000000e+00,0.000000000000000000e+00,0.000000000000000000e+00,0.000000000000000000e+00,0.000000000000000000e+00,0.000000000000000000e+00,0.000000000000000000e+00,0.000000000000000000e+00,0.000000000000000000e+00,0.000000000000000000e+00,0.000000000000000000e+00,0.000000000000000000e+00,0.000000000000000000e+00,1.097138205108683264e-04,3.863890470187581394e-04,6.580269254520830545e-04,9.210694601287720525e-04,1.172100738329648860e-03,1.407907312867819668e-03,1.625530601654362212e-03,1.822314921560861485e-03,1.995948589995720675e-03,2.144496980857479949e-03,2.266429780365153933e-03,2.360640786593335826e-03,2.426460436435348440e-03,2.778010612440453414e-03,3.405950700222761755e-03,3.961546802766127695e-03,4.471571851436154793e-03,4.954422762844966008e-03,5.407305329199074521e-03,5.799461857047838627e-03,6.074494500414123928e-03,6.162095729467506611e-03,5.996386836561162607e-03,5.535682323151156978e-03,4.777707366848805634e-03,3.765409084931603794e-03,2.581228969718465330e-03,1.331284249366174047e-03,7.944020989384986036e-04,4.464089469264056402e-04,2.919162442575543156e-04,1.504672290790954226e-04,2.384216258932351820e-05,0.000000000000000000e+00,0.000000000000000000e+00,0.000000000000000000e+00,0.000000000000000000e+00,0.000000000000000000e+00,0.000000000000000000e+00,0.000000000000000000e+00,9.011115197969479828e-05,4.499410551766883939e-04,5.828534523458490761e-04,4.555130291409816208e-04,8.318974739744619811e-05,0.000000000000000000e+00,0.000000000000000000e+00,4.711737482161758078e-05,1.326272354363439393e-04,2.196754968559528514e-04,3.066299296264758363e-04,3.919310557686033706e-04,9.936997427589574355e-04,1.712654573917872730e-03,2.375350774911623181e-03,2.939903895085850278e-03,3.377529099853695399e-03,3.678568333455543241e-03,3.025096812082221902e-03,3.078916760417285681e-03,3.086084448713977656e-03,3.081011997099066761e-03,3.082870431438610673e-03,3.088899615895414081e-03,3.074673938790791622e-03,3.001195430021407710e-03,2.826498933844888775e-03,2.518204830540435920e-03,2.063476887752882776e-03,1.473876613441056898e-03,7.840833636200790144e-04,4.507172022160038579e-05,0.000000000000000000e+00,3.257521489637516064e-04,7.530639390696402960e-04,1.262380645812289726e-03,1.804955370565674080e-03,2.297950893460288819e-03,2.649287504836088034e-03,0.000000000000000000e+00,0.000000000000000000e+00,0.000000000000000000e+00,0.000000000000000000e+00,4.029711807047169927e-04,9.947822386354074863e-04,1.493477306870270513e-03,1.917981089548064953e-03,2.334888594667058892e-03,2.830918277371065328e-03,5.256408853836746706e-03,4.300886450907531224e-03,0.000000000000000000e+00,0.000000000000000000e+00,0.000000000000000000e+00,0.000000000000000000e+00,0.000000000000000000e+00,0.000000000000000000e+00,0.000000000000000000e+00,0.000000000000000000e+00,0.000000000000000000e+00,0.000000000000000000e+00,0.000000000000000000e+00,0.000000000000000000e+00,0.000000000000000000e+00,0.000000000000000000e+00,0.000000000000000000e+00,0.000000000000000000e+00,0.000000000000000000e+00,3.770560646767945356e-04,8.914844330990759217e-04,1.237037277770579183e-03,1.431960764104609147e-03,1.524517460004308923e-03,1.578018677936342956e-03,1.649487101733837979e-03,1.769844640920527389e-03,1.932637638392062157e-03,2.094962577851898836e-03,2.190067386655997119e-03,2.147528614425080803e-03,1.914855097928454004e-03,1.474222837370702584e-03,8.496457713969223597e-04,1.028451545147011323e-04,0.000000000000000000e+00,0.000000000000000000e+00,0.000000000000000000e+00,8.625159832226498950e-04,2.771995780757604590e-03,0.000000000000000000e+00,0.000000000000000000e+00,0.000000000000000000e+00,0.000000000000000000e+00,0.000000000000000000e+00,0.000000000000000000e+00,0.000000000000000000e+00,0.000000000000000000e+00,0.000000000000000000e+00,0.000000000000000000e+00,0.000000000000000000e+00,0.000000000000000000e+00,0.000000000000000000e+00,0.000000000000000000e+00,0.000000000000000000e+00,0.000000000000000000e+00,3.932555704442970658e-04,3.903555415638804366e-04,1.293492969102158800e-03,2.254874102494773547e-03,3.204613844994791839e-03,4.066740217686904205e-03,0.000000000000000000e+00,0.000000000000000000e+00,0.000000000000000000e+00,0.000000000000000000e+00,0.000000000000000000e+00,0.000000000000000000e+00,0.000000000000000000e+00,2.191952994466965965e-04,1.894801533283823345e-03,0.000000000000000000e+00,0.000000000000000000e+00,0.000000000000000000e+00,0.000000000000000000e+00,0.000000000000000000e+00,0.000000000000000000e+00,0.000000000000000000e+00,0.000000000000000000e+00,0.000000000000000000e+00,6.441816745426936922e-05,2.328698688204754392e-04,3.965279908709992175e-04,6.157595244885017945e-04,9.343585473702150593e-04,1.357739047100255505e-03,1.844528006900781822e-03,0.000000000000000000e+00,0.000000000000000000e+00,0.000000000000000000e+00,0.000000000000000000e+00,0.000000000000000000e+00,0.000000000000000000e+00,0.000000000000000000e+00,0.000000000000000000e+00,0.000000000000000000e+00,0.000000000000000000e+00,0.000000000000000000e+00,0.000000000000000000e+00,0.000000000000000000e+00,0.000000000000000000e+00,0.000000000000000000e+00,0.000000000000000000e+00,0.000000000000000000e+00,0.000000000000000000e+00,0.000000000000000000e+00,0.000000000000000000e+00,0.000000000000000000e+00,0.000000000000000000e+00,0.000000000000000000e+00,0.000000000000000000e+00,0.000000000000000000e+00,0.000000000000000000e+00,0.000000000000000000e+00,1.245449066857925047e-04,5.221825898310170858e-04,8.627153770714704115e-04,1.104320853295940848e-03,1.222427059814501765e-03,1.209635417387551959e-03,1.070958099868667048e-03,8.169604635343395314e-04,4.584014934625555305e-04,5.460409597905598748e-06,0.000000000000000000e+00,0.000000000000000000e+00,0.000000000000000000e+00,0.000000000000000000e+00,0.000000000000000000e+00,0.000000000000000000e+00,0.000000000000000000e+00,0.000000000000000000e+00,0.000000000000000000e+00,3.513952119293037996e-03,0.000000000000000000e+00,0.000000000000000000e+00,0.000000000000000000e+00,0.000000000000000000e+00,0.000000000000000000e+00,0.000000000000000000e+00,0.000000000000000000e+00,0.000000000000000000e+00,0.000000000000000000e+00,0.000000000000000000e+00,0.000000000000000000e+00,0.000000000000000000e+00,0.000000000000000000e+00,0.000000000000000000e+00,0.000000000000000000e+00,1.028889753101892108e-03,2.311931711597053993e-03,3.413802984255158348e-03,4.254772735755566263e-03,4.780180463957441235e-03,4.974430180796709372e-03,4.865241804109267203e-03,4.515830090805856081e-03,4.007191589158530347e-03,3.416356707932750782e-03,2.797771844046633913e-03,2.173607131314029672e-03,1.509460228201729877e-03,0.000000000000000000e+00,2.133433806581009674e-04,3.775441103296959026e-04,0.000000000000000000e+00,0.000000000000000000e+00,0.000000000000000000e+00,1.977643262428338403e-04,7.923756747653148058e-04,1.411415091271742833e-03,1.967996643010445305e-03,2.397778224409132051e-03,2.666118749949753213e-03,2.766345236592682427e-03,2.711859621263548476e-03,2.526558257418791073e-03,2.237789985857045316e-03,1.874083997835117180e-03,1.466964999135650155e-03,1.053674277379180709e-03,6.767314357376784384e-04,1.278785833619037028e-03,2.013828378632987436e-03,2.440293927574655602e-03,2.527467079755308516e-03,2.281687265548735469e-03,1.743734947266567525e-03,9.805243033642995886e-04,7.392289852665068130e-05,0.000000000000000000e+00,0.000000000000000000e+00,0.000000000000000000e+00,0.000000000000000000e+00,0.000000000000000000e+00,0.000000000000000000e+00,0.000000000000000000e+00,0.000000000000000000e+00,0.000000000000000000e+00,0.000000000000000000e+00,0.000000000000000000e+00,0.000000000000000000e+00,2.910666229473905927e-04,7.839485607030162667e-04,1.013300627195433574e-03,9.543275252491108468e-04,2.043467807142062154e-03,3.972770897485837526e-04,1.416481594130637083e-03,0.000000000000000000e+00,0.000000000000000000e+00,0.000000000000000000e+00,0.000000000000000000e+00,0.000000000000000000e+00,0.000000000000000000e+00,0.000000000000000000e+00,0.000000000000000000e+00,0.000000000000000000e+00,0.000000000000000000e+00,0.000000000000000000e+00,0.000000000000000000e+00,0.000000000000000000e+00,0.000000000000000000e+00,0.000000000000000000e+00,0.000000000000000000e+00,0.000000000000000000e+00,0.000000000000000000e+00,0.000000000000000000e+00,0.000000000000000000e+00,0.000000000000000000e+00,0.000000000000000000e+00,0.000000000000000000e+00,0.000000000000000000e+00,0.000000000000000000e+00,0.000000000000000000e+00,3.954666418685414699e-04,8.104307636290341427e-04,0.000000000000000000e+00,0.000000000000000000e+00,0.000000000000000000e+00,0.000000000000000000e+00,0.000000000000000000e+00,0.000000000000000000e+00,0.000000000000000000e+00,0.000000000000000000e+00,0.000000000000000000e+00,0.000000000000000000e+00,0.000000000000000000e+00,0.000000000000000000e+00,0.000000000000000000e+00,1.686837092523923477e-03,0.000000000000000000e+00,0.000000000000000000e+00,0.000000000000000000e+00,0.000000000000000000e+00,0.000000000000000000e+00,0.000000000000000000e+00,0.000000000000000000e+00,0.000000000000000000e+00,0.000000000000000000e+00
5.202876303073141688e-08,1.542449321753678975e-04,2.607314158840016017e-04,4.276501188104019058e-04,0.000000000000000000e+00,0.000000000000000000e+00,0.000000000000000000e+00,0.000000000000000000e+00,0.000000000000000000e+00,0.000000000000000000e+00,0.000000000000000000e+00,0.000000000000000000e+00,0.000000000000000000e+00,0.000000000000000000e+00,0.000000000000000000e+00,0.000000000000000000e+00,0.000000000000000000e+00,0.000000000000000000e+00,0.000000000000000000e+00,0.000000000000000000e+00,0.000000000000000000e+00,0.000000000000000000e+00,0.000000000000000000e+00,0.000000000000000000e+00,0.000000000000000000e+00,0.000000000000000000e+00,0.000000000000000000e+00,0.000000000000000000e+00,0.000000000000000000e+00,0.000000000000000000e+00,0.000000000000000000e+00,0.000000000000000000e+00,0.000000000000000000e+00,0.000000000000000000e+00,0.000000000000000000e+00,0.000000000000000000e+00,0.000000000000000000e+00,0.000000000000000000e+00,0.000000000000000000e+00,0.000000000000000000e+00,0.000000000000000000e+00,0.000000000000000000e+00,0.000000000000000000e+00,0.000000000000000000e+00,0.000000000000000000e+00,0.000000000000000000e+00,0.000000000000000000e+00,0.000000000000000000e+00,2.112989340176358937e-04,7.503180319360986577e-04,1.148333934011104866e-03,1.371950412843728206e-03,1.417320378576325795e-03,1.465735513538918766e-03,1.697473408787863710e-03,1.926265454750715738e-03,2.230170958517992477e-03,3.825982324914177501e-03,0.000000000000000000e+00,0.000000000000000000e+00,0.000000000000000000e+00,0.000000000000000000e+00,0.000000000000000000e+00,0.000000000000000000e+00,0.000000000000000000e+00,0.000000000000000000e+00,0.000000000000000000e+00,0.000000000000000000e+00,0.000000000000000000e+00,0.000000000000000000e+00,0.000000000000000000e+00,0.000000000000000000e+00,0.000000000000000000e+00,0.000000000000000000e+00,0.000000000000000000e+00,0.000000000000000000e+00,0.000000000000000000e+00,0.000000000000000000e+00,0.000000000000000000e+00,8.115437281133060696e-06,2.751985475006481067e-04,6.338691304700920992e-04,1.143089005051354428e-03,0.000000000000000000e+00,0.000000000000000000e+00,0.000000000000000000e+00,0.000000000000000000e+00,0.000000000000000000e+00,0.000000000000000000e+00,0.000000000000000000e+00,0.000000000000000000e+00,0.000000000000000000e+00,0.000000000000000000e+00,0.000000000000000000e+00,0.000000000000000000e+00,0.000000000000000000e+00,0.000000000000000000e+00,2.483405117153276607e-04,5.006286503775358217e-04,6.439273416302622498e-04,7.614810568811304983e-04,9.455912019162915957e-04,1.276237508643041909e-03,1.802069377647839759e-03,2.527266786689156761e-03,6.200374789722209318e-03,0.000000000000000000e+00,0.000000000000000000e+00,0.000000000000000000e+00,0.000000000000000000e+00,0.000000000000000000e+00,0.000000000000000000e+00,0.000000000000000000e+00,0.000000000000000000e+00,0.000000000000000000e+00,0.000000000000000000e+00,0.000000000000000000e+00,0.000000000000000000e+00,0.000000000000000000e+00,0.000000000000000000e+00,0.000000000000000000e+00,4.223657466372302449e-04,2.117834501673118274e-03,4.805384666156922377e-03,0.000000000000000000e+00,0.000000000000000000e+00,0.000000000000000000e+00,0.000000000000000000e+00,0.000000000000000000e+00,0.000000000000000000e+00,0.000000000000000000e+00,5.430010656718903305e-04,1.379668277068622512e-03,2.327183209171032954e-03,0.000000000000000000e+00,0.000000000000000000e+00,0.000000000000000000e+00,0.000000000000000000e+00,0.000000000000000000e+00,0.000000000000000000e+00,0.000000000000000000e+00,0.000000000000000000e+00,0.000000000000000000e+00,0.000000000000000000e+00,0.000000000000000000e+00,0.000000000000000000e+00,0.000000000000000000e+00,0.000000000000000000e+00,0.000000000000000000e+00,0.000000000000000000e+00,0.000000000000000000e+00,0.000000000000000000e+00,0.000000000000000000e+00,2.498896748208951192e-04,6.169060754194440922e-04,8.339921205654076807e-04,8.584025659606472425e-04,6.945815059324974986e-04,3.912275909614971450e-04,2.498111845851996412e-05,0.000000000000000000e+00,0.000000000000000000e+00,0.000000000000000000e+00,0.000000000000000000e+00,0.000000000000000000e+00,0.000000000000000000e+00,0.000000000000000000e+00,3.319614164858359197e-04,8.634876695394706541e-04,1.480080426565527412e-03,2.139999792249216819e-03,1.600267601149647691e-03,1.932497686799215407e-03,0.000000000000000000e+00,0.000000000000000000e+00,0.000000000000000000e+00,0.000000000000000000e+00,0.000000000000000000e+00,0.000000000000000000e+00,0.000000000000000000e+00,0.000000000000000000e+00,0.000000000000000000e+00,0.000000000000000000e+00,0.000000000000000000e+00,0.000000000000000000e+00,0.000000000000000000e+00,0.000000000000000000e+00,0.000000000000000000e+00,0.000000000000000000e+00,0.000000000000000000e+00,0.000000000000000000e+00,0.000000000000000000e+00,0.000000000000000000e+00,0.000000000000000000e+00,0.000000000000000000e+00,0.000000000000000000e+00,0.000000000000000000e+00,2.132320556688860260e-04,4.746041721023376418e-04,7.338559630705581436e-04,9.886197605088902808e-04,1.236469687282173470e-03,1.474954576383532808e-03,1.701635608080937770e-03,6.148054890638820526e-03,3.301088419420324625e-03,0.000000000000000000e+00,0.000000000000000000e+00,0.000000000000000000e+00,0.000000000000000000e+00,0.000000000000000000e+00,0.000000000000000000e+00,0.000000000000000000e+00,0.000000000000000000e+00,8.155928397780083834e-04,1.538224947656165707e-03,1.972095136471660026e-03,2.144115124136498213e-03,2.113652525457187896e-03,1.954720801024928314e-03,1.741036621119276297e-03,1.537372499568920260e-03,1.396736906411192181e-03,1.360129738643417983e-03,1.455252044573629487e-03,1.692618017840537325e-03,2.060594651298072125e-03,2.523096999708015434e-03,3.023466088555809648e-03,3.495457989496282211e-03,3.878574389830756735e-03,2.137527034134106742e-03,2.616977902471298145e-03,2.924649380043488518e-03,3.010283779456603311e-03,2.875338637671513535e-03,2.565988580006391389e-03,2.158447795162873450e-03,1.740483907140521038e-03,1.392861658235596900e-03,1.173966632280887181e-03,1.110265468594655086e-03,1.194292717356329730e-03,1.390424923294009737e-03,1.646903920675539621e-03,1.911088962042058236e-03,0.000000000000000000e+00,0.000000000000000000e+00,0.000000000000000000e+00,0.000000000000000000e+00,0.000000000000000000e+00,0.000000000000000000e+00,0.000000000000000000e+00,0.000000000000000000e+00,0.000000000000000000e+00,0.000000000000000000e+00,0.000000000000000000e+00,0.000000000000000000e+00,0.000000000000000000e+00,0.000000000000000000e+00,0.000000000000000000e+00,5.240114526621803166e-04,1.485868379110574095e-03,2.646866099892253212e-03,2.486727445737447161e-03,0.000000000000000000e+00,0.000000000000000000e+00,0.000000000000000000e+00,2.944234065380157452e-04,5.277690749686360979e-04,7.102253630772685381e-04,8.762425606223922091e-04,1.049829242455315110e-03,1.241901392744126616e-03,1.451606672019803554e-03,1.670261299203414790e-03,1.885762862486949293e-03,2.085704387503027786e-03,2.258688410512956542e-03,2.394623063379592610e-03,2.485187596060229633e-03,2.525017823481796268e-03,2.512970145997221044e-03,2.452112513394946562e-03,2.347518229503664598e-03,2.202416112534710292e-03,2.014849252091027287e-03,1.777563903738667685e-03,1.482767678839103489e-03,1.130955427142348512e-03,7.403971404363328705e-04,3.524858598741688136e-04,2.889459525496948619e-05,0.000000000000000000e+00,0.000000000000000000e+00,6.538456998371338128e-05,4.911639495020735102e-04,1.055479019886744604e-03,1.659262242018609470e-03,2.191240447133417212e-03,2.554753103163840636e-03,2.690563235341459410e-03,2.589116770791892366e-03,2.289515206468377764e-03,1.866954529551924759e-03,1.413752549457568961e-03,1.020249862060663287e-03,7.606065716358047062e-04,6.857360761430775697e-04,8.225710572525977591e-04,1.176787511399956989e-03,1.735661373694429238e-03,2.468861428409681574e-03,3.327042112185144094e-03,4.240167959100037652e-03,5.118610513464500952e-03,5.859708829565332157e-03,6.360653682734654368e-03,6.535949625838766326e-03,6.335415389397481764e-03,5.757743050322852718e-03,4.855428385698861045e-03,3.729099387368062148e-03,2.511998334285585853e-03,1.347730049471265734e-03,3.658903468235465617e-04,6.145430597107021499e-04,9.610802608531982070e-04,1.316288565314941653e-03,1.618086305325075469e-03,1.831444643193383967e-03,1.944424244997567091e-03,1.956518661738309954e-03,1.867568852561037182e-03,2.092207224309315487e-03,2.670738805058922496e-03,3.219625949825665866e-03,3.715516730719561986e-03,4.127689886590538322e-03,4.424857940124097416e-03,4.583199589113536206e-03,4.591044285068177251e-03,4.447970125847184979e-03,4.159265261627756449e-03,3.729073050800911504e-03,3.156110713963042932e-03,2.434592498538592966e-03,1.560651486626079415e-03,5.420510566222702317e-04,0.000000000000000000e+00,0.000000000000000000e+00,0.000000000000000000e+00,0.000000000000000000e+00,0.000000000000000000e+00,0.000000000000000000e+00,6.312671493107082678e-03,2.828898482207849868e-03,1.108738910448093607e-03,0.000000000000000000e+00,7.747302833736710494e-04,1.717268235182240529e-03,2.514924130940081239e-03,3.179937608590741472e-03,3.719001388146124173e-03,4.125684886201999059e-03,4.382097039285812179e-03,0.000000000000000000e+00,0.000000000000000000e+00,0.000000000000000000e+00,0.000000000000000000e+00,0.000000000000000000e+00,0.000000000000000000e+00,0.000000000000000000e+00,3.056345990754246681e-03,1.097636904726547943e-03,1.669607223787113604e-04,2.851550861922704330e-04,4.425216599400578154e-05,2.047605373181346586e-04,7.050728857796268942e-04,0.000000000000000000e+00,0.000000000000000000e+00,0.000000000000000000e+00,1.503632624258460868e-03,0.000000000000000000e+00,3.382521188060103718e-04,0.000000000000000000e+00,1.838518720712751229e-04,1.521598089943768236e-04,9.359541538117283456e-04,1.814490908498277892e-03,2.694341315782423051e-03,3.243963863096361189e-03,3.533457322969124799e-03,3.567767698403390142e-03,3.343149789962739874e-03,2.888856983885917159e-03,2.267526686055899767e-03,1.568772402830168923e-03,8.957132974830202266e-04
1.374593693319059978e-07,3.951253025774340510e-04,9.213559656150047345e-04,1.697169248660404821e-04,0.000000000000000000e+00,4.354875180222586470e-05,4.656903169232688190e-04,8.313658844934685181e-04,1.049114839300043390e-03,1.059945216286636892e-03,8.469839019599067651e-04,4.336118326555942469e-04,0.000000000000000000e+00,0.000000000000000000e+00,0.000000000000000000e+00,0.000000000000000000e+00,0.000000000000000000e+00,0.000000000000000000e+00,0.000000000000000000e+00,0.000000000000000000e+00,0.000000000000000000e+00,0.000000000000000000e+00,0.000000000000000000e+00,0.000000000000000000e+00,0.000000000000000000e+00,0.000000000000000000e+00,0.000000000000000000e+00,0.000000000000000000e+00,0.000000000000000000e+00,0.000000000000000000e+00,0.000000000000000000e+00,0.000000000000000000e+00,0.000000000000000000e+00,3.508866874841022675e-04,7.886719149343905232e-04,1.055896894398643867e-03,1.086760500633451127e-03,8.550566895053226093e-04,3.894348571154539955e-04,0.000000000000000000e+00,0.000000000000000000e+00,0.000000000000000000e+00,0.000000000000000000e+00,0.000000000000000000e+00,0.000000000000000000e+00,0.000000000000000000e+00,3.495811131875199707e-04,1.334041352488880101e-03,2.298651776279878999e-03,3.146365525464025949e-03,3.808627557804242225e-03,0.000000000000000000e+00,0.000000000000000000e+00,0.000000000000000000e+00,0.000000000000000000e+00,0.000000000000000000e+00,0.000000000000000000e+00,0.000000000000000000e+00,0.000000000000000000e+00,0.000000000000000000e+00,0.000000000000000000e+00,0.000000000000000000e+00,0.000000000000000000e+00,0.000000000000000000e+00,0.000000000000000000e+00,0.000000000000000000e+00,0.000000000000000000e+00,0.000000000000000000e+00,0.000000000000000000e+00,0.000000000000000000e+00,0.000000000000000000e+00,0.000000000000000000e+00,0.000000000000000000e+00,0.000000000000000000e+00,0.000000000000000000e+00,0.000000000000000000e+00,0.000000000000000000e+00,0.000000000000000000e+00,0.000000000000000000e+00,0.000000000000000000e+00,0.000000000000000000e+00,0.000000000000000000e+00,0.000000000000000000e+00,0.000000000000000000e+00,0.000000000000000000e+00,6.597815508919383128e-04,2.178021051556109679e-03,0.000000000000000000e+00,0.000000000000000000e+00,0.000000000000000000e+00,0.000000000000000000e+00,0.000000000000000000e+00,0.000000000000000000e+00,0.000000000000000000e+00,1.510026902492287316e-03,1.623110641407295857e-03,0.000000000000000000e+00,4.250284766316609350e-04,1.223977406197110243e-03,1.951661336374348665e-03,2.619373862861688277e-03,3.246160182545715193e-03,3.859797500713573349e-03,4.495226750283568516e-03,0.000000000000000000e+00,0.000000000000000000e+00,0.000000000000000000e+00,0.000000000000000000e+00,0.000000000000000000e+00,0.000000000000000000e+00,0.000000000000000000e+00,0.000000000000000000e+00,0.000000000000000000e+00,0.000000000000000000e+00,0.000000000000000000e+00,0.000000000000000000e+00,0.000000000000000000e+00,0.000000000000000000e+00,6.259891981168069222e-05,1.305695056320403365e-03,2.178032892881742386e-03,2.706034194599116292e-03,2.968772199925469139e-03,3.069568980376516463e-03,0.000000000000000000e+00,0.000000000000000000e+00,0.000000000000000000e+00,3.505956200764313770e-04,7.688412413158875539e-04,1.146118732019741054e-03,2.401046725915769332e-03,0.000000000000000000e+00,0.000000000000000000e+00,0.000000000000000000e+00,0.000000000000000000e+00,0.000000000000000000e+00,1.805534208796807506e-07,5.691125308779122500e-04,9.727648789090388498e-04,1.206024243457764133e-03,1.291320373480696121e-03,1.272825345881963043e-03,1.293271107833093500e-03,1.626382053666357817e-03,1.698287312427187133e-03,1.481539698297399538e-03,1.407654536865842083e-03,1.691260230893270201e-03,2.066785615611411477e-03,2.515863347786567467e-03,3.012326048392763821e-03,6.035471419131951953e-03,0.000000000000000000e+00,0.000000000000000000e+00,0.000000000000000000e+00,0.000000000000000000e+00,0.000000000000000000e+00,0.000000000000000000e+00,0.000000000000000000e+00,0.000000000000000000e+00,0.000000000000000000e+00,6.410431116022609289e-05,1.060072897194352026e-03,1.787667133514955981e-03,5.055901684649675293e-03,0.000000000000000000e+00,0.000000000000000000e+00,0.000000000000000000e+00,7.284834945458192653e-04,6.794932335962743574e-04,1.194469525644855637e-03,0.000000000000000000e+00,0.000000000000000000e+00,0.000000000000000000e+00,0.000000000000000000e+00,0.000000000000000000e+00,0.000000000000000000e+00,0.000000000000000000e+00,0.000000000000000000e+00,0.000000000000000000e+00,0.000000000000000000e+00,0.000000000000000000e+00,0.000000000000000000e+00,0.000000000000000000e+00,0.000000000000000000e+00,0.000000000000000000e+00,0.000000000000000000e+00,0.000000000000000000e+00,0.000000000000000000e+00,0.000000000000000000e+00,0.000000000000000000e+00,0.000000000000000000e+00,0.000000000000000000e+00,3.789117627324004099e-04,8.907708549417562086e-04,1.453270914212777742e-03,2.033006154250619618e-03,2.578194451114710489e-03,3.030437882262685626e-03,0.000000000000000000e+00,0.000000000000000000e+00,0.000000000000000000e+00,0.000000000000000000e+00,0.000000000000000000e+00,0.000000000000000000e+00,0.000000000000000000e+00,0.000000000000000000e+00,0.000000000000000000e+00,0.000000000000000000e+00,0.000000000000000000e+00,0.000000000000000000e+00,0.000000000000000000e+00,0.000000000000000000e+00,0.000000000000000000e+00,0.000000000000000000e+00,0.000000000000000000e+00,0.000000000000000000e+00,0.000000000000000000e+00,0.000000000000000000e+00,0.000000000000000000e+00,0.000000000000000000e+00,0.000000000000000000e+00,0.000000000000000000e+00,0.000000000000000000e+00,0.000000000000000000e+00,7.108260332005860663e-05,8.826713765683164795e-04,6.525930271011568215e-07,0.000000000000000000e+00,3.403052675672312856e-04,0.000000000000000000e+00,0.000000000000000000e+00,0.000000000000000000e+00,0.000000000000000000e+00,2.220198745838159620e-04,1.610348649809834358e-04,0.000000000000000000e+00,0.000000000000000000e+00,0.000000000000000000e+00,0.000000000000000000e+00,0.000000000000000000e+00,3.610903830434935170e-03,0.000000000000000000e+00,3.537387900757768089e-04,0.000000000000000000e+00,0.000000000000000000e+00,1.203282378537357347e-04,0.000000000000000000e+00,0.000000000000000000e+00,0.000000000000000000e+00,0.000000000000000000e+00,0.000000000000000000e+00,0.000000000000000000e+00,2.693766594608234827e-03,2.435374592949571520e-03,0.000000000000000000e+00,0.000000000000000000e+00,0.000000000000000000e+00,0.000000000000000000e+00,0.000000000000000000e+00,0.000000000000000000e+00,2.684211121688617882e-04,6.163646750581560719e-04,9.562817885713579668e-04,1.250039044059404660e-03,1.442800113701457913e-03,1.477386553992234919e-03,1.311630788448050599e-03,9.329320182085682573e-04,3.654297563006256018e-04,5.848411180946605763e-04,8.246603741892971238e-04,7.977234767977948960e-04,5.537882639815686374e-04,1.806812580831157510e-04,0.000000000000000000e+00,0.000000000000000000e+00,0.000000000000000000e+00,0.000000000000000000e+00,0.000000000000000000e+00,0.000000000000000000e+00,6.625955259132225656e-04,1.401484650923416012e-03,2.011972744235669946e-03,2.441366056755149561e-03,2.647384649063764563e-03,2.601024316060266024e-03,2.291120582091775177e-03,1.729868730915663138e-03,9.574068546540462658e-04,4.300850968895988014e-05,1.458429282273429747e-04,5.359395761853633436e-04,6.215769419015479543e-04,3.706476894234393346e-04,0.000000000000000000e+00,0.000000000000000000e+00,0.000000000000000000e+00,0.000000000000000000e+00,0.000000000000000000e+00,0.000000000000000000e+00,0.000000000000000000e+00,0.000000000000000000e+00,0.000000000000000000e+00,0.000000000000000000e+00,0.000000000000000000e+00,0.000000000000000000e+00,0.000000000000000000e+00,0.000000000000000000e+00,0.000000000000000000e+00,0.000000000000000000e+00,0.000000000000000000e+00,0.000000000000000000e+00,0.000000000000000000e+00,0.000000000000000000e+00,1.493514111052126573e-04,8.074138272805601261e-04,1.320240476912449721e-03,1.715881152502291658e-03,2.023721368483859338e-03,2.267135042334352587e-03,2.461280675908682040e-03,2.614465512210588892e-03,2.730071628222232628e-03,2.806695789218657984e-03,2.836355266807875312e-03,2.802961732406604629e-03,2.684262376521375469e-03,2.459315063996571609e-03,2.120662298256504284e-03,1.687046108355107210e-03,1.210582568734512587e-03,1.244760501690616705e-03,1.026256328969425832e-03,1.344605406311578802e-03,1.871421044784299598e-03,0.000000000000000000e+00,0.000000000000000000e+00,0.000000000000000000e+00,4.741325110256310927e-04,9.250801635095507337e-04,1.197594749855776606e-03,1.279191412008531510e-03,1.203638354753796798e-03,1.033097443410997771e-03,8.353164627271288676e-04,6.644249678855601582e-04,5.515085710366280638e-04,5.066409590870369359e-04,5.294259463034521910e-04,6.220901237029104929e-04,1.426222962206355168e-03,0.000000000000000000e+00,0.000000000000000000e+00,0.000000000000000000e+00,0.000000000000000000e+00,0.000000000000000000e+00,0.000000000000000000e+00,0.000000000000000000e+00,0.000000000000000000e+00,0.000000000000000000e+00,0.000000000000000000e+00,0.000000000000000000e+00,0.000000000000000000e+00,0.000000000000000000e+00,0.000000000000000000e+00,7.633079802409372912e-05,1.072988720582468457e-03,1.874587764665973377e-03,5.544327219195616455e-03,0.000000000000000000e+00,0.000000000000000000e+00,0.000000000000000000e+00,0.000000000000000000e+00,0.000000000000000000e+00,0.000000000000000000e+00,0.000000000000000000e+00,0.000000000000000000e+00,0.000000000000000000e+00,0.000000000000000000e+00,0.000000000000000000e+00,0.000000000000000000e+00,0.000000000000000000e+00,0.000000000000000000e+00,0.000000000000000000e+00,0.000000000000000000e+00,0.000000000000000000e+00,0.000000000000000000e+00,0.000000000000000000e+00,0.000000000000000000e+00,0.000000000000000000e+00,0.000000000000000000e+00,0.000000000000000000e+00,0.000000000000000000e+00,0.000000000000000000e+00,0.000000000000000000e+00,0.000000000000000000e+00,0.000000000000000000e+00,0.000000000000000000e+00,0.000000000000000000e+00
7.946933937886445084e-08,0.000000000000000000e+00,0.000000000000000000e+00,0.000000000000000000e+00,0.000000000000000000e+00,0.000000000000000000e+00,0.000000000000000000e+00,5.175250706713695160e-05,6.921643129784362403e-04,1.436715742929465861e-03,2.161105629593411230e-03,2.732168585499530900e-03,0.000000000000000000e+00,0.000000000000000000e+00,0.000000000000000000e+00,0.000000000000000000e+00,3.542790290780470862e-04,5.422357462965456815e-03,0.000000000000000000e+00,0.000000000000000000e+00,0.000000000000000000e+00,4.325767039054208627e-05,5.994989273647817127e-04,1.190992874847768756e-03,1.749323934543399591e-03,2.200789759921908256e-03,2.484565725245385225e-03,2.566949485274569454e-03,2.448109561390908115e-03,2.160929065555557312e-03,1.763604737715698204e-03,1.328252662628424171e-03,9.274572165588131122e-04,0.000000000000000000e+00,3.702284563070302537e-04,1.096052125236264422e-03,0.000000000000000000e+00,0.000000000000000000e+00,0.000000000000000000e+00,0.000000000000000000e+00,0.000000000000000000e+00,0.000000000000000000e+00,0.000000000000000000e+00,0.000000000000000000e+00,0.000000000000000000e+00,0.000000000000000000e+00,0.000000000000000000e+00,0.000000000000000000e+00,0.000000000000000000e+00,0.000000000000000000e+00,0.000000000000000000e+00,0.000000000000000000e+00,0.000000000000000000e+00,0.000000000000000000e+00,0.000000000000000000e+00,0.000000000000000000e+00,2.761261040327710778e-04,0.000000000000000000e+00,0.000000000000000000e+00,0.000000000000000000e+00,0.000000000000000000e+00,0.000000000000000000e+00,0.000000000000000000e+00,0.000000000000000000e+00,0.000000000000000000e+00,0.000000000000000000e+00,0.000000000000000000e+00,0.000000000000000000e+00,0.000000000000000000e+00,6.296405344577494286e-04,1.023714003564277567e-03,1.084711663842916974e-03,8.484192023150112028e-04,3.912771138226258457e-04,0.000000000000000000e+00,0.000000000000000000e+00,0.000000000000000000e+00,0.000000000000000000e+00,0.000000000000000000e+00,0.000000000000000000e+00,0.000000000000000000e+00,3.153018286212377013e-05,0.000000000000000000e+00,0.000000000000000000e+00,0.000000000000000000e+00,0.000000000000000000e+00,0.000000000000000000e+00,0.000000000000000000e+00,0.000000000000000000e+00,0.000000000000000000e+00,0.000000000000000000e+00,0.000000000000000000e+00,0.000000000000000000e+00,0.000000000000000000e+00,1.670999729470153876e-04,4.691295054952385906e-04,1.563727555855897117e-03,2.612810217946023774e-03,3.473414279969930674e-03,4.009581281168460819e-03,4.127847517912314190e-03,3.803170828385820258e-03,3.086861427148172507e-03,2.094416511988092967e-03,1.292517241424880493e-03,2.137174363210420439e-03,2.922189619378313345e-03,0.000000000000000000e+00,0.000000000000000000e+00,0.000000000000000000e+00,0.000000000000000000e+00,0.000000000000000000e+00,0.000000000000000000e+00,0.000000000000000000e+00,0.000000000000000000e+00,0.000000000000000000e+00,0.000000000000000000e+00,0.000000000000000000e+00,4.264437656849394799e-04,6.829659216441785145e-04,7.051034712394351704e-04,4.886358478469673972e-04,6.462771941433875973e-05,0.000000000000000000e+00,0.000000000000000000e+00,0.000000000000000000e+00,0.000000000000000000e+00,0.000000000000000000e+00,0.000000000000000000e+00,0.000000000000000000e+00,0.000000000000000000e+00,0.000000000000000000e+00,1.866826405846108055e-03,5.864764402763678053e-03,4.490509384797254557e-04,8.800031896420998454e-04,1.768383633436294410e-03,2.041901593860630422e-03,2.226784584812964863e-03,2.158890103097325496e-03,1.855931678609520690e-03,0.000000000000000000e+00,0.000000000000000000e+00,6.201792896635609318e-04,1.132071871346927456e-03,1.215809287084265852e-03,1.154688311586004245e-03,0.000000000000000000e+00,0.000000000000000000e+00,0.000000000000000000e+00,0.000000000000000000e+00,0.000000000000000000e+00,0.000000000000000000e+00,0.000000000000000000e+00,0.000000000000000000e+00,0.000000000000000000e+00,0.000000000000000000e+00,0.000000000000000000e+00,1.182095940095057984e-03,0.000000000000000000e+00,0.000000000000000000e+00,6.003167187908158660e-04,1.070269562677338745e-03,1.323269000052965409e-03,0.000000000000000000e+00,0.000000000000000000e+00,0.000000000000000000e+00,0.000000000000000000e+00,0.000000000000000000e+00,0.000000000000000000e+00,0.000000000000000000e+00,0.000000000000000000e+00,0.000000000000000000e+00,0.000000000000000000e+00,0.000000000000000000e+00,2.454322556553857355e-03,0.000000000000000000e+00,0.000000000000000000e+00,0.000000000000000000e+00,0.000000000000000000e+00,0.000000000000000000e+00,0.000000000000000000e+00,0.000000000000000000e+00,0.000000000000000000e+00,0.000000000000000000e+00,0.000000000000000000e+00,0.000000000000000000e+00,0.000000000000000000e+00,0.000000000000000000e+00,0.000000000000000000e+00,0.000000000000000000e+00,0.000000000000000000e+00,0.000000000000000000e+00,0.000000000000000000e+00,3.459767152785412671e-04,1.235807119940155472e-03,1.960514915238503481e-03,2.424293835807274193e-03,2.595300991584294746e-03,0.000000000000000000e+00,0.000000000000000000e+00,2.995139536049241415e-04,0.000000000000000000e+00,0.000000000000000000e+00,0.000000000000000000e+00,0.000000000000000000e+00,0.000000000000000000e+00,0.000000000000000000e+00,5.534645881062880562e-06,2.959642827001943637e-05,3.302436008459620846e-05,1.651209463057584694e-05,0.000000000000000000e+00,0.000000000000000000e+00,0.000000000000000000e+00,3.145769590418996328e-03,1.676885185947320220e-05,1.068065370244112482e-03,1.953683237833190971e-03,2.589939578590714706e-03,2.953605084708763647e-03,3.083601227352745621e-03,3.065412225904584967e-03,3.004060609630996529e-03,2.994328422702286895e-03,3.096737751468082219e-03,3.325145465653369433e-03,3.647796567152650389e-03,3.999738049479514314e-03,4.301710884129525056e-03,4.479648797272760968e-03,4.479795299559934975e-03,4.276690546290221918e-03,3.873970147061517929e-03,3.300025333155764962e-03,2.601358192890915275e-03,1.835681415896202491e-03,1.715681088965553608e-03,2.428333642865411045e-03,2.904132782912220538e-03,3.080798744369379980e-03,2.924859792417763490e-03,2.432221602244941452e-03,1.626157924575678208e-03,5.538843358746856332e-04,0.000000000000000000e+00,0.000000000000000000e+00,0.000000000000000000e+00,0.000000000000000000e+00,0.000000000000000000e+00,0.000000000000000000e+00,0.000000000000000000e+00,0.000000000000000000e+00,0.000000000000000000e+00,0.000000000000000000e+00,9.669101779016265328e-05,2.840643923972839329e-04,4.753079505244168883e-04,6.690039896867955608e-04,8.635403835140187086e-04,1.699797619265235298e-03,2.884537783533421690e-03,3.854184823913007780e-03,4.500263113153493526e-03,4.756979950058103090e-03,4.619481113329308546e-03,4.148640909659271833e-03,3.459521854794565549e-03,0.000000000000000000e+00,4.121432805557725303e-04,1.014675507393873700e-03,1.383177602546348077e-03,1.530239634190644956e-03,1.513546795392207989e-03,1.409531920267179193e-03,1.284231061594949888e-03,1.170894181747396011e-03,1.061054319435221190e-03,9.108951622292373127e-04,6.596832389585968260e-04,2.535110800081578062e-04,0.000000000000000000e+00,0.000000000000000000e+00,0.000000000000000000e+00,0.000000000000000000e+00,0.000000000000000000e+00,0.000000000000000000e+00,0.000000000000000000e+00,0.000000000000000000e+00,0.000000000000000000e+00,0.000000000000000000e+00,0.000000000000000000e+00,0.000000000000000000e+00,0.000000000000000000e+00,1.090959254053611551e-03,5.042863161124854204e-04,1.338545911872621695e-03,2.570246423783103650e-03,3.871700503328085862e-03,5.165985072561071409e-03,6.380228770770186332e-03,7.451825239173673517e-03,7.911420571330268423e-03,8.632589511580345334e-03,9.105107151537263077e-03,9.312726043689075264e-03,9.255149818264299041e-03,8.950800913321052543e-03,8.436966452689672810e-03,7.766047472761332567e-03,6.998575936585080259e-03,6.195271454980885023e-03,5.410656752194675269e-03,4.689429066859380178e-03,4.064892174064960000e-03,3.557584028064158122e-03,3.172741659235620276e-03,2.897127072401208935e-03,2.697752310127813930e-03,2.525613162541238185e-03,2.325912783478102566e-03,2.053043792884823391e-03,1.685544220875441392e-03,1.235183502433592501e-03,8.736233910026642950e-04,8.183549528633587240e-04,7.495290892174533842e-04,6.674153659827018054e-04,5.723926802174706925e-04,5.131391236634548231e-04,0.000000000000000000e+00,0.000000000000000000e+00,0.000000000000000000e+00,0.000000000000000000e+00,0.000000000000000000e+00,0.000000000000000000e+00,0.000000000000000000e+00,0.000000000000000000e+00,0.000000000000000000e+00,0.000000000000000000e+00,0.000000000000000000e+00,0.000000000000000000e+00,5.970864758034999343e-04,2.023809956875417555e-03,3.183002391656487504e-03,4.084288415253032635e-03,4.779083650845956065e-03,5.339017773835633314e-03,5.830483231576015328e-03,6.293386383017252235e-03,0.000000000000000000e+00,0.000000000000000000e+00,0.000000000000000000e+00,0.000000000000000000e+00,0.000000000000000000e+00,0.000000000000000000e+00,0.000000000000000000e+00,0.000000000000000000e+00,0.000000000000000000e+00,0.000000000000000000e+00,7.731923314740152481e-04,2.158739039876602685e-03,0.000000000000000000e+00,0.000000000000000000e+00,0.000000000000000000e+00,0.000000000000000000e+00,0.000000000000000000e+00,0.000000000000000000e+00,0.000000000000000000e+00,7.982233313165207995e-04,1.930567111218975439e-03,3.063775468923773428e-03,4.155138142481261225e-03,5.819972380712535795e-03,6.132975061816160409e-03,6.998631626050797958e-03,0.000000000000000000e+00,0.000000000000000000e+00,0.000000000000000000e+00,0.000000000000000000e+00,0.000000000000000000e+00,0.000000000000000000e+00,0.000000000000000000e+00,0.000000000000000000e+00,0.000000000000000000e+00,0.000000000000000000e+00,0.000000000000000000e+00,0.000000000000000000e+00,0.000000000000000000e+00,0.000000000000000000e+00,0.000000000000000000e+00,0.000000000000000000e+00,0.000000000000000000e+00,0.000000000000000000e+00,0.000000000000000000e+00,0.000000000000000000e+00,0.000000000000000000e+00,0.000000000000000000e+00,0.000000000000000000e+00,0.000000000000000000e+00
1.054019712872809588e-07,0.000000000000000000e+00,0.000000000000000000e+00,0.000000000000000000e+00,0.000000000000000000e+00,0.000000000000000000e+00,0.000000000000000000e+00,0.000000000000000000e+00,0.000000000000000000e+00,0.000000000000000000e+00,0.000000000000000000e+00,7.665124855327910651e-04,2.042333217119341078e-03,3.033401856378887314e-03,3.669252462934849759e-03,3.941296554071866895e-03,3.898744170213719849e-03,3.631822100168591565e-03,3.245216315634989919e-03,2.828066893294040474e-03,2.429126731999099991e-03,2.045113409369991343e-03,1.626414738813278422e-03,0.000000000000000000e+00,8.309595728720072481e-04,4.384453911851954365e-04,0.000000000000000000e+00,0.000000000000000000e+00,0.000000000000000000e+00,5.065933586414475467e-04,1.621643035882988290e-03,2.762751159596864292e-03,3.805081077975023228e-03,4.647514433253870439e-03,5.229098972953342625e-03,5.537752080117793428e-03,5.093823027605103894e-03,4.955948001334689254e-03,4.752862501824561131e-03,4.571789556085766558e-03,4.476731762559687557e-03,4.495362291784103966e-03,4.615468875086285727e-03,4.791539678425357600e-03,4.959532966515566368e-03,5.055749605762332663e-03,5.034615583915472495e-03,4.880497141121231154e-03,4.610417588647396786e-03,4.267296033261528364e-03,3.906142726777491522e-03,3.577661684796916864e-03,3.314258587760359528e-03,3.122498867929069354e-03,2.983964906972195238e-03,2.863878590565350785e-03,0.000000000000000000e+00,0.000000000000000000e+00,2.164129705293702769e-04,1.476789187901053927e-03,2.584986157605168554e-03,3.383460065043910822e-03,3.768801067849528088e-03,3.710499263489813217e-03,3.252544365517853839e-03,0.000000000000000000e+00,0.000000000000000000e+00,2.064895995215701050e-04,0.000000000000000000e+00,0.000000000000000000e+00,0.000000000000000000e+00,0.000000000000000000e+00,0.000000000000000000e+00,0.000000000000000000e+00,0.000000000000000000e+00,0.000000000000000000e+00,0.000000000000000000e+00,0.000000000000000000e+00,0.000000000000000000e+00,0.000000000000000000e+00,0.000000000000000000e+00,0.000000000000000000e+00,0.000000000000000000e+00,0.000000000000000000e+00,2.400153028633975267e-04,8.429810292321214147e-04,1.335653670750894077e-03,1.659719691986062239e-03,1.786797984668811673e-03,1.721183159978316880e-03,1.495966695058357923e-03,1.164172935317284120e-03,7.874170832725033674e-04,4.247457338599560121e-04,1.237915760054189747e-04,7.801492355402549106e-06,1.344897947338008287e-04,1.564032640109880388e-04,6.580217650697904055e-05,0.000000000000000000e+00,1.142518953219546238e-04,1.971818026042301689e-04,2.040438569835411491e-04,1.047681188996371355e-04,0.000000000000000000e+00,0.000000000000000000e+00,0.000000000000000000e+00,6.161007750373292502e-05,1.353848069064783513e-04,1.943352922197625092e-04,2.379254440407302341e-04,2.658265413536489599e-04,2.779488510253801874e-04,2.744654120154163004e-04,2.558379283113245903e-04,2.228303809201278576e-04,1.765190172477609537e-04,1.182928562218757337e-04,4.984131095204284793e-05,0.000000000000000000e+00,0.000000000000000000e+00,0.000000000000000000e+00,0.000000000000000000e+00,0.000000000000000000e+00,0.000000000000000000e+00,0.000000000000000000e+00,0.000000000000000000e+00,5.442137356550501032e-04,1.193670238095194359e-03,1.709646686964159164e-03,2.022738659222033785e-03,2.093292223285978318e-03,1.921283255401243098e-03,1.546341657894000901e-03,3.265897309295657473e-03,0.000000000000000000e+00,5.400805579003969611e-04,1.943186696309374484e-03,2.751148606512643629e-03,3.367332051932604708e-03,3.537211455802104568e-03,3.344051439841891436e-03,0.000000000000000000e+00,0.000000000000000000e+00,0.000000000000000000e+00,0.000000000000000000e+00,0.000000000000000000e+00,1.311245322520252204e-03,0.000000000000000000e+00,0.000000000000000000e+00,0.000000000000000000e+00,0.000000000000000000e+00,0.000000000000000000e+00,0.000000000000000000e+00,0.000000000000000000e+00,2.838145609458824804e-04,0.000000000000000000e+00,1.243114144383992308e-04,0.000000000000000000e+00,0.000000000000000000e+00,0.000000000000000000e+00,1.373699242728666304e-03,3.928864713680695823e-04,6.152061647093342569e-04,8.609756523121204867e-04,1.104757324463901324e-03,1.343332057865223930e-03,2.598128281116393080e-03,0.000000000000000000e+00,0.000000000000000000e+00,0.000000000000000000e+00,0.000000000000000000e+00,0.000000000000000000e+00,0.000000000000000000e+00,0.000000000000000000e+00,0.000000000000000000e+00,0.000000000000000000e+00,0.000000000000000000e+00,0.000000000000000000e+00,0.000000000000000000e+00,0.000000000000000000e+00,0.000000000000000000e+00,0.000000000000000000e+00,0.000000000000000000e+00,0.000000000000000000e+00,1.110330750463290770e-03,2.419521374349298086e-03,3.446642271162228283e-03,4.193086466790364557e-03,4.692586394890467874e-03,5.000706502116022099e-03,5.183630344090830316e-03,5.306802804078736974e-03,5.424344228663952570e-03,5.570707688539427993e-03,5.756085980989851178e-03,5.966306635953389989e-03,6.166857305282096025e-03,6.309899788322001317e-03,6.343075413490600369e-03,6.219338934794354373e-03,5.907269540948880023e-03,5.400812727945908907e-03,4.726360061855942006e-03,1.819721722600719767e-03,9.585366028336383265e-04,2.245838180203191400e-04,0.000000000000000000e+00,0.000000000000000000e+00,0.000000000000000000e+00,9.949132220674456156e-05,6.943573113681239311e-04,1.412939477185323148e-03,2.202839263602937494e-03,3.033681351898663732e-03,3.890870247496458923e-03,4.764696470232846273e-03,5.640964353844519705e-03,6.496410608215919674e-03,7.298507583775521064e-03,8.007055056138459234e-03,8.575369126067404132e-03,0.000000000000000000e+00,0.000000000000000000e+00,0.000000000000000000e+00,0.000000000000000000e+00,0.000000000000000000e+00,0.000000000000000000e+00,0.000000000000000000e+00,0.000000000000000000e+00,0.000000000000000000e+00,0.000000000000000000e+00,3.692922332215356853e-04,1.043625247158994724e-03,1.394991982513887896e-03,1.498000780659226915e-03,1.465780615110054332e-03,1.422257228143581189e-03,1.810767560353095324e-03,0.000000000000000000e+00,0.000000000000000000e+00,5.639444793362105145e-04,4.373373431791352192e-04,4.475237878443653937e-04,5.365298389024080426e-04,6.345243457065729859e-04,6.741419075410964813e-04,6.040076097867009977e-04,3.992577613368460815e-03,5.783339259448902952e-05,0.000000000000000000e+00,0.000000000000000000e+00,0.000000000000000000e+00,0.000000000000000000e+00,0.000000000000000000e+00,0.000000000000000000e+00,0.000000000000000000e+00,0.000000000000000000e+00,0.000000000000000000e+00,0.000000000000000000e+00,0.000000000000000000e+00,1.210173926473926781e-04,1.201973180292151711e-03,2.380508790906424917e-03,3.563386497999423801e-03,4.627114109475008799e-03,5.433241566271397940e-03,5.852876556562020341e-03,5.794177576699661297e-03,5.225172291828285645e-03,4.185664655513684530e-03,2.785294685388429829e-03,1.188429058808123480e-03,0.000000000000000000e+00,0.000000000000000000e+00,0.000000000000000000e+00,0.000000000000000000e+00,0.000000000000000000e+00,0.000000000000000000e+00,0.000000000000000000e+00,0.000000000000000000e+00,0.000000000000000000e+00,1.109769788383041609e-03,2.040682122849932310e-03,2.691001759057933419e-03,3.011177227607241946e-03,2.991266333820309740e-03,2.653483162485829796e-03,2.044306621681916524e-03,1.228645727489370391e-03,2.863559080240078367e-04,0.000000000000000000e+00,0.000000000000000000e+00,0.000000000000000000e+00,0.000000000000000000e+00,0.000000000000000000e+00,0.000000000000000000e+00,0.000000000000000000e+00,0.000000000000000000e+00,6.988489264432032651e-06,8.914499852149602825e-04,2.263069925039187108e-03,3.650535304682150060e-03,4.981827254796830640e-03,6.194916173460237457e-03,7.236826094406715974e-03,8.061515473325229705e-03,8.628883249183686224e-03,8.906880860182172718e-03,8.877187992087351431e-03,8.542635731461020038e-03,7.932738576092187785e-03,7.103496806482950676e-03,6.129580074575352762e-03,0.000000000000000000e+00,0.000000000000000000e+00,0.000000000000000000e+00,0.000000000000000000e+00,0.000000000000000000e+00,0.000000000000000000e+00,2.186344971673517476e-03,1.867507092263663961e-03,0.000000000000000000e+00,5.296631987818654127e-04,1.089065214173712140e-03,1.388062309489800994e-03,1.412019764817115490e-03,4.201390819833982111e-03,7.207476289817195620e-04,1.166458551104598634e-04,0.000000000000000000e+00,0.000000000000000000e+00,9.563874841612328643e-05,7.404931289262487457e-04,1.205618135038809876e-03,1.448086709854634613e-03,1.454752134128626737e-03,1.238572797692437995e-03,8.327786841622573932e-04,1.459592174371051893e-03,2.178814648846062220e-03,2.599689573506246045e-03,2.643524602683536284e-03,2.296873283705974135e-03,1.614814914693481120e-03,7.094815249764739465e-04,0.000000000000000000e+00,0.000000000000000000e+00,1.895774233312471149e-03,5.845867835335244152e-04,0.000000000000000000e+00,1.528139260750772889e-04,2.677220216449409623e-04,4.537455542253097701e-04,4.043525775004336303e-05,0.000000000000000000e+00,1.388720003755346049e-03,9.389226070098993966e-04,3.285660873160458576e-04,0.000000000000000000e+00,0.000000000000000000e+00,2.927748898858172338e-03,9.284968016471514471e-04,1.672638960593489247e-03,2.309384895443772779e-03,3.181317449766905923e-03,0.000000000000000000e+00,0.000000000000000000e+00,0.000000000000000000e+00,0.000000000000000000e+00,0.000000000000000000e+00,0.000000000000000000e+00,0.000000000000000000e+00,0.000000000000000000e+00,0.000000000000000000e+00,0.000000000000000000e+00,0.000000000000000000e+00,0.000000000000000000e+00,0.000000000000000000e+00,0.000000000000000000e+00,0.000000000000000000e+00,0.000000000000000000e+00,3.084893439786066732e-04,1.462324229424031077e-03,2.330431746293543452e-03,2.785639537600827480e-03,2.748239822202601552e-03,2.201347512144734807e-03,1.195556751914181705e-03,0.000000000000000000e+00,0.000000000000000000e+00,0.000000000000000000e+00,0.000000000000000000e+00,0.000000000000000000e+00,0.000000000000000000e+00,0.000000000000000000e+00,0.000000000000000000e+00,0.000000000000000000e+00,0.000000000000000000e+00,0.000000000000000000e+00
0.000000000000000000e+00,0.000000000000000000e+00,0.000000000000000000e+00,0.000000000000000000e+00,0.000000000000000000e+00,0.000000000000000000e+00,0.000000000000000000e+00,0.000000000000000000e+00,0.000000000000000000e+00,0.000000000000000000e+00,0.000000000000000000e+00,0.000000000000000000e+00,0.000000000000000000e+00,0.000000000000000000e+00,0.000000000000000000e+00,0.000000000000000000e+00,0.000000000000000000e+00,0.000000000000000000e+00,0.000000000000000000e+00,0.000000000000000000e+00,0.000000000000000000e+00,0.000000000000000000e+00,0.000000000000000000e+00,0.000000000000000000e+00,0.000000000000000000e+00,0.000000000000000000e+00,0.000000000000000000e+00,0.000000000000000000e+00,0.000000000000000000e+00,0.000000000000000000e+00,0.000000000000000000e+00,0.000000000000000000e+00,0.000000000000000000e+00,0.000000000000000000e+00,0.000000000000000000e+00,0.000000000000000000e+00,0.000000000000000000e+00,0.000000000000000000e+00,0.000000000000000000e+00,7.645470146895137244e-03,0.000000000000000000e+00,0.000000000000000000e+00,0.000000000000000000e+00,0.000000000000000000e+00,0.000000000000000000e+00,0.000000000000000000e+00,0.000000000000000000e+00,0.000000000000000000e+00,0.000000000000000000e+00,0.000000000000000000e+00,0.000000000000000000e+00,0.000000000000000000e+00,0.000000000000000000e+00,0.000000000000000000e+00,0.000000000000000000e+00,0.000000000000000000e+00,0.000000000000000000e+00,0.000000000000000000e+00,0.000000000000000000e+00,0.000000000000000000e+00,0.000000000000000000e+00,0.000000000000000000e+00,0.000000000000000000e+00,0.000000000000000000e+00,0.000000000000000000e+00,0.000000000000000000e+00,0.000000000000000000e+00,0.000000000000000000e+00,0.000000000000000000e+00,0.000000000000000000e+00,0.000000000000000000e+00,0.000000000000000000e+00,1.945488973237559436e-04,5.619106630547968237e-04,1.829827896454345017e-03,2.995478344077146752e-03,4.019503041156302983e-03,4.879811200313090291e-03,0.000000000000000000e+00,0.000000000000000000e+00,0.000000000000000000e+00,0.000000000000000000e+00,0.000000000000000000e+00,0.000000000000000000e+00,0.000000000000000000e+00,0.000000000000000000e+00,0.000000000000000000e+00,0.000000000000000000e+00,2.132329188897653786e-04,0.000000000000000000e+00,0.000000000000000000e+00,0.000000000000000000e+00,0.000000000000000000e+00,0.000000000000000000e+00,6.492317361150906543e-04,0.000000000000000000e+00,0.000000000000000000e+00,0.000000000000000000e+00,0.000000000000000000e+00,4.224107353082019733e-03,0.000000000000000000e+00,4.679017899137195846e-03,0.000000000000000000e+00,0.000000000000000000e+00,0.000000000000000000e+00,0.000000000000000000e+00,0.000000000000000000e+00,0.000000000000000000e+00,1.539715170770522979e-04,1.873110792723890641e-04,4.749768165800783364e-05,0.000000000000000000e+00,0.000000000000000000e+00,0.000000000000000000e+00,0.000000000000000000e+00,0.000000000000000000e+00,0.000000000000000000e+00,0.000000000000000000e+00,0.000000000000000000e+00,0.000000000000000000e+00,0.000000000000000000e+00,0.000000000000000000e+00,0.000000000000000000e+00,8.017557768554692461e-05,5.176440909614719085e-04,8.895093295016910390e-04,1.147451211995399387e-03,1.275316083718309708e-03,1.292284651817068300e-03,1.244118284934928086e-03,1.187032902883523129e-03,1.170824055758896845e-03,1.226559946080434376e-03,1.360755246672334853e-03,1.554869312477406102e-03,1.767840979068915257e-03,1.940309591981055843e-03,2.000901569460529755e-03,1.875797149380317155e-03,1.501909748950394814e-03,8.417791597720799711e-04,0.000000000000000000e+00,1.147453686470458053e-03,2.269930088375393673e-03,3.137287275991015086e-03,3.737756556365464181e-03,4.079414460798518223e-03,4.179770382072445917e-03,4.054823703750595060e-03,3.712655631315774866e-03,3.154717388469053391e-03,2.384472189166867827e-03,1.419610956630250895e-03,3.023675117714189715e-04,0.000000000000000000e+00,0.000000000000000000e+00,0.000000000000000000e+00,0.000000000000000000e+00,0.000000000000000000e+00,0.000000000000000000e+00,0.000000000000000000e+00,4.060930909296909391e-03,3.169448415555766937e-03,2.080049239580162180e-03,0.000000000000000000e+00,7.539991143372293432e-04,2.249106118127942172e-03,3.674156371992222218e-03,4.936042904019002746e-03,0.000000000000000000e+00,0.000000000000000000e+00,0.000000000000000000e+00,0.000000000000000000e+00,0.000000000000000000e+00,0.000000000000000000e+00,0.000000000000000000e+00,0.000000000000000000e+00,0.000000000000000000e+00,0.000000000000000000e+00,0.000000000000000000e+00,3.849724640234121475e-03,8.365371677858615294e-04,1.641481826612059157e-03,0.000000000000000000e+00,0.000000000000000000e+00,0.000000000000000000e+00,0.000000000000000000e+00,0.000000000000000000e+00,0.000000000000000000e+00,0.000000000000000000e+00,0.000000000000000000e+00,0.000000000000000000e+00,0.000000000000000000e+00,0.000000000000000000e+00,0.000000000000000000e+00,5.451528096705002702e-04,0.000000000000000000e+00,0.000000000000000000e+00,5.643444095450975313e-03,2.483467914593872694e-04,4.036624775289202136e-04,5.729893715786765589e-04,7.952434046158687528e-04,1.670815989282182839e-03,1.461018655595584239e-03,2.028423075167665613e-03,2.295149680697922741e-03,2.343935203722418391e-03,2.283501571660324393e-03,2.212618228344017269e-03,2.191472920577081009e-03,2.228977880158957911e-03,1.910357817570218671e-03,8.466347300864397350e-04,0.000000000000000000e+00,0.000000000000000000e+00,0.000000000000000000e+00,0.000000000000000000e+00,0.000000000000000000e+00,0.000000000000000000e+00,1.342698194587537135e-04,1.223013049630194710e-03,2.169665713026451125e-03,2.867974529585224763e-03,3.248859384077072004e-03,3.286706470650638603e-03,2.999606427770089463e-03,2.443676124120272748e-03,1.703048235519199387e-03,8.779531957731746914e-04,8.053507174667455526e-04,1.304683374289095001e-03,1.766099539137916093e-03,2.130370885215761290e-03,2.341385984865746329e-03,2.355428132963865301e-03,2.147541858931502085e-03,1.714335394255446423e-03,1.074176390935698781e-03,1.423369663956993401e-03,1.687997227932766520e-03,1.626184517256325148e-03,1.205123901784337526e-03,4.429367070264642872e-04,0.000000000000000000e+00,0.000000000000000000e+00,0.000000000000000000e+00,0.000000000000000000e+00,0.000000000000000000e+00,0.000000000000000000e+00,0.000000000000000000e+00,0.000000000000000000e+00,0.000000000000000000e+00,0.000000000000000000e+00,0.000000000000000000e+00,0.000000000000000000e+00,0.000000000000000000e+00,0.000000000000000000e+00,0.000000000000000000e+00,0.000000000000000000e+00,0.000000000000000000e+00,0.000000000000000000e+00,0.000000000000000000e+00,0.000000000000000000e+00,5.014506594163809471e-04,1.539052256616613330e-03,2.451397014247912870e-03,3.094999243644887439e-03,3.366178728320914915e-03,3.235063205547327684e-03,2.759149299510372036e-03,2.069759141985274241e-03,1.334607655417063962e-03,7.091627817577889807e-04,7.541163093958574461e-04,9.488282471415668447e-04,1.143988246587805810e-03,1.337527086820076115e-03,1.527337598044392359e-03,1.711312993542033574e-03,1.887390505995872230e-03,8.579170898850895302e-04,1.088385077069991104e-03,1.396428436655774595e-03,1.704868963544030379e-03,1.238277439920468844e-03,1.312144864606527329e-03,1.655918028500099129e-03,0.000000000000000000e+00,0.000000000000000000e+00,0.000000000000000000e+00,1.486821790326774166e-05,5.454214627294245825e-04,9.559147739902855824e-04,1.209568890084613711e-03,1.296267273661135888e-03,1.226115256335255817e-03,1.019131053605988515e-03,6.954341931457389686e-04,2.694056760568186676e-04,0.000000000000000000e+00,0.000000000000000000e+00,0.000000000000000000e+00,0.000000000000000000e+00,0.000000000000000000e+00,0.000000000000000000e+00,0.000000000000000000e+00,0.000000000000000000e+00,0.000000000000000000e+00,0.000000000000000000e+00,0.000000000000000000e+00,0.000000000000000000e+00,0.000000000000000000e+00,0.000000000000000000e+00,0.000000000000000000e+00,0.000000000000000000e+00,0.000000000000000000e+00,0.000000000000000000e+00,0.000000000000000000e+00,0.000000000000000000e+00,0.000000000000000000e+00,0.000000000000000000e+00,0.000000000000000000e+00,0.000000000000000000e+00,0.000000000000000000e+00,0.000000000000000000e+00,0.000000000000000000e+00,0.000000000000000000e+00,0.000000000000000000e+00,6.474462214005941677e-07,6.379768092256496567e-04,9.243541080338910304e-04,7.870977445425522342e-04,2.255411640578796142e-04,0.000000000000000000e+00,0.000000000000000000e+00,0.000000000000000000e+00,0.000000000000000000e+00,0.000000000000000000e+00,0.000000000000000000e+00,0.000000000000000000e+00,0.000000000000000000e+00,0.000000000000000000e+00,0.000000000000000000e+00,0.000000000000000000e+00,0.000000000000000000e+00,1.654020353881335175e-04,4.262668103082922137e-04,6.640636417650107098e-04,8.770628280311777627e-04,1.064063940612910552e-03,1.224411724385394886e-03,1.358005990794305127e-03,1.465292004457584242e-03,1.547245306276413780e-03,1.605338362076737723e-03,1.641497951305493806e-03,1.658052628894153254e-03,1.657666620154685765e-03,1.643269935702612117e-03,1.617978345776524551e-03,1.585013238468578785e-03,1.547615643727975237e-03,1.508965815716890001e-03,3.956397870580218544e-03,5.335640160322775889e-03,0.000000000000000000e+00,0.000000000000000000e+00,1.678073236802140483e-04,6.972226518746718095e-04,9.729954031441996002e-04,1.018219473353181633e-03,8.780666462732534920e-04,6.110741373406158470e-04,5.665126280004115743e-04,1.003624028740984038e-03,1.263662778653358186e-03,1.365509052587653626e-03,1.348182651070206932e-03,1.259502991833156204e-03,1.142049861236574910e-03,1.020761299493888911e-03,8.960379483959879637e-04,7.441777010316154078e-04,5.243184341501891778e-04,1.892002474014087309e-04,0.000000000000000000e+00,0.000000000000000000e+00,0.000000000000000000e+00,0.000000000000000000e+00,0.000000000000000000e+00,0.000000000000000000e+00,0.000000000000000000e+00,0.000000000000000000e+00,0.000000000000000000e+00,0.000000000000000000e+00,0.000000000000000000e+00,0.000000000000000000e+00,0.000000000000000000e+00,0.000000000000000000e+00
2.708851953645892775e-08,8.660820682116211994e-05,2.642551573525052898e-04,4.398569288112538452e-04,5.313693241632143523e-04,4.816819719683860103e-04,2.677483534442960189e-04,0.000000000000000000e+00,0.000000000000000000e+00,0.000000000000000000e+00,0.000000000000000000e+00,0.000000000000000000e+00,0.000000000000000000e+00,0.000000000000000000e+00,8.357765910127947905e-04,0.000000000000000000e+00,0.000000000000000000e+00,0.000000000000000000e+00,0.000000000000000000e+00,0.000000000000000000e+00,0.000000000000000000e+00,0.000000000000000000e+00,0.000000000000000000e+00,0.000000000000000000e+00,0.000000000000000000e+00,0.000000000000000000e+00,5.560923126877859298e-04,2.102828350833841741e-03,0.000000000000000000e+00,0.000000000000000000e+00,2.794576457727645721e-04,3.583466622753993442e-04,2.642224472011496929e-04,5.476800788076161008e-05,0.000000000000000000e+00,0.000000000000000000e+00,0.000000000000000000e+00,0.000000000000000000e+00,0.000000000000000000e+00,0.000000000000000000e+00,0.000000000000000000e+00,0.000000000000000000e+00,0.000000000000000000e+00,0.000000000000000000e+00,2.751177727891126112e-04,1.480271966051554308e-03,2.505135703831387617e-03,3.269027238070951712e-03,3.704865894348578596e-03,3.774232276149131534e-03,3.479420868880285858e-03,2.870331906139953707e-03,2.044215833269857896e-03,1.136488777833384459e-03,3.020357276591625027e-04,8.435743378322688711e-05,3.285377913138258824e-04,5.780878105301788051e-04,0.000000000000000000e+00,0.000000000000000000e+00,2.937007381424358294e-04,9.249869526025849588e-04,1.415255234546446963e-03,1.677000541342454042e-03,1.682036195800829794e-03,1.458842879183524718e-03,1.075871558390519749e-03,6.173516686643067911e-04,1.598478957743353123e-04,0.000000000000000000e+00,0.000000000000000000e+00,0.000000000000000000e+00,0.000000000000000000e+00,0.000000000000000000e+00,0.000000000000000000e+00,0.000000000000000000e+00,0.000000000000000000e+00,0.000000000000000000e+00,0.000000000000000000e+00,0.000000000000000000e+00,5.828994899270969424e-04,0.000000000000000000e+00,0.000000000000000000e+00,1.089805539208755681e-05,0.000000000000000000e+00,3.011128527040792154e-03,3.098107110471494050e-03,0.000000000000000000e+00,0.000000000000000000e+00,0.000000000000000000e+00,0.000000000000000000e+00,0.000000000000000000e+00,0.000000000000000000e+00,0.000000000000000000e+00,0.000000000000000000e+00,0.000000000000000000e+00,3.022109531706776084e-03,0.000000000000000000e+00,0.000000000000000000e+00,0.000000000000000000e+00,0.000000000000000000e+00,0.000000000000000000e+00,0.000000000000000000e+00,0.000000000000000000e+00,4.495419713792719006e-03,0.000000000000000000e+00,5.274773938418982809e-05,2.291884823617385339e-03,1.850194544636992833e-04,2.372003514392410364e-04,6.097722196969210988e-04,9.630057962713455856e-04,6.334823222522508075e-04,3.377241756528630442e-04,0.000000000000000000e+00,0.000000000000000000e+00,0.000000000000000000e+00,5.463655787474381263e-03,2.102096753596308099e-03,0.000000000000000000e+00,0.000000000000000000e+00,0.000000000000000000e+00,0.000000000000000000e+00,0.000000000000000000e+00,5.134459816943476263e-04,1.147609541799041134e-03,1.698408790925627935e-03,2.144528101813935033e-03,2.473992541617480410e-03,2.680177695359825876e-03,2.760968700417211139e-03,2.720320080580939954e-03,0.000000000000000000e+00,0.000000000000000000e+00,0.000000000000000000e+00,0.000000000000000000e+00,0.000000000000000000e+00,0.000000000000000000e+00,0.000000000000000000e+00,0.000000000000000000e+00,0.000000000000000000e+00,0.000000000000000000e+00,0.000000000000000000e+00,0.000000000000000000e+00,0.000000000000000000e+00,0.000000000000000000e+00,0.000000000000000000e+00,0.000000000000000000e+00,1.319768863768564296e-03,2.908454147369659865e-03,4.373196613334328839e-03,5.598507451604368447e-03,6.521077611310777296e-03,0.000000000000000000e+00,0.000000000000000000e+00,0.000000000000000000e+00,0.000000000000000000e+00,0.000000000000000000e+00,0.000000000000000000e+00,0.000000000000000000e+00,0.000000000000000000e+00,0.000000000000000000e+00,0.000000000000000000e+00,0.000000000000000000e+00,0.000000000000000000e+00,0.000000000000000000e+00,0.000000000000000000e+00,5.319856663190939723e-05,9.424205521104175171e-04,1.762960542394886865e-03,2.418128990687825903e-03,0.000000000000000000e+00,0.000000000000000000e+00,0.000000000000000000e+00,0.000000000000000000e+00,0.000000000000000000e+00,8.225745830773638053e-04,1.750606092503349202e-03,2.678107785339203708e-03,3.575814565289959883e-03,4.396576281904859829e-03,5.077888132014855664e-03,5.549474555888049554e-03,5.744275987187061339e-03,5.611391782374562133e-03,5.129435208602712258e-03,4.317957191167593779e-03,3.243541950535986252e-03,2.027969081193771884e-03,1.833624994701631237e-03,1.526199016918021022e-03,1.159954958067539732e-03,8.179704195077023426e-04,6.228379278790892098e-04,4.029493975087456944e-04,2.308666372122412328e-04,2.677988519814129636e-04,3.967333288372909723e-04,5.884774194138898051e-04,8.101100571806036299e-04,1.026279116799156668e-03,1.198418795563314801e-03,1.284132163226753189e-03,1.238909707233963294e-03,1.021220351523933426e-03,6.003524425304911614e-04,0.000000000000000000e+00,0.000000000000000000e+00,0.000000000000000000e+00,0.000000000000000000e+00,0.000000000000000000e+00,0.000000000000000000e+00,0.000000000000000000e+00,0.000000000000000000e+00,0.000000000000000000e+00,0.000000000000000000e+00,0.000000000000000000e+00,6.101706460121308819e-04,1.637266713894644640e-03,2.614178429157825584e-03,3.470338319574905930e-03,4.126159864072852235e-03,4.506836297444400882e-03,4.559858838955458890e-03,4.271430251347085177e-03,4.054335912061518381e-03,4.318213035250186883e-03,4.244771327306064677e-03,3.938448745478087022e-03,3.524951088375154976e-03,3.127390835825522800e-03,2.844427873778864867e-03,2.733853252797648330e-03,2.804177102024897356e-03,3.015766474056984659e-03,3.291666134715113580e-03,3.536447625921464253e-03,3.659474912445278855e-03,3.597541320294929141e-03,3.331513652904592726e-03,0.000000000000000000e+00,0.000000000000000000e+00,0.000000000000000000e+00,6.992484748031344965e-04,5.280769307896301598e-03,0.000000000000000000e+00,0.000000000000000000e+00,0.000000000000000000e+00,0.000000000000000000e+00,0.000000000000000000e+00,7.358799299268683038e-04,1.492934336702094389e-03,2.188767826207380605e-03,2.768761714931475791e-03,3.186612899512415633e-03,3.406567933587085779e-03,3.409356914944545579e-03,3.199321265072231722e-03,2.808377875177370166e-03,2.293326117333462436e-03,1.726157670145481507e-03,1.180648127147698474e-03,7.203045004650881610e-04,3.917125710530470323e-04,2.240802222629683477e-04,2.324042338289219567e-04,4.201670711552016216e-04,7.787069669711206826e-04,1.283460307256545233e-03,1.890241148952095636e-03,2.535710425509655769e-03,3.144641470185928489e-03,3.643323366778211930e-03,3.975298480489529614e-03,4.114119635906087619e-03,4.068573848733617049e-03,3.878370866572570554e-03,0.000000000000000000e+00,0.000000000000000000e+00,0.000000000000000000e+00,0.000000000000000000e+00,0.000000000000000000e+00,0.000000000000000000e+00,0.000000000000000000e+00,0.000000000000000000e+00,4.568797415476360223e-03,0.000000000000000000e+00,8.680134289221734393e-04,0.000000000000000000e+00,0.000000000000000000e+00,0.000000000000000000e+00,0.000000000000000000e+00,0.000000000000000000e+00,0.000000000000000000e+00,0.000000000000000000e+00,4.901097671587893679e-04,8.095257281036275865e-04,8.846562020409605084e-04,7.175308781800068727e-04,3.653941902993999413e-04,0.000000000000000000e+00,0.000000000000000000e+00,0.000000000000000000e+00,0.000000000000000000e+00,0.000000000000000000e+00,0.000000000000000000e+00,0.000000000000000000e+00,1.916146155129509906e-04,6.679226018791875955e-04,5.521834065132299064e-04,0.000000000000000000e+00,0.000000000000000000e+00,0.000000000000000000e+00,0.000000000000000000e+00,0.000000000000000000e+00,0.000000000000000000e+00,0.000000000000000000e+00,0.000000000000000000e+00,0.000000000000000000e+00,0.000000000000000000e+00,0.000000000000000000e+00,9.361543108983691377e-04,1.414808285149975284e-03,0.000000000000000000e+00,0.000000000000000000e+00,0.000000000000000000e+00,0.000000000000000000e+00,0.000000000000000000e+00,0.000000000000000000e+00,0.000000000000000000e+00,0.000000000000000000e+00,5.928710722751460689e-04,1.683163200474492799e-03,2.686714121112300079e-03,3.515481813913600567e-03,4.115775180487219256e-03,4.476836975048065388e-03,0.000000000000000000e+00,0.000000000000000000e+00,0.000000000000000000e+00,0.000000000000000000e+00,0.000000000000000000e+00,0.000000000000000000e+00,0.000000000000000000e+00,0.000000000000000000e+00,0.000000000000000000e+00,0.000000000000000000e+00,5.600134470762293425e-05,7.155972289003429071e-04,1.446371847250406449e-03,2.211544503001037706e-03,2.958506713170595132e-03,3.631161072682894796e-03,4.181152242029740479e-03,4.575410971409299594e-03,0.000000000000000000e+00,0.000000000000000000e+00,0.000000000000000000e+00,0.000000000000000000e+00,0.000000000000000000e+00,0.000000000000000000e+00,2.725658849297096935e-05,1.028289885908213047e-04,5.145361035343844159e-04,1.196350770083755115e-03,2.041902927376361421e-03,2.922953811911837511e-03,3.711079416786143732e-03,3.915911064503049821e-03,3.868975694421390808e-03,3.703905384370019278e-03,3.420636282415793344e-03,3.041618602968985344e-03,2.609392935327791221e-03,2.178831582076351091e-03,1.804304150162114578e-03,1.524487814201080623e-03,1.692534714232058575e-03,1.994035447454133546e-03,1.081296662312093877e-03,1.404648204163218761e-03,1.724049114230100056e-03,2.036050649770498010e-03,0.000000000000000000e+00,0.000000000000000000e+00,0.000000000000000000e+00,0.000000000000000000e+00,0.000000000000000000e+00,0.000000000000000000e+00,0.000000000000000000e+00,0.000000000000000000e+00,0.000000000000000000e+00,0.000000000000000000e+00,0.000000000000000000e+00,1.839450855196968757e-04,3.704869347507083722e-04,5.548602283657720494e-04,7.349238705712047084e-04,9.086548062647085934e-04,3.406251114783000709e-03
1.194108268138146846e-07,5.388818932930917793e-05,8.783263126828584665e-04,0.000000000000000000e+00,0.000000000000000000e+00,0.000000000000000000e+00,0.000000000000000000e+00,0.000000000000000000e+00,0.000000000000000000e+00,0.000000000000000000e+00,0.000000000000000000e+00,0.000000000000000000e+00,0.000000000000000000e+00,0.000000000000000000e+00,0.000000000000000000e+00,0.000000000000000000e+00,0.000000000000000000e+00,0.000000000000000000e+00,0.000000000000000000e+00,0.000000000000000000e+00,0.000000000000000000e+00,0.000000000000000000e+00,0.000000000000000000e+00,3.266424330505975185e-05,1.188960696446996292e-04,3.025326617870048042e-04,6.036277670763742342e-04,9.956313239859650860e-04,1.413838937753094955e-03,1.777184836000922797e-03,2.014728906397644358e-03,2.086392447599285608e-03,1.990255090713382788e-03,1.754939004462426587e-03,1.422187429429821017e-03,1.028624707076011792e-03,5.950304075986740781e-04,1.269829779798180714e-04,0.000000000000000000e+00,0.000000000000000000e+00,0.000000000000000000e+00,0.000000000000000000e+00,0.000000000000000000e+00,0.000000000000000000e+00,0.000000000000000000e+00,0.000000000000000000e+00,0.000000000000000000e+00,0.000000000000000000e+00,0.000000000000000000e+00,0.000000000000000000e+00,0.000000000000000000e+00,0.000000000000000000e+00,0.000000000000000000e+00,0.000000000000000000e+00,0.000000000000000000e+00,0.000000000000000000e+00,5.897171662141172501e-04,0.000000000000000000e+00,4.222043055797353151e-04,0.000000000000000000e+00,0.000000000000000000e+00,0.000000000000000000e+00,0.000000000000000000e+00,0.000000000000000000e+00,0.000000000000000000e+00,0.000000000000000000e+00,5.224739329521943098e-04,5.004287232094809358e-04,1.303556020128241507e-03,1.893823146431905654e-03,2.241607440304155610e-03,0.000000000000000000e+00,0.000000000000000000e+00,0.000000000000000000e+00,0.000000000000000000e+00,3.361046317305812505e-04,1.002725220850934646e-03,0.000000000000000000e+00,0.000000000000000000e+00,0.000000000000000000e+00,0.000000000000000000e+00,0.000000000000000000e+00,0.000000000000000000e+00,0.000000000000000000e+00,0.000000000000000000e+00,0.000000000000000000e+00,0.000000000000000000e+00,0.000000000000000000e+00,0.000000000000000000e+00,0.000000000000000000e+00,0.000000000000000000e+00,0.000000000000000000e+00,0.000000000000000000e+00,0.000000000000000000e+00,0.000000000000000000e+00,3.685501193202138522e-04,9.712317419148740714e-04,1.263536830337117422e-03,1.228647009601794432e-03,8.837167765833622802e-04,2.767709656835635177e-04,0.000000000000000000e+00,0.000000000000000000e+00,0.000000000000000000e+00,0.000000000000000000e+00,0.000000000000000000e+00,0.000000000000000000e+00,0.000000000000000000e+00,0.000000000000000000e+00,0.000000000000000000e+00,0.000000000000000000e+00,0.000000000000000000e+00,0.000000000000000000e+00,0.000000000000000000e+00,0.000000000000000000e+00,0.000000000000000000e+00,0.000000000000000000e+00,0.000000000000000000e+00,0.000000000000000000e+00,0.000000000000000000e+00,0.000000000000000000e+00,0.000000000000000000e+00,0.000000000000000000e+00,0.000000000000000000e+00,0.000000000000000000e+00,0.000000000000000000e+00,0.000000000000000000e+00,0.000000000000000000e+00,0.000000000000000000e+00,0.000000000000000000e+00,0.000000000000000000e+00,0.000000000000000000e+00,0.000000000000000000e+00,0.000000000000000000e+00,0.000000000000000000e+00,0.000000000000000000e+00,0.000000000000000000e+00,0.000000000000000000e+00,0.000000000000000000e+00,0.000000000000000000e+00,0.000000000000000000e+00,0.000000000000000000e+00,0.000000000000000000e+00,0.000000000000000000e+00,0.000000000000000000e+00,0.000000000000000000e+00,0.000000000000000000e+00,0.000000000000000000e+00,0.000000000000000000e+00,0.000000000000000000e+00,0.000000000000000000e+00,0.000000000000000000e+00,3.177215104251800929e-03,4.202899036061896049e-03,0.000000000000000000e+00,0.000000000000000000e+00,0.000000000000000000e+00,9.674241774124088056e-04,2.235666127308045051e-03,3.178739165178592462e-03,3.693876654350634024e-03,3.737636537481364880e-03,3.332286195006883313e-03,2.560918354925976765e-03,1.551826976514483715e-03,4.555206525662776557e-04,0.000000000000000000e+00,0.000000000000000000e+00,0.000000000000000000e+00,0.000000000000000000e+00,0.000000000000000000e+00,0.000000000000000000e+00,0.000000000000000000e+00,0.000000000000000000e+00,0.000000000000000000e+00,0.000000000000000000e+00,4.094916903307852657e-05,2.596426128188100528e-04,3.843564181456745840e-04,4.423349664590149870e-04,4.955787646307522601e-04,7.724267810196688540e-04,1.046997239061825489e-03,1.317678275009556439e-03,1.582945749757273292e-03,1.841344964120802475e-03,2.091477049662681092e-03,2.331983843342944670e-03,2.561542229014847870e-03,2.778857582911659942e-03,2.982664872209553168e-03,3.171733483435810411e-03,3.344878416821794875e-03,3.500973749905891396e-03,3.638971840421803289e-03,3.757924032830663695e-03,3.857006257172613996e-03,3.935540143887572388e-03,3.993021785605721345e-03,4.029141245354615070e-03,4.043805574306250268e-03,4.037154452678792284e-03,4.009572260973493125e-03,3.961694290600922645e-03,3.894406302215797956e-03,3.808836294800923162e-03,3.706340753813555221e-03,3.588481621918593583e-03,3.456996171622398091e-03,3.313763128345595822e-03,3.160761462289747060e-03,3.000024148796485990e-03,2.833589818622904346e-03,2.663456378334729674e-03,2.491527753976946740e-03,2.319568847082121611e-03,2.149160283778872148e-03,1.981659186238373012e-03,2.679358139353845043e-03,3.338778173805903842e-03,3.736921672675502359e-03,3.838447024360883142e-03,3.644392238035467843e-03,3.188564191865468460e-03,2.529858702673544197e-03,1.742491636528808053e-03,9.057378946341362955e-04,5.612636629406365192e-04,4.334243336969474778e-04,6.235747442228441618e-04,1.843663181264797385e-03,4.497191979964189107e-04,7.802885008320575421e-04,1.296198324091620219e-03,1.200612482707633837e-03,1.333174669228549001e-03,1.416128574382680529e-03,1.437386443416802540e-03,1.373530659601790048e-03,1.196410380850515803e-03,8.848295167830266990e-04,4.380296506664315857e-04,0.000000000000000000e+00,0.000000000000000000e+00,0.000000000000000000e+00,0.000000000000000000e+00,0.000000000000000000e+00,0.000000000000000000e+00,0.000000000000000000e+00,0.000000000000000000e+00,4.798802958934026412e-05,7.531610107466974987e-04,1.336204105173533852e-03,1.725922048701215112e-03,1.902144428447540394e-03,1.894531679275643626e-03,1.769114916265587941e-03,0.000000000000000000e+00,0.000000000000000000e+00,1.319815656860573794e-05,0.000000000000000000e+00,0.000000000000000000e+00,0.000000000000000000e+00,0.000000000000000000e+00,0.000000000000000000e+00,0.000000000000000000e+00,0.000000000000000000e+00,0.000000000000000000e+00,0.000000000000000000e+00,0.000000000000000000e+00,0.000000000000000000e+00,0.000000000000000000e+00,0.000000000000000000e+00,0.000000000000000000e+00,0.000000000000000000e+00,0.000000000000000000e+00,3.554591638459875854e-03,1.654681576573668877e-03,2.232376974302606367e-03,0.000000000000000000e+00,0.000000000000000000e+00,0.000000000000000000e+00,0.000000000000000000e+00,0.000000000000000000e+00,0.000000000000000000e+00,0.000000000000000000e+00,0.000000000000000000e+00,0.000000000000000000e+00,0.000000000000000000e+00,0.000000000000000000e+00,0.000000000000000000e+00,0.000000000000000000e+00,0.000000000000000000e+00,0.000000000000000000e+00,0.000000000000000000e+00,0.000000000000000000e+00,0.000000000000000000e+00,0.000000000000000000e+00,0.000000000000000000e+00,0.000000000000000000e+00,0.000000000000000000e+00,0.000000000000000000e+00,0.000000000000000000e+00,0.000000000000000000e+00,0.000000000000000000e+00,6.498316732024855304e-04,2.169298728729533807e-03,5.290576509748523733e-03,0.000000000000000000e+00,0.000000000000000000e+00,0.000000000000000000e+00,0.000000000000000000e+00,0.000000000000000000e+00,0.000000000000000000e+00,0.000000000000000000e+00,0.000000000000000000e+00,0.000000000000000000e+00,4.745327231890664687e-04,1.586544548367480609e-03,2.498382987276738174e-03,3.164086416707826213e-03,3.564032590034496486e-03,3.708011284541054987e-03,3.635639668414008575e-03,3.411173073972960986e-03,3.110873459809752450e-03,2.804314641238842866e-03,2.534834182283366051e-03,2.306472489163607573e-03,2.083537004370126979e-03,3.178461228071003644e-04,1.680798775457136712e-03,3.108098620173322096e-03,4.497288609828660119e-03,0.000000000000000000e+00,0.000000000000000000e+00,0.000000000000000000e+00,0.000000000000000000e+00,0.000000000000000000e+00,0.000000000000000000e+00,9.140428062074692746e-04,0.000000000000000000e+00,0.000000000000000000e+00,0.000000000000000000e+00,0.000000000000000000e+00,0.000000000000000000e+00,0.000000000000000000e+00,0.000000000000000000e+00,0.000000000000000000e+00,0.000000000000000000e+00,0.000000000000000000e+00,1.759138762964843040e-04,5.577502703759142349e-04,7.561359942148447935e-04,7.701053783111418399e-04,1.277551409027362361e-03,2.028114017204432455e-03,2.582898389537837455e-03,2.899155013979829495e-03,2.967683090067989565e-03,2.812389522760317014e-03,2.481348997403300984e-03,7.298559758278986946e-04,0.000000000000000000e+00,0.000000000000000000e+00,0.000000000000000000e+00,0.000000000000000000e+00,0.000000000000000000e+00,0.000000000000000000e+00,0.000000000000000000e+00,0.000000000000000000e+00,0.000000000000000000e+00,0.000000000000000000e+00,0.000000000000000000e+00,4.120751381274265386e-03,1.958840812585952405e-03,0.000000000000000000e+00,0.000000000000000000e+00,0.000000000000000000e+00,0.000000000000000000e+00,0.000000000000000000e+00,0.000000000000000000e+00,0.000000000000000000e+00,0.000000000000000000e+00,0.000000000000000000e+00,0.000000000000000000e+00,0.000000000000000000e+00,0.000000000000000000e+00,0.000000000000000000e+00,0.000000000000000000e+00,0.000000000000000000e+00,0.000000000000000000e+00,0.000000000000000000e+00,0.000000000000000000e+00,0.000000000000000000e+00,0.000000000000000000e+00,0.000000000000000000e+00,0.000000000000000000e+00,0.000000000000000000e+00,6.677523080835231291e-05
0.000000000000000000e+00,2.506088593208371271e-04,0.000000000000000000e+00,0.000000000000000000e+00,0.000000000000000000e+00,3.475466575662096089e-03,1.902784980724266421e-04,0.000000000000000000e+00,2.499082171295391883e-05,4.484013434093789686e-04,1.087143277680508629e-03,1.919089262058664607e-03,2.910125995221891828e-03,4.019331383487758161e-03,5.200270299038346929e-03,0.000000000000000000e+00,0.000000000000000000e+00,0.000000000000000000e+00,0.000000000000000000e+00,0.000000000000000000e+00,0.000000000000000000e+00,0.000000000000000000e+00,0.000000000000000000e+00,0.000000000000000000e+00,0.000000000000000000e+00,0.000000000000000000e+00,0.000000000000000000e+00,0.000000000000000000e+00,0.000000000000000000e+00,0.000000000000000000e+00,0.000000000000000000e+00,0.000000000000000000e+00,0.000000000000000000e+00,0.000000000000000000e+00,0.000000000000000000e+00,0.000000000000000000e+00,0.000000000000000000e+00,0.000000000000000000e+00,0.000000000000000000e+00,2.218465908723089091e-05,1.518388245870537544e-04,2.187821103580257982e-04,1.856806553243117405e-04,3.231249488978853071e-05,0.000000000000000000e+00,0.000000000000000000e+00,0.000000000000000000e+00,0.000000000000000000e+00,0.000000000000000000e+00,0.000000000000000000e+00,0.000000000000000000e+00,0.000000000000000000e+00,0.000000000000000000e+00,6.465157972172267623e-04,1.735010806426152139e-03,2.519410662436199350e-03,0.000000000000000000e+00,0.000000000000000000e+00,0.000000000000000000e+00,3.564748678418121013e-04,9.729727968083198538e-04,1.592955326135400652e-03,2.534921821785387011e-03,4.306839594286908011e-04,6.409157006270187890e-04,6.563093363220979864e-04,4.802631485613447371e-04,1.340791229939832180e-04,0.000000000000000000e+00,0.000000000000000000e+00,0.000000000000000000e+00,0.000000000000000000e+00,0.000000000000000000e+00,0.000000000000000000e+00,0.000000000000000000e+00,0.000000000000000000e+00,0.000000000000000000e+00,0.000000000000000000e+00,0.000000000000000000e+00,0.000000000000000000e+00,4.905260467537648399e-04,1.328990282963337169e-03,1.947527199223153278e-03,2.288541175623235412e-03,2.335150749867772289e-03,2.111496797674560118e-03,1.674327206034086687e-03,1.098645484572698464e-03,1.900275959642753381e-03,8.532305589952302732e-04,8.281656670483275541e-04,9.677099801356425432e-04,0.000000000000000000e+00,0.000000000000000000e+00,0.000000000000000000e+00,0.000000000000000000e+00,0.000000000000000000e+00,8.718763394671360948e-04,1.864285346540269167e-03,2.778430320356064728e-03,3.515402032387846681e-03,4.000302779130573277e-03,4.194265915768789765e-03,4.099035015507545773e-03,3.753315807198908966e-03,3.221998638545474965e-03,2.581129526631745739e-03,1.902654312639949670e-03,1.242914493780671861e-03,6.375420430995597850e-04,1.031708990396615138e-04,0.000000000000000000e+00,0.000000000000000000e+00,0.000000000000000000e+00,0.000000000000000000e+00,0.000000000000000000e+00,0.000000000000000000e+00,0.000000000000000000e+00,0.000000000000000000e+00,0.000000000000000000e+00,0.000000000000000000e+00,0.000000000000000000e+00,0.000000000000000000e+00,0.000000000000000000e+00,0.000000000000000000e+00,0.000000000000000000e+00,0.000000000000000000e+00,0.000000000000000000e+00,0.000000000000000000e+00,0.000000000000000000e+00,0.000000000000000000e+00,0.000000000000000000e+00,0.000000000000000000e+00,6.622121262406203013e-04,1.604165599936373645e-03,2.267740611840646583e-03,2.610023819213149517e-03,2.620584187644925660e-03,2.319876526402925819e-03,1.753728974301399946e-03,9.861018329034609061e-04,1.103595505076195894e-03,1.203032276161812315e-03,9.696365466563650970e-04,4.029887988542920816e-04,0.000000000000000000e+00,0.000000000000000000e+00,0.000000000000000000e+00,0.000000000000000000e+00,0.000000000000000000e+00,0.000000000000000000e+00,0.000000000000000000e+00,0.000000000000000000e+00,0.000000000000000000e+00,0.000000000000000000e+00,0.000000000000000000e+00,0.000000000000000000e+00,2.987627445099077681e-04,4.720656079350031478e-04,1.058560461833795872e-03,9.755887669213780724e-04,0.000000000000000000e+00,0.000000000000000000e+00,1.849485356166712059e-04,1.182161993451968842e-03,0.000000000000000000e+00,0.000000000000000000e+00,0.000000000000000000e+00,0.000000000000000000e+00,0.000000000000000000e+00,0.000000000000000000e+00,0.000000000000000000e+00,0.000000000000000000e+00,0.000000000000000000e+00,0.000000000000000000e+00,0.000000000000000000e+00,0.000000000000000000e+00,0.000000000000000000e+00,0.000000000000000000e+00,0.000000000000000000e+00,0.000000000000000000e+00,0.000000000000000000e+00,4.167516627652154116e-04,1.518622518383204922e-03,2.425857581889154929e-03,0.000000000000000000e+00,0.000000000000000000e+00,0.000000000000000000e+00,0.000000000000000000e+00,0.000000000000000000e+00,0.000000000000000000e+00,0.000000000000000000e+00,0.000000000000000000e+00,0.000000000000000000e+00,0.000000000000000000e+00,5.200509221312930733e-04,1.221203317576553078e-03,1.881355392851573891e-03,2.517919590836290456e-04,4.297642462051577293e-04,6.892728202401916283e-04,1.036650096425342608e-03,1.453102984376674310e-03,1.894553964273307679e-03,2.300567451834788658e-03,0.000000000000000000e+00,0.000000000000000000e+00,0.000000000000000000e+00,0.000000000000000000e+00,0.000000000000000000e+00,0.000000000000000000e+00,0.000000000000000000e+00,0.000000000000000000e+00,0.000000000000000000e+00,0.000000000000000000e+00,0.000000000000000000e+00,0.000000000000000000e+00,0.000000000000000000e+00,0.000000000000000000e+00,0.000000000000000000e+00,0.000000000000000000e+00,2.640884846225999131e-04,6.347197543341939101e-04,9.909369991970202497e-04,8.561187085657412420e-04,6.900822504837241054e-04,4.391921256859863368e-04,1.705137204833790244e-04,0.000000000000000000e+00,0.000000000000000000e+00,0.000000000000000000e+00,0.000000000000000000e+00,0.000000000000000000e+00,0.000000000000000000e+00,0.000000000000000000e+00,0.000000000000000000e+00,0.000000000000000000e+00,0.000000000000000000e+00,0.000000000000000000e+00,0.000000000000000000e+00,0.000000000000000000e+00,0.000000000000000000e+00,0.000000000000000000e+00,0.000000000000000000e+00,0.000000000000000000e+00,0.000000000000000000e+00,0.000000000000000000e+00,0.000000000000000000e+00,1.300379547585089359e-04,2.623552106198341052e-04,3.195358153672718244e-04,3.428163414846721016e-04,3.689992017119087951e-04,4.232786122542447752e-04,5.165515804605311711e-04,7.767993077737514723e-04,1.505257478362711067e-03,2.170268729254048144e-03,2.712286407139071973e-03,3.097669159762687831e-03,3.329815675049646682e-03,3.453073494563783236e-03,0.000000000000000000e+00,0.000000000000000000e+00,0.000000000000000000e+00,0.000000000000000000e+00,0.000000000000000000e+00,0.000000000000000000e+00,0.000000000000000000e+00,0.000000000000000000e+00,0.000000000000000000e+00,0.000000000000000000e+00,0.000000000000000000e+00,0.000000000000000000e+00,0.000000000000000000e+00,0.000000000000000000e+00,0.000000000000000000e+00,0.000000000000000000e+00,0.000000000000000000e+00,1.366709998723749774e-04,1.866301822809758809e-03,3.297559210367986739e-03,4.418613537129537083e-03,5.261881222746614059e-03,3.892309347823155307e-03,3.578567550203934876e-03,3.164240239166208994e-03,2.687290672492877956e-03,2.170186927543610658e-03,1.620574891932926665e-03,1.035515321044706968e-03,4.076541034865294286e-04,0.000000000000000000e+00,0.000000000000000000e+00,0.000000000000000000e+00,0.000000000000000000e+00,0.000000000000000000e+00,0.000000000000000000e+00,0.000000000000000000e+00,0.000000000000000000e+00,0.000000000000000000e+00,0.000000000000000000e+00,0.000000000000000000e+00,0.000000000000000000e+00,0.000000000000000000e+00,0.000000000000000000e+00,0.000000000000000000e+00,0.000000000000000000e+00,0.000000000000000000e+00,0.000000000000000000e+00,3.933037126974598709e-04,8.141842325022347190e-04,1.159394169963935727e-03,1.417376667692927346e-03,1.588468504116673534e-03,1.685160383824599057e-03,1.729837986593542234e-03,1.749899491892928372e-03,1.770980102259490496e-03,1.809910992107594289e-03,1.869534846561563208e-03,1.937275342219645438e-03,1.988384346176092290e-03,1.993379401066789139e-03,1.927780102481924020e-03,1.781370804964421727e-03,1.564115642129315035e-03,1.306617340584001041e-03,1.054472214309023527e-03,8.576292014724057593e-04,3.646842045189234698e-03,0.000000000000000000e+00,0.000000000000000000e+00,0.000000000000000000e+00,0.000000000000000000e+00,0.000000000000000000e+00,2.914079401207686447e-05,5.328323979973809393e-04,1.053394545411239207e-03,1.566172175364630159e-03,2.082142974188062184e-03,2.084858982269814295e-03,1.970516421328751249e-03,1.739147847901845222e-03,0.000000000000000000e+00,0.000000000000000000e+00,0.000000000000000000e+00,4.219946417140487327e-04,1.214878982893024531e-03,1.509813211095717552e-03,1.651192915205555332e-03,1.631859491106147763e-03,1.658179827735215515e-03,1.079132509610348937e-03,1.992178829610897171e-03,2.800601436086912893e-03,3.424632870873488277e-03,3.831247600700146173e-03,4.525322610517487285e-03,0.000000000000000000e+00,0.000000000000000000e+00,0.000000000000000000e+00,0.000000000000000000e+00,0.000000000000000000e+00,0.000000000000000000e+00,0.000000000000000000e+00,0.000000000000000000e+00,0.000000000000000000e+00,0.000000000000000000e+00,0.000000000000000000e+00,6.826096938562024570e-04,1.444494180495115975e-03,2.197152906773310911e-03,2.881313422390191763e-03,3.431931967821912934e-03,0.000000000000000000e+00,0.000000000000000000e+00,0.000000000000000000e+00,0.000000000000000000e+00,0.000000000000000000e+00,0.000000000000000000e+00,0.000000000000000000e+00,0.000000000000000000e+00,0.000000000000000000e+00,0.000000000000000000e+00,0.000000000000000000e+00,3.835410054478256820e-05,1.140306409030723844e-04,1.817826240024324777e-04,1.812919178743809543e-03,0.000000000000000000e+00,2.126115453773392595e-03,0.000000000000000000e+00,0.000000000000000000e+00,1.544504694860496762e-03,0.000000000000000000e+00,0.000000000000000000e+00,9.650094614670609507e-05,4.276203539634389921e-04,0.000000000000000000e+00
0.000000000000000000e+00,1.244014098948903642e-03,9.286550637142676045e-04,9.692824170836857522e-04,1.537228353067455989e-03,2.119975577667645560e-03,2.646583727185170681e-03,3.055369407774278807e-03,3.301311464715765785e-03,3.360298034211357115e-03,3.230108611138587417e-03,2.928833356646751238e-03,2.491765053685842182e-03,1.967609558749015310e-03,1.414307134527234468e-03,8.942394441394073412e-04,4.682877007224137524e-04,1.886057544922144474e-04,9.073665503170104667e-05,1.866639280522083225e-04,4.608641341490562408e-04,8.709446736239218490e-04,1.353188481265657711e-03,1.831892345219899220e-03,2.230545051750135004e-03,2.483072524865573109e-03,2.544023660340794055e-03,2.396921009402423492e-03,2.059455437243566406e-03,1.583315580504443196e-03,1.046406128114327249e-03,5.370108258824564818e-04,1.980297950742206646e-04,0.000000000000000000e+00,0.000000000000000000e+00,0.000000000000000000e+00,0.000000000000000000e+00,0.000000000000000000e+00,3.877881109031134118e-06,0.000000000000000000e+00,0.000000000000000000e+00,0.000000000000000000e+00,0.000000000000000000e+00,0.000000000000000000e+00,2.560139839513521213e-04,7.897189201736865049e-04,1.494543160009956760e-03,2.308957658323085652e-03,3.153301913710250971e-03,3.947186642999327491e-03,0.000000000000000000e+00,0.000000000000000000e+00,0.000000000000000000e+00,0.000000000000000000e+00,0.000000000000000000e+00,6.749398598274021456e-04,1.719653374067954803e-03,2.625233005781894315e-03,3.298241994274949199e-03,3.666504128593000081e-03,0.000000000000000000e+00,0.000000000000000000e+00,0.000000000000000000e+00,0.000000000000000000e+00,0.000000000000000000e+00,0.000000000000000000e+00,0.000000000000000000e+00,0.000000000000000000e+00,0.000000000000000000e+00,1.160793236228412724e-03,0.000000000000000000e+00,0.000000000000000000e+00,9.401067877909108350e-05,0.000000000000000000e+00,0.000000000000000000e+00,0.000000000000000000e+00,0.000000000000000000e+00,5.965405378475206050e-03,0.000000000000000000e+00,0.000000000000000000e+00,3.573331480162982628e-03,1.666486141692161919e-03,4.148275611515862349e-04,1.283456504790551249e-03,2.013815128547463001e-03,2.675988040881464251e-03,3.333266018886573822e-03,4.017301846029225007e-03,4.715188077066692802e-03,5.372433304229788306e-03,0.000000000000000000e+00,0.000000000000000000e+00,0.000000000000000000e+00,0.000000000000000000e+00,0.000000000000000000e+00,0.000000000000000000e+00,0.000000000000000000e+00,0.000000000000000000e+00,0.000000000000000000e+00,0.000000000000000000e+00,0.000000000000000000e+00,0.000000000000000000e+00,0.000000000000000000e+00,0.000000000000000000e+00,0.000000000000000000e+00,0.000000000000000000e+00,0.000000000000000000e+00,0.000000000000000000e+00,0.000000000000000000e+00,0.000000000000000000e+00,0.000000000000000000e+00,0.000000000000000000e+00,0.000000000000000000e+00,0.000000000000000000e+00,0.000000000000000000e+00,0.000000000000000000e+00,0.000000000000000000e+00,0.000000000000000000e+00,0.000000000000000000e+00,0.000000000000000000e+00,0.000000000000000000e+00,0.000000000000000000e+00,0.000000000000000000e+00,0.000000000000000000e+00,0.000000000000000000e+00,0.000000000000000000e+00,0.000000000000000000e+00,0.000000000000000000e+00,0.000000000000000000e+00,0.000000000000000000e+00,0.000000000000000000e+00,0.000000000000000000e+00,0.000000000000000000e+00,0.000000000000000000e+00,0.000000000000000000e+00,0.000000000000000000e+00,2.781529801843071357e-04,1.732782692586870218e-03,2.689870982434253328e-03,3.125015512574060537e-03,3.097486869261485264e-03,2.719266968554451616e-03,0.000000000000000000e+00,0.000000000000000000e+00,0.000000000000000000e+00,9.493475060151766081e-04,0.000000000000000000e+00,3.679533033263053358e-03,0.000000000000000000e+00,0.000000000000000000e+00,0.000000000000000000e+00,0.000000000000000000e+00,0.000000000000000000e+00,0.000000000000000000e+00,0.000000000000000000e+00,0.000000000000000000e+00,0.000000000000000000e+00,0.000000000000000000e+00,0.000000000000000000e+00,0.000000000000000000e+00,0.000000000000000000e+00,0.000000000000000000e+00,0.000000000000000000e+00,0.000000000000000000e+00,0.000000000000000000e+00,0.000000000000000000e+00,0.000000000000000000e+00,0.000000000000000000e+00,2.948051344379989621e-04,6.364896082722268150e-04,1.001644824376280883e-03,1.383979184923826711e-03,1.768738772893995500e-03,2.132024563804717047e-03,2.441650415189619734e-03,2.660041589907495823e-03,2.749189754077511778e-03,2.677286499242309461e-03,2.426209212480484080e-03,1.998435140911929489e-03,1.421273736071347995e-03,7.461630801329371693e-04,4.170394449241461397e-05,0.000000000000000000e+00,0.000000000000000000e+00,0.000000000000000000e+00,0.000000000000000000e+00,0.000000000000000000e+00,0.000000000000000000e+00,0.000000000000000000e+00,0.000000000000000000e+00,0.000000000000000000e+00,0.000000000000000000e+00,0.000000000000000000e+00,0.000000000000000000e+00,0.000000000000000000e+00,0.000000000000000000e+00,0.000000000000000000e+00,0.000000000000000000e+00,0.000000000000000000e+00,0.000000000000000000e+00,0.000000000000000000e+00,0.000000000000000000e+00,0.000000000000000000e+00,0.000000000000000000e+00,0.000000000000000000e+00,0.000000000000000000e+00,0.000000000000000000e+00,0.000000000000000000e+00,0.000000000000000000e+00,0.000000000000000000e+00,9.404546804399012199e-04,1.932262616165607164e-03,2.893437906548610057e-03,3.763657075512375112e-03,0.000000000000000000e+00,0.000000000000000000e+00,0.000000000000000000e+00,0.000000000000000000e+00,0.000000000000000000e+00,0.000000000000000000e+00,0.000000000000000000e+00,0.000000000000000000e+00,0.000000000000000000e+00,0.000000000000000000e+00,0.000000000000000000e+00,2.436180303277336433e-03,7.329521340532928111e-04,1.136346247666384030e-03,2.799626147027255759e-03,4.351502583507996409e-03,5.648795723331469232e-03,6.585517175039753458e-03,7.102369743056477329e-03,7.186843890509304368e-03,6.865925963933485268e-03,6.194750378373871033e-03,5.244404836803022094e-03,4.091160639491799728e-03,2.808421982885834969e-03,1.462049089863463880e-03,1.091872323693181333e-04,0.000000000000000000e+00,0.000000000000000000e+00,0.000000000000000000e+00,0.000000000000000000e+00,0.000000000000000000e+00,0.000000000000000000e+00,0.000000000000000000e+00,0.000000000000000000e+00,0.000000000000000000e+00,0.000000000000000000e+00,0.000000000000000000e+00,0.000000000000000000e+00,0.000000000000000000e+00,0.000000000000000000e+00,0.000000000000000000e+00,5.595566540572018523e-04,1.398455547911866105e-03,2.036942355914530840e-03,2.434726863067745647e-03,2.580601663008326701e-03,2.494232727455646375e-03,2.222765211077505978e-03,1.833505210846708830e-03,9.412235284469784070e-05,4.679304299662272550e-04,8.583881823044315013e-04,0.000000000000000000e+00,0.000000000000000000e+00,0.000000000000000000e+00,0.000000000000000000e+00,0.000000000000000000e+00,0.000000000000000000e+00,0.000000000000000000e+00,0.000000000000000000e+00,0.000000000000000000e+00,8.662188711249154544e-04,1.766007059839174624e-03,2.527037930784676104e-03,1.517383503829567446e-03,9.317844059880820828e-04,1.838641213875678848e-04,0.000000000000000000e+00,0.000000000000000000e+00,0.000000000000000000e+00,0.000000000000000000e+00,0.000000000000000000e+00,0.000000000000000000e+00,5.219160971662521308e-04,2.028834652814173571e-03,3.623335617968198846e-03,5.100712243515013143e-03,6.277708044472189719e-03,7.028623613356511750e-03,0.000000000000000000e+00,0.000000000000000000e+00,0.000000000000000000e+00,0.000000000000000000e+00,0.000000000000000000e+00,6.381932110715573914e-06,8.346431871089612844e-04,1.212119245416455821e-03,1.181896147304620746e-03,8.301581414544412620e-04,2.608998475286007234e-04,0.000000000000000000e+00,0.000000000000000000e+00,0.000000000000000000e+00,0.000000000000000000e+00,0.000000000000000000e+00,0.000000000000000000e+00,0.000000000000000000e+00,0.000000000000000000e+00,0.000000000000000000e+00,0.000000000000000000e+00,0.000000000000000000e+00,0.000000000000000000e+00,8.199897128005151022e-07,2.282776482695638267e-05,0.000000000000000000e+00,0.000000000000000000e+00,0.000000000000000000e+00,0.000000000000000000e+00,0.000000000000000000e+00,0.000000000000000000e+00,0.000000000000000000e+00,0.000000000000000000e+00,0.000000000000000000e+00,0.000000000000000000e+00,0.000000000000000000e+00,0.000000000000000000e+00,0.000000000000000000e+00,0.000000000000000000e+00,0.000000000000000000e+00,0.000000000000000000e+00,0.000000000000000000e+00,0.000000000000000000e+00,0.000000000000000000e+00,6.061821637342194868e-03,2.218278913893120211e-03,1.718139534974350013e-03,0.000000000000000000e+00,0.000000000000000000e+00,0.000000000000000000e+00,0.000000000000000000e+00,0.000000000000000000e+00,0.000000000000000000e+00,0.000000000000000000e+00,0.000000000000000000e+00,3.190158805800699291e-04,2.067151754952824792e-03,2.193433593648935406e-03,2.333913696340297016e-03,2.177849962932769910e-03,1.717715714589886913e-03,9.854310305381570097e-04,5.396628170377108682e-05,0.000000000000000000e+00,0.000000000000000000e+00,0.000000000000000000e+00,0.000000000000000000e+00,0.000000000000000000e+00,0.000000000000000000e+00,3.195098605849546912e-04,6.591849053509530026e-04,1.003511494096510350e-03,1.348572107016543552e-03,1.690412956917489119e-03,1.999705221406373329e-03,6.404964065317941997e-03,3.066029062572091235e-03,0.000000000000000000e+00,0.000000000000000000e+00,0.000000000000000000e+00,0.000000000000000000e+00,0.000000000000000000e+00,0.000000000000000000e+00,0.000000000000000000e+00,0.000000000000000000e+00,0.000000000000000000e+00,0.000000000000000000e+00,0.000000000000000000e+00,0.000000000000000000e+00,0.000000000000000000e+00,0.000000000000000000e+00,0.000000000000000000e+00,0.000000000000000000e+00,0.000000000000000000e+00,0.000000000000000000e+00,0.000000000000000000e+00,0.000000000000000000e+00,0.000000000000000000e+00,1.424033377317608911e-04,5.715733958979584296e-04,7.220718473931278004e-04,6.325125725447986857e-04,3.773741286597852274e-04,5.432732443415015547e-05,0.000000000000000000e+00
0.000000000000000000e+00,8.929716954942890040e-04,0.000000000000000000e+00,0.000000000000000000e+00,0.000000000000000000e+00,0.000000000000000000e+00,0.000000000000000000e+00,0.000000000000000000e+00,0.000000000000000000e+00,0.000000000000000000e+00,0.000000000000000000e+00,0.000000000000000000e+00,0.000000000000000000e+00,3.031663930410283302e-04,3.028590220413828198e-04,1.096761131659288206e-03,0.000000000000000000e+00,0.000000000000000000e+00,0.000000000000000000e+00,0.000000000000000000e+00,0.000000000000000000e+00,0.000000000000000000e+00,0.000000000000000000e+00,0.000000000000000000e+00,0.000000000000000000e+00,0.000000000000000000e+00,0.000000000000000000e+00,0.000000000000000000e+00,0.000000000000000000e+00,0.000000000000000000e+00,0.000000000000000000e+00,3.419959044779931475e-04,1.270910376823716856e-03,1.958220308572556929e-03,2.378061442651055023e-03,2.540286905011234029e-03,2.488495412309246931e-03,2.290504203284463112e-03,2.023056783624212034e-03,4.820690133849883847e-04,1.538434448499476689e-03,0.000000000000000000e+00,0.000000000000000000e+00,0.000000000000000000e+00,0.000000000000000000e+00,0.000000000000000000e+00,0.000000000000000000e+00,1.600430259985817451e-04,4.249876343609233710e-04,6.852347564743724610e-04,9.379850770992438852e-04,1.180763962306167949e-03,7.716512544037291369e-04,2.270680754817855536e-03,3.681320528185563507e-03,4.882155735113559436e-03,5.775821839188894150e-03,6.301980661167387761e-03,6.444120139914158614e-03,6.229298696751150131e-03,5.721094011341406466e-03,5.007131053040870042e-03,4.183504209666529146e-03,3.339032588561230159e-03,2.542260142160415130e-03,1.833529801051446070e-03,1.223416668284865337e-03,6.976482752338175478e-04,2.273858208219725174e-04,0.000000000000000000e+00,0.000000000000000000e+00,0.000000000000000000e+00,0.000000000000000000e+00,0.000000000000000000e+00,0.000000000000000000e+00,0.000000000000000000e+00,0.000000000000000000e+00,0.000000000000000000e+00,0.000000000000000000e+00,0.000000000000000000e+00,0.000000000000000000e+00,0.000000000000000000e+00,0.000000000000000000e+00,4.290726780191181188e-05,8.501194180654479118e-04,1.567800229295978958e-03,2.170226006053626276e-03,2.651433950016644694e-03,3.012116857189134789e-03,3.244583282272949475e-03,3.324530172770028338e-03,3.215734040655556653e-03,2.887687296947391482e-03,2.339331652334354118e-03,1.617785891755304205e-03,8.216399509263491501e-04,8.411495413595354261e-05,0.000000000000000000e+00,0.000000000000000000e+00,0.000000000000000000e+00,0.000000000000000000e+00,2.018764855932074932e-04,7.246578091569073551e-04,1.122544585240004738e-03,1.289417525565362665e-03,0.000000000000000000e+00,0.000000000000000000e+00,0.000000000000000000e+00,2.024457775848357254e-03,1.570009589542293866e-05,6.363227612787001643e-05,1.079980468873390333e-03,1.941251615311434791e-03,2.631517523359654109e-03,3.163914905999114149e-03,3.532825493201476041e-03,3.949706185986889828e-03,4.215214819463812893e-03,0.000000000000000000e+00,0.000000000000000000e+00,0.000000000000000000e+00,0.000000000000000000e+00,0.000000000000000000e+00,0.000000000000000000e+00,0.000000000000000000e+00,0.000000000000000000e+00,0.000000000000000000e+00,0.000000000000000000e+00,0.000000000000000000e+00,1.705476106420586143e-03,0.000000000000000000e+00,0.000000000000000000e+00,0.000000000000000000e+00,0.000000000000000000e+00,0.000000000000000000e+00,0.000000000000000000e+00,0.000000000000000000e+00,0.000000000000000000e+00,0.000000000000000000e+00,0.000000000000000000e+00,0.000000000000000000e+00,0.000000000000000000e+00,0.000000000000000000e+00,0.000000000000000000e+00,0.000000000000000000e+00,0.000000000000000000e+00,0.000000000000000000e+00,0.000000000000000000e+00,2.494113310114410773e-04,6.320806580292847405e-04,7.990994822321972630e-04,6.597211627264577914e-04,1.750703443520810999e-04,0.000000000000000000e+00,0.000000000000000000e+00,0.000000000000000000e+00,0.000000000000000000e+00,0.000000000000000000e+00,0.000000000000000000e+00,1.185770310752193833e-04,4.351578145273137964e-04,7.629270989445926946e-04,1.098364416469940893e-03,1.437719625925932242e-03,1.777080718019243130e-03,2.112447711368567287e-03,2.741693169441647253e-03,2.897473840426898883e-03,0.000000000000000000e+00,0.000000000000000000e+00,0.000000000000000000e+00,0.000000000000000000e+00,7.259531074075431393e-04,1.424243846571562585e-03,1.968318356708254665e-03,2.295448373237402636e-03,2.381736861292109431e-03,2.250947731947463247e-03,1.967011486282983345e-03,1.613864024322226969e-03,1.271361002749283806e-03,9.968043313802784754e-04,8.181137638146350000e-04,7.388878373834471174e-04,7.505924485633570439e-04,8.450623942439557806e-04,1.021815284725460793e-03,1.288089868310322806e-03,1.653078359750348534e-03,2.119900360885406277e-03,2.679065318424373680e-03,3.305815019054378877e-03,3.961781713361167169e-03,4.599701839642444424e-03,5.169046968539731113e-03,5.620659112036211109e-03,5.909628778801908483e-03,5.997203308092689811e-03,5.853597678780748936e-03,5.463402927691066342e-03,4.833613435821501776e-03,4.001764146558868876e-03,3.039780354774512024e-03,2.117887995307029658e-03,2.173539593189683945e-03,2.229500064182030061e-03,2.249437741748259566e-03,2.185167644630058546e-03,1.987250809820454919e-03,1.618121951725425391e-03,1.064338857756672507e-03,1.185224053638687372e-03,1.511443521955945597e-03,1.698894346561782799e-03,1.743620078202973156e-03,1.678935450912685551e-03,1.561332335557887160e-03,1.451735826749042278e-03,1.397588644373543411e-03,1.420850566047167233e-03,1.514847465960046527e-03,1.649730578603992703e-03,1.783454211834520917e-03,1.873895329714099977e-03,1.888390864117400021e-03,1.808822401860180626e-03,1.632259914522472561e-03,1.368272233352947013e-03,1.034170111322865043e-03,6.492461692962482687e-04,7.682062471565752728e-04,1.051509076828932273e-03,1.228088142217099218e-03,1.298768731724274763e-03,1.263365389217088264e-03,1.119393798277504423e-03,8.632001209829442056e-04,4.930337567921345282e-04,1.296203104616094125e-05,0.000000000000000000e+00,0.000000000000000000e+00,0.000000000000000000e+00,0.000000000000000000e+00,0.000000000000000000e+00,0.000000000000000000e+00,0.000000000000000000e+00,0.000000000000000000e+00,0.000000000000000000e+00,0.000000000000000000e+00,0.000000000000000000e+00,0.000000000000000000e+00,0.000000000000000000e+00,0.000000000000000000e+00,0.000000000000000000e+00,0.000000000000000000e+00,0.000000000000000000e+00,0.000000000000000000e+00,0.000000000000000000e+00,0.000000000000000000e+00,0.000000000000000000e+00,0.000000000000000000e+00,0.000000000000000000e+00,0.000000000000000000e+00,8.074177316763207117e-04,1.514024679239831797e-03,1.897386899708915046e-03,1.934162511547166943e-03,1.641457443854743570e-03,1.078502195539579817e-03,3.399917077557793217e-04,0.000000000000000000e+00,1.385511403628848101e-05,1.054962176395606510e-04,1.873032888328459247e-04,2.590651770312840554e-04,3.206681017953984724e-04,3.720675513805203030e-04,4.132646435121967556e-04,4.442796329621533460e-04,4.651296860280101138e-04,4.758088120274686856e-04,4.762737370328374697e-04,4.664345258114933044e-04,4.461504303042093948e-04,4.152338034733671986e-04,3.734609015358555635e-04,5.469109081136031480e-04,1.116851661929645079e-03,1.454031206567901833e-03,1.597412490345819815e-03,1.589387144343389069e-03,1.458938347110105968e-03,1.214959950897973907e-03,8.512307862725467661e-04,3.595507967631740315e-04,0.000000000000000000e+00,4.913442041863596644e-04,1.007857422131718059e-03,1.496288090866478319e-03,1.930525140245044737e-03,2.275914979737993400e-03,2.490767668992216726e-03,2.532006564911925672e-03,2.364201279988770686e-03,1.969433602758301205e-03,1.354414357780955218e-03,5.517144875229626705e-04,0.000000000000000000e+00,0.000000000000000000e+00,0.000000000000000000e+00,0.000000000000000000e+00,0.000000000000000000e+00,0.000000000000000000e+00,6.950404959781458824e-05,2.614677103203892953e-04,4.564504090959160603e-04,7.073168756585613290e-04,1.061185090008858519e-03,1.545585377052339365e-03,2.157415782920156858e-03,2.858876801677498036e-03,3.582825401092936193e-03,4.246904880682881786e-03,4.772521198017023840e-03,5.102858854935584179e-03,5.214459761593869848e-03,5.119358272620583294e-03,4.858204601473731579e-03,0.000000000000000000e+00,0.000000000000000000e+00,0.000000000000000000e+00,0.000000000000000000e+00,0.000000000000000000e+00,0.000000000000000000e+00,0.000000000000000000e+00,0.000000000000000000e+00,0.000000000000000000e+00,0.000000000000000000e+00,0.000000000000000000e+00,0.000000000000000000e+00,0.000000000000000000e+00,0.000000000000000000e+00,0.000000000000000000e+00,0.000000000000000000e+00,0.000000000000000000e+00,0.000000000000000000e+00,0.000000000000000000e+00,0.000000000000000000e+00,0.000000000000000000e+00,0.000000000000000000e+00,0.000000000000000000e+00,0.000000000000000000e+00,0.000000000000000000e+00,9.052163817238552445e-04,1.179948831956434841e-03,5.609978751924996716e-04,1.135998779096723078e-04,0.000000000000000000e+00,6.461863330568710462e-05,5.769456030600947404e-04,1.456285524881357650e-03,2.644299678996269495e-03,2.240976970181138544e-03,2.135658479411359917e-03,2.005924989822152268e-03,1.853033730069152509e-03,1.678637850045197177e-03,1.484753728537404347e-03,1.273724046768769363e-03,1.048166920896316566e-03,8.109277982350588049e-04,5.650177744599103880e-04,3.135552248938168148e-04,5.970184901680397382e-05,0.000000000000000000e+00,0.000000000000000000e+00,0.000000000000000000e+00,0.000000000000000000e+00,0.000000000000000000e+00,0.000000000000000000e+00,0.000000000000000000e+00,0.000000000000000000e+00,0.000000000000000000e+00,0.000000000000000000e+00,0.000000000000000000e+00,2.782536971960339854e-04,9.769092924025210133e-04,1.595671326987046276e-03,1.991664974584390381e-03,2.048063793305980075e-03,1.705457859648180832e-03,9.803916409828776143e-04,0.000000000000000000e+00,0.000000000000000000e+00,0.000000000000000000e+00,0.000000000000000000e+00,0.000000000000000000e+00,0.000000000000000000e+00,0.000000000000000000e+00,0.000000000000000000e+00
0.000000000000000000e+00,0.000000000000000000e+00,0.000000000000000000e+00,0.000000000000000000e+00,0.000000000000000000e+00,7.854295035384996178e-06,3.663997342471555347e-04,8.882493431664257493e-04,1.566273236353951789e-03,2.654944157835951567e-03,2.217409236138464298e-03,2.639876736833570055e-03,2.916113292374223915e-03,3.003703844081462206e-03,2.885957026918810689e-03,2.570870526271988067e-03,2.084630589841734560e-03,1.463370298157672675e-03,7.469991834089742414e-04,0.000000000000000000e+00,0.000000000000000000e+00,0.000000000000000000e+00,0.000000000000000000e+00,1.655395352599558806e-04,3.709912433027339027e-04,5.870731879253249545e-04,8.116206770626859576e-04,1.042308845098147965e-03,1.276691071095921188e-03,1.512244004694081106e-03,1.746410474339296030e-03,1.976646403545956072e-03,2.200464440694127957e-03,2.415479678133540097e-03,2.619450139748108648e-03,2.810314226991300277e-03,2.986226273748767823e-03,3.145587382205428800e-03,3.287068728023215258e-03,3.409633604709902833e-03,3.512550773047356731e-03,3.595405893859130678e-03,3.658101985109681736e-03,3.700858370602395572e-03,7.022203076550704443e-03,4.879892380316274390e-03,0.000000000000000000e+00,0.000000000000000000e+00,0.000000000000000000e+00,0.000000000000000000e+00,0.000000000000000000e+00,4.300255844663147049e-04,6.793817708173096725e-04,7.179067586933189247e-04,5.891561779056656446e-04,3.564907709963052078e-04,9.145157011577052688e-05,0.000000000000000000e+00,0.000000000000000000e+00,0.000000000000000000e+00,1.847946740283811027e-04,6.030060434999341299e-04,8.374712381157940148e-04,8.861750125985434160e-04,7.684817785209277410e-04,5.177297203393651723e-04,1.732769964220751526e-04,0.000000000000000000e+00,0.000000000000000000e+00,0.000000000000000000e+00,0.000000000000000000e+00,0.000000000000000000e+00,0.000000000000000000e+00,0.000000000000000000e+00,0.000000000000000000e+00,0.000000000000000000e+00,0.000000000000000000e+00,0.000000000000000000e+00,0.000000000000000000e+00,0.000000000000000000e+00,0.000000000000000000e+00,0.000000000000000000e+00,0.000000000000000000e+00,4.939331898830624822e-06,1.910632316912858097e-04,6.459630145778329138e-04,9.508202509904852386e-04,1.043966316122354110e-03,1.403105808017468016e-03,0.000000000000000000e+00,0.000000000000000000e+00,0.000000000000000000e+00,0.000000000000000000e+00,0.000000000000000000e+00,0.000000000000000000e+00,0.000000000000000000e+00,0.000000000000000000e+00,0.000000000000000000e+00,0.000000000000000000e+00,0.000000000000000000e+00,0.000000000000000000e+00,0.000000000000000000e+00,0.000000000000000000e+00,0.000000000000000000e+00,0.000000000000000000e+00,2.423995059486432242e-03,0.000000000000000000e+00,0.000000000000000000e+00,0.000000000000000000e+00,0.000000000000000000e+00,5.679025984878011048e-04,1.041981823470251606e-03,1.328627252337314432e-03,1.363924224785995889e-03,1.104505252300854888e-03,5.413083965813916430e-04,0.000000000000000000e+00,0.000000000000000000e+00,0.000000000000000000e+00,0.000000000000000000e+00,9.699353333831532264e-04,2.104930948808524452e-03,3.167821003293183352e-03,4.040503330786720908e-03,4.605322666159732646e-03,4.772077034814854561e-03,4.500011382928044250e-03,3.809109853304052176e-03,2.778481642602332203e-03,1.533033974505504556e-03,1.617456670102308250e-03,2.109366114920423543e-03,2.182675978470673215e-03,1.819661469647713059e-03,1.063463902298099036e-03,1.281783605776059932e-05,0.000000000000000000e+00,0.000000000000000000e+00,0.000000000000000000e+00,0.000000000000000000e+00,0.000000000000000000e+00,0.000000000000000000e+00,0.000000000000000000e+00,8.553284893571105592e-05,2.469294191895623006e-04,3.929496421403033007e-04,5.207311340770533594e-04,6.277708452434504691e-04,7.119969158490558865e-04,7.718308260936483905e-04,8.062400843375953441e-04,8.147700631900121762e-04,7.975659907711376293e-04,7.553714433113040225e-04,6.895161026307723056e-04,6.018814620765183983e-04,4.948519829043848727e-04,3.712528120853128165e-04,2.342720966881227547e-04,8.737592907738979278e-05,0.000000000000000000e+00,0.000000000000000000e+00,0.000000000000000000e+00,0.000000000000000000e+00,0.000000000000000000e+00,0.000000000000000000e+00,0.000000000000000000e+00,0.000000000000000000e+00,0.000000000000000000e+00,0.000000000000000000e+00,0.000000000000000000e+00,0.000000000000000000e+00,0.000000000000000000e+00,0.000000000000000000e+00,0.000000000000000000e+00,0.000000000000000000e+00,0.000000000000000000e+00,6.145615741183227745e-04,1.325283594688260458e-03,1.794900386370884169e-03,2.199852755485644067e-03,2.218365102023545782e-03,1.844566625306418581e-03,1.127466790476386749e-03,1.662248315879356105e-04,0.000000000000000000e+00,0.000000000000000000e+00,0.000000000000000000e+00,0.000000000000000000e+00,7.638540794834172796e-05,3.510401498580237225e-04,5.787840839293042008e-04,2.999446150065367481e-03,0.000000000000000000e+00,0.000000000000000000e+00,0.000000000000000000e+00,4.737800885256898513e-04,2.211008613122589141e-03,1.853857968958675653e-03,2.265681665525771937e-03,2.462384587366030567e-03,2.435320531751365963e-03,2.183144028280222491e-03,1.711316993312223542e-03,1.034644300220659676e-03,1.821454495782543566e-04,0.000000000000000000e+00,0.000000000000000000e+00,0.000000000000000000e+00,0.000000000000000000e+00,0.000000000000000000e+00,0.000000000000000000e+00,0.000000000000000000e+00,0.000000000000000000e+00,0.000000000000000000e+00,0.000000000000000000e+00,0.000000000000000000e+00,5.342037470059774959e-04,8.063472176361587791e-04,3.702588953166567089e-03,0.000000000000000000e+00,0.000000000000000000e+00,0.000000000000000000e+00,0.000000000000000000e+00,0.000000000000000000e+00,0.000000000000000000e+00,0.000000000000000000e+00,0.000000000000000000e+00,0.000000000000000000e+00,0.000000000000000000e+00,0.000000000000000000e+00,0.000000000000000000e+00,0.000000000000000000e+00,0.000000000000000000e+00,0.000000000000000000e+00,0.000000000000000000e+00,0.000000000000000000e+00,4.078223261428893197e-05,0.000000000000000000e+00,0.000000000000000000e+00,0.000000000000000000e+00,0.000000000000000000e+00,0.000000000000000000e+00,0.000000000000000000e+00,0.000000000000000000e+00,0.000000000000000000e+00,0.000000000000000000e+00,0.000000000000000000e+00,0.000000000000000000e+00,0.000000000000000000e+00,0.000000000000000000e+00,0.000000000000000000e+00,0.000000000000000000e+00,0.000000000000000000e+00,0.000000000000000000e+00,0.000000000000000000e+00,0.000000000000000000e+00,0.000000000000000000e+00,0.000000000000000000e+00,0.000000000000000000e+00,0.000000000000000000e+00,0.000000000000000000e+00,0.000000000000000000e+00,0.000000000000000000e+00,0.000000000000000000e+00,2.054942407537592355e-04,8.852147605976504532e-04,4.888440433063898083e-03,0.000000000000000000e+00,0.000000000000000000e+00,0.000000000000000000e+00,0.000000000000000000e+00,0.000000000000000000e+00,0.000000000000000000e+00,0.000000000000000000e+00,0.000000000000000000e+00,7.687189842224587631e-05,7.444110379458372803e-04,1.283486108125527327e-03,1.632004995901448815e-03,1.742248270397570714e-03,1.591110053401829363e-03,1.186149313951698897e-03,5.658839818563049084e-04,0.000000000000000000e+00,0.000000000000000000e+00,0.000000000000000000e+00,0.000000000000000000e+00,0.000000000000000000e+00,0.000000000000000000e+00,0.000000000000000000e+00,0.000000000000000000e+00,0.000000000000000000e+00,0.000000000000000000e+00,0.000000000000000000e+00,0.000000000000000000e+00,0.000000000000000000e+00,0.000000000000000000e+00,0.000000000000000000e+00,0.000000000000000000e+00,0.000000000000000000e+00,0.000000000000000000e+00,0.000000000000000000e+00,0.000000000000000000e+00,0.000000000000000000e+00,0.000000000000000000e+00,0.000000000000000000e+00,0.000000000000000000e+00,0.000000000000000000e+00,0.000000000000000000e+00,4.889374828655240015e-06,6.113184367373060326e-05,5.932881359945227362e-03,1.273788374855151350e-03,2.554430409057979008e-04,0.000000000000000000e+00,7.163776694043118504e-05,3.921366155585232762e-04,7.655234643445201327e-04,1.132835038645580664e-03,0.000000000000000000e+00,0.000000000000000000e+00,0.000000000000000000e+00,3.040665170680027524e-04,8.000280577466594963e-04,5.972079035404015586e-04,1.033240370036518944e-03,1.503505819584923398e-03,1.919810836091210464e-03,2.203556979742738505e-03,0.000000000000000000e+00,0.000000000000000000e+00,0.000000000000000000e+00,0.000000000000000000e+00,0.000000000000000000e+00,2.137355588972500128e-04,1.015387645545490301e-03,1.757801867969268315e-03,2.372190609075244816e-03,2.804874532648582962e-03,3.026281314231429528e-03,3.037714702741937944e-03,2.873621374601127276e-03,2.597697849436832445e-03,2.292497161321873506e-03,2.043910868057888068e-03,1.923539879013421664e-03,1.973083209181945245e-03,2.194921856759908529e-03,2.551898445107050536e-03,2.976867619980949620e-03,3.389661325637283607e-03,3.716669471459538212e-03,3.907410066965616262e-03,3.943614202603001884e-03,3.839129777705002546e-03,3.632025954131801009e-03,3.372445913689697643e-03,3.110183108422294885e-03,2.884921554958955886e-03,2.720363406295304640e-03,2.651474163178285139e-03,3.032734494446950001e-03,3.490424399563448084e-03,3.997906889019892281e-03,0.000000000000000000e+00,0.000000000000000000e+00,0.000000000000000000e+00,0.000000000000000000e+00,0.000000000000000000e+00,0.000000000000000000e+00,0.000000000000000000e+00,0.000000000000000000e+00,1.170607573759986295e-03,0.000000000000000000e+00,0.000000000000000000e+00,0.000000000000000000e+00,0.000000000000000000e+00,0.000000000000000000e+00,0.000000000000000000e+00,0.000000000000000000e+00,0.000000000000000000e+00,7.549999765844204135e-05,2.200886648991761809e-05,0.000000000000000000e+00,0.000000000000000000e+00,0.000000000000000000e+00,0.000000000000000000e+00,0.000000000000000000e+00,0.000000000000000000e+00,0.000000000000000000e+00,0.000000000000000000e+00,0.000000000000000000e+00,0.000000000000000000e+00,0.000000000000000000e+00,0.000000000000000000e+00,0.000000000000000000e+00,0.000000000000000000e+00,0.000000000000000000e+00,0.000000000000000000e+00
1.765169259735600927e-07,9.719728772678603353e-04,1.350821511327715942e-03,1.342840769142490242e-03,1.509333786555411587e-03,1.479365669587975191e-03,1.251173422289671719e-03,8.436268990317308866e-04,2.929407370687979201e-04,0.000000000000000000e+00,0.000000000000000000e+00,0.000000000000000000e+00,0.000000000000000000e+00,0.000000000000000000e+00,0.000000000000000000e+00,0.000000000000000000e+00,0.000000000000000000e+00,0.000000000000000000e+00,0.000000000000000000e+00,0.000000000000000000e+00,0.000000000000000000e+00,0.000000000000000000e+00,0.000000000000000000e+00,0.000000000000000000e+00,0.000000000000000000e+00,0.000000000000000000e+00,0.000000000000000000e+00,0.000000000000000000e+00,0.000000000000000000e+00,0.000000000000000000e+00,1.708091473309207705e-03,1.456356344657819008e-03,7.559188029885813981e-04,0.000000000000000000e+00,2.521887532455466437e-04,4.515050368393218978e-04,5.017419068358915275e-04,3.840771935385386320e-04,0.000000000000000000e+00,0.000000000000000000e+00,0.000000000000000000e+00,0.000000000000000000e+00,0.000000000000000000e+00,0.000000000000000000e+00,4.560171723390913159e-05,4.435790464345871218e-04,1.082114116227085804e-03,1.945998506617735392e-03,2.968918822760511275e-03,4.042587780393657945e-03,5.038759722379911390e-03,0.000000000000000000e+00,0.000000000000000000e+00,0.000000000000000000e+00,0.000000000000000000e+00,0.000000000000000000e+00,0.000000000000000000e+00,0.000000000000000000e+00,0.000000000000000000e+00,0.000000000000000000e+00,0.000000000000000000e+00,0.000000000000000000e+00,0.000000000000000000e+00,0.000000000000000000e+00,7.868216614491830175e-04,1.752622373229694884e-03,2.693479623751592836e-03,0.000000000000000000e+00,0.000000000000000000e+00,0.000000000000000000e+00,0.000000000000000000e+00,0.000000000000000000e+00,0.000000000000000000e+00,0.000000000000000000e+00,0.000000000000000000e+00,0.000000000000000000e+00,0.000000000000000000e+00,9.755474029163630368e-04,2.001519121367853482e-03,2.858194423856113935e-03,3.480516772651329974e-03,3.814267371473849602e-03,3.822741783966645233e-03,3.494989994166968796e-03,2.853070396511399754e-03,1.954865326647341195e-03,8.895322704815816382e-04,0.000000000000000000e+00,0.000000000000000000e+00,0.000000000000000000e+00,0.000000000000000000e+00,0.000000000000000000e+00,0.000000000000000000e+00,0.000000000000000000e+00,0.000000000000000000e+00,0.000000000000000000e+00,0.000000000000000000e+00,0.000000000000000000e+00,0.000000000000000000e+00,0.000000000000000000e+00,0.000000000000000000e+00,4.213924655481928578e-04,9.844860322122989289e-04,1.501545427970543299e-03,4.993485903778698345e-03,4.632961341819393647e-03,0.000000000000000000e+00,0.000000000000000000e+00,0.000000000000000000e+00,0.000000000000000000e+00,0.000000000000000000e+00,0.000000000000000000e+00,0.000000000000000000e+00,0.000000000000000000e+00,0.000000000000000000e+00,0.000000000000000000e+00,0.000000000000000000e+00,0.000000000000000000e+00,0.000000000000000000e+00,0.000000000000000000e+00,0.000000000000000000e+00,0.000000000000000000e+00,0.000000000000000000e+00,0.000000000000000000e+00,0.000000000000000000e+00,0.000000000000000000e+00,0.000000000000000000e+00,0.000000000000000000e+00,0.000000000000000000e+00,0.000000000000000000e+00,4.232691192511769018e-04,8.765884471929364123e-04,1.247797572011900662e-03,1.537113035521306490e-03,1.750938051242487961e-03,1.902227681116750065e-03,2.008544574959681989e-03,2.087403589109497557e-03,2.150495501138236475e-03,1.883842452872794542e-03,2.136534677242500624e-03,4.838098888638732681e-04,8.095780937181719285e-04,1.149289860399705212e-03,1.489688693581252841e-03,1.810922294640422052e-03,2.094930529072385351e-03,2.333984457968402235e-03,2.535284236270304165e-03,0.000000000000000000e+00,0.000000000000000000e+00,0.000000000000000000e+00,0.000000000000000000e+00,0.000000000000000000e+00,0.000000000000000000e+00,0.000000000000000000e+00,0.000000000000000000e+00,0.000000000000000000e+00,0.000000000000000000e+00,0.000000000000000000e+00,0.000000000000000000e+00,0.000000000000000000e+00,0.000000000000000000e+00,0.000000000000000000e+00,0.000000000000000000e+00,0.000000000000000000e+00,0.000000000000000000e+00,0.000000000000000000e+00,1.337160570763219996e-04,5.095346895608279976e-04,1.557276529799009150e-03,2.592579523129333926e-03,3.571581539776227509e-03,4.452917825972305121e-03,5.200886264149659662e-03,5.787609503594536714e-03,6.193267596956982673e-03,6.404497894380374763e-03,0.000000000000000000e+00,0.000000000000000000e+00,0.000000000000000000e+00,0.000000000000000000e+00,0.000000000000000000e+00,6.715197046740540047e-04,1.872726785511353350e-03,2.970510581499276239e-03,3.884279919797917549e-03,0.000000000000000000e+00,0.000000000000000000e+00,0.000000000000000000e+00,0.000000000000000000e+00,0.000000000000000000e+00,0.000000000000000000e+00,0.000000000000000000e+00,0.000000000000000000e+00,2.616838034784642851e-04,5.611749813293570805e-04,6.771352329463672069e-04,6.322497351664309708e-04,4.809298141728895917e-04,2.967379159380377517e-04,1.557332465971819049e-04,1.206309475044459715e-04,2.297969848478344896e-04,4.930492430659130614e-04,8.939712688680873228e-04,1.396878884224984950e-03,1.956038930367794745e-03,0.000000000000000000e+00,0.000000000000000000e+00,0.000000000000000000e+00,0.000000000000000000e+00,0.000000000000000000e+00,0.000000000000000000e+00,0.000000000000000000e+00,0.000000000000000000e+00,0.000000000000000000e+00,0.000000000000000000e+00,0.000000000000000000e+00,0.000000000000000000e+00,0.000000000000000000e+00,0.000000000000000000e+00,0.000000000000000000e+00,0.000000000000000000e+00,0.000000000000000000e+00,0.000000000000000000e+00,0.000000000000000000e+00,0.000000000000000000e+00,5.805665715819311162e-04,9.977523234207606295e-04,1.137064844991989704e-03,1.017364172109012140e-03,6.978512188317236671e-04,7.603976977037680282e-04,8.704051074186762611e-04,1.007959619987732272e-03,1.200288910255867519e-03,1.455680477651052603e-03,1.762871738446839540e-03,2.094103269946475266e-03,2.411084880969454475e-03,2.673013029442850193e-03,2.845361750860414020e-03,2.907580643385018326e-03,2.857592798262950477e-03,2.711585764376254429e-03,2.498975155185815221e-03,1.650373549939827735e-03,1.386184192813668184e-03,9.998895453615054205e-04,5.002205396849297801e-04,0.000000000000000000e+00,0.000000000000000000e+00,0.000000000000000000e+00,0.000000000000000000e+00,0.000000000000000000e+00,0.000000000000000000e+00,0.000000000000000000e+00,0.000000000000000000e+00,0.000000000000000000e+00,0.000000000000000000e+00,0.000000000000000000e+00,0.000000000000000000e+00,0.000000000000000000e+00,5.125041783378744137e-04,1.300583786214262435e-03,2.039045616306440524e-03,2.651616918052744371e-03,3.076611879579097854e-03,3.283982684533941643e-03,0.000000000000000000e+00,0.000000000000000000e+00,0.000000000000000000e+00,0.000000000000000000e+00,0.000000000000000000e+00,0.000000000000000000e+00,0.000000000000000000e+00,0.000000000000000000e+00,0.000000000000000000e+00,0.000000000000000000e+00,0.000000000000000000e+00,0.000000000000000000e+00,0.000000000000000000e+00,0.000000000000000000e+00,0.000000000000000000e+00,0.000000000000000000e+00,0.000000000000000000e+00,0.000000000000000000e+00,0.000000000000000000e+00,0.000000000000000000e+00,0.000000000000000000e+00,0.000000000000000000e+00,0.000000000000000000e+00,0.000000000000000000e+00,0.000000000000000000e+00,0.000000000000000000e+00,0.000000000000000000e+00,0.000000000000000000e+00,0.000000000000000000e+00,0.000000000000000000e+00,0.000000000000000000e+00,0.000000000000000000e+00,1.333688898471834070e-04,4.095790747252626290e-04,6.842428948074141988e-04,9.765380174169703120e-04,1.295229853839190495e-03,1.638845281342156271e-03,1.999415560711454310e-03,2.367725995428599569e-03,2.737664913448550636e-03,0.000000000000000000e+00,0.000000000000000000e+00,0.000000000000000000e+00,0.000000000000000000e+00,0.000000000000000000e+00,0.000000000000000000e+00,0.000000000000000000e+00,2.029007000025553225e-04,4.397741486540299844e-04,6.633288180213179220e-04,8.715648523635083529e-04,1.062772422622399772e-03,1.235543803031881197e-03,1.388780185102545320e-03,2.374534145659906639e-03,0.000000000000000000e+00,0.000000000000000000e+00,0.000000000000000000e+00,0.000000000000000000e+00,0.000000000000000000e+00,0.000000000000000000e+00,0.000000000000000000e+00,0.000000000000000000e+00,0.000000000000000000e+00,2.274358078793117409e-04,9.220994606013941655e-04,1.722477769293302057e-03,2.587694529004295422e-03,3.454127488699796321e-03,3.093476831167593470e-03,2.631249851540996571e-03,2.033119712894441728e-03,1.309320096035220459e-03,4.785099509425320302e-04,0.000000000000000000e+00,0.000000000000000000e+00,0.000000000000000000e+00,0.000000000000000000e+00,0.000000000000000000e+00,0.000000000000000000e+00,0.000000000000000000e+00,0.000000000000000000e+00,0.000000000000000000e+00,0.000000000000000000e+00,0.000000000000000000e+00,2.270939365576719968e-03,1.613592736804268270e-03,1.265016174133203834e-03,0.000000000000000000e+00,0.000000000000000000e+00,0.000000000000000000e+00,0.000000000000000000e+00,0.000000000000000000e+00,0.000000000000000000e+00,0.000000000000000000e+00,0.000000000000000000e+00,0.000000000000000000e+00,0.000000000000000000e+00,0.000000000000000000e+00,0.000000000000000000e+00,0.000000000000000000e+00,4.461198229240351514e-04,6.289862509491494797e-04,1.010674980869426731e-03,1.320547292853359008e-03,1.539039967964542363e-03,1.656188762453337723e-03,1.675860303890159501e-03,1.618099473883556757e-03,1.517895333418422220e-03,1.419893745962083967e-03,1.370048090417973251e-03,1.406365854594165531e-03,1.551346057582464943e-03,1.808205473332197017e-03,2.161752113323988939e-03,2.583176974043860721e-03,7.013920899993293309e-03,0.000000000000000000e+00,0.000000000000000000e+00,0.000000000000000000e+00,0.000000000000000000e+00,0.000000000000000000e+00,0.000000000000000000e+00,0.000000000000000000e+00,0.000000000000000000e+00,0.000000000000000000e+00,0.000000000000000000e+00,0.000000000000000000e+00
2.268536053903864450e-07,1.324073240296303735e-03,2.631735513055527380e-03,3.766491791694089476e-03,0.000000000000000000e+00,0.000000000000000000e+00,0.000000000000000000e+00,0.000000000000000000e+00,0.000000000000000000e+00,0.000000000000000000e+00,0.000000000000000000e+00,0.000000000000000000e+00,0.000000000000000000e+00,0.000000000000000000e+00,0.000000000000000000e+00,0.000000000000000000e+00,0.000000000000000000e+00,0.000000000000000000e+00,0.000000000000000000e+00,0.000000000000000000e+00,0.000000000000000000e+00,0.000000000000000000e+00,0.000000000000000000e+00,0.000000000000000000e+00,0.000000000000000000e+00,0.000000000000000000e+00,0.000000000000000000e+00,0.000000000000000000e+00,0.000000000000000000e+00,0.000000000000000000e+00,0.000000000000000000e+00,0.000000000000000000e+00,0.000000000000000000e+00,0.000000000000000000e+00,0.000000000000000000e+00,0.000000000000000000e+00,0.000000000000000000e+00,0.000000000000000000e+00,0.000000000000000000e+00,0.000000000000000000e+00,0.000000000000000000e+00,0.000000000000000000e+00,0.000000000000000000e+00,0.000000000000000000e+00,0.000000000000000000e+00,0.000000000000000000e+00,0.000000000000000000e+00,0.000000000000000000e+00,0.000000000000000000e+00,0.000000000000000000e+00,0.000000000000000000e+00,0.000000000000000000e+00,0.000000000000000000e+00,0.000000000000000000e+00,0.000000000000000000e+00,0.000000000000000000e+00,0.000000000000000000e+00,0.000000000000000000e+00,0.000000000000000000e+00,3.770382146820845594e-04,7.331795489818105672e-04,9.792751592984081689e-04,1.144738204534470269e-03,1.287159349335928633e-03,1.467475418363945036e-03,1.724852063604531607e-03,2.060928597981897138e-03,2.438906868079241536e-03,2.796756908451440878e-03,3.068373796989136686e-03,3.204222722329261568e-03,3.184531425093685073e-03,3.022138065183463396e-03,2.965297341811335297e-03,0.000000000000000000e+00,0.000000000000000000e+00,0.000000000000000000e+00,0.000000000000000000e+00,0.000000000000000000e+00,0.000000000000000000e+00,0.000000000000000000e+00,0.000000000000000000e+00,0.000000000000000000e+00,0.000000000000000000e+00,0.000000000000000000e+00,0.000000000000000000e+00,0.000000000000000000e+00,0.000000000000000000e+00,1.805131417173149724e-03,4.959683480342707770e-03,0.000000000000000000e+00,0.000000000000000000e+00,0.000000000000000000e+00,0.000000000000000000e+00,0.000000000000000000e+00,0.000000000000000000e+00,0.000000000000000000e+00,0.000000000000000000e+00,0.000000000000000000e+00,0.000000000000000000e+00,0.000000000000000000e+00,0.000000000000000000e+00,0.000000000000000000e+00,0.000000000000000000e+00,0.000000000000000000e+00,0.000000000000000000e+00,1.289509330983728099e-04,4.060732835122009255e-04,8.188043146302252098e-04,1.347129207514685418e-03,1.936928804597643373e-03,2.512503071259300242e-03,2.993571230810591552e-03,3.312827735287848796e-03,3.430058875313978569e-03,3.339618268349320122e-03,3.069731746095445864e-03,2.674393014176459655e-03,2.220828575043826136e-03,1.776691859599377303e-03,1.400724293786936511e-03,1.460760257295627262e-03,1.578937103121246226e-03,1.694758038245901439e-03,1.808878390238515639e-03,1.921873794278447208e-03,2.320614472849096173e-03,4.947805796519491421e-03,0.000000000000000000e+00,0.000000000000000000e+00,0.000000000000000000e+00,0.000000000000000000e+00,0.000000000000000000e+00,0.000000000000000000e+00,0.000000000000000000e+00,0.000000000000000000e+00,0.000000000000000000e+00,0.000000000000000000e+00,1.439501724255271193e-04,2.437079837536486272e-04,2.076741854080981398e-04,1.250716972829262320e-04,8.855189307397952814e-05,1.678626428114072253e-04,3.948265658145006982e-04,7.619330172552871627e-04,0.000000000000000000e+00,0.000000000000000000e+00,0.000000000000000000e+00,0.000000000000000000e+00,0.000000000000000000e+00,0.000000000000000000e+00,0.000000000000000000e+00,0.000000000000000000e+00,0.000000000000000000e+00,0.000000000000000000e+00,0.000000000000000000e+00,0.000000000000000000e+00,0.000000000000000000e+00,4.864162221455394170e-04,1.056766122459524507e-03,1.568350267396041763e-03,1.959525199886977351e-03,2.180242364017541141e-03,2.201835849636682267e-03,2.021440816729620348e-03,1.660865655621653839e-03,1.161029495455958216e-03,5.886564671663113962e-04,6.264389430259013946e-04,6.392313499982779515e-04,6.270101684867787845e-04,8.871696732228526172e-04,1.078688238367080804e-03,1.069437646380286006e-03,9.058182914142386263e-04,6.584147723935716975e-04,3.951454452037837361e-04,1.590752713223911265e-04,0.000000000000000000e+00,0.000000000000000000e+00,0.000000000000000000e+00,0.000000000000000000e+00,0.000000000000000000e+00,0.000000000000000000e+00,0.000000000000000000e+00,0.000000000000000000e+00,0.000000000000000000e+00,0.000000000000000000e+00,0.000000000000000000e+00,1.564100201933474028e-05,5.235830272145294492e-04,1.024571550999184809e-03,1.480449413778422551e-03,1.858091075530663187e-03,2.128242688484530479e-03,2.265824723164787217e-03,2.252471754908733428e-03,2.080537943942690430e-03,1.756947999970067060e-03,1.305246008358121844e-03,1.599414117943199218e-03,1.935262454302227658e-03,2.217625195163340328e-03,2.447876955300532995e-03,2.636091883443334241e-03,2.792845175614763580e-03,2.922824534328572355e-03,3.022656922260306619e-03,3.083318199147391976e-03,3.095513243011549943e-03,3.055282774602134047e-03,2.967140484461648804e-03,2.843234476992042258e-03,2.698820869506546403e-03,2.546005602132839305e-03,2.388541621110309120e-03,2.220130675277607116e-03,2.027376194652057064e-03,1.796742253880491327e-03,0.000000000000000000e+00,0.000000000000000000e+00,0.000000000000000000e+00,1.104193664720723821e-05,4.539624823719611534e-03,0.000000000000000000e+00,0.000000000000000000e+00,0.000000000000000000e+00,1.036085171141376635e-03,2.342358363929224543e-03,3.465015795903847277e-03,4.321583476789811126e-03,4.836055467907281191e-03,4.953175777165235577e-03,4.653663802714788460e-03,3.965482733511336080e-03,2.966856923082974995e-03,1.779001011770588734e-03,5.495362929361122077e-04,5.294632998324553955e-04,7.824842167758675046e-04,1.048201273557884368e-03,1.323652872040005125e-03,1.605675511391588565e-03,1.890959690506123850e-03,2.176108857071784586e-03,2.457699594601432582e-03,2.732340985358636468e-03,2.996730999758409706e-03,3.247712630894546062e-03,3.482319721786333606e-03,3.697825405549979086e-03,3.891777684629690957e-03,4.062032092731885681e-03,4.206778931273694004e-03,4.324560129440284742e-03,4.414283838520126346e-03,4.475232119309258648e-03,4.507058528912053462e-03,4.509786968706617528e-03,4.483798451894370658e-03,4.429817301885085462e-03,4.348890459703192400e-03,4.242360867929841420e-03,4.111840775873581814e-03,3.959176477148149131e-03,3.786412363477457618e-03,3.595752322156850478e-03,3.389516908342022228e-03,3.170101077154679169e-03,2.939930958837378306e-03,2.701420859004987317e-03,2.456932931782306474e-03,2.208737029450953508e-03,1.958976307915740941e-03,1.709637671142388805e-03,1.462525210015346586e-03,1.219239398551610117e-03,9.811671728545687862e-04,7.494717719509787603e-04,5.250937992141677417e-04,3.087552802795131071e-04,1.009725912358673745e-04,0.000000000000000000e+00,0.000000000000000000e+00,0.000000000000000000e+00,0.000000000000000000e+00,0.000000000000000000e+00,0.000000000000000000e+00,0.000000000000000000e+00,1.219698090933563702e-04,6.977188652315807760e-04,1.206556181263944297e-03,1.598327741069845978e-03,1.817340287428962980e-03,1.818894915829591570e-03,1.584991680113571584e-03,1.134209785894756562e-03,5.226420901362951576e-04,0.000000000000000000e+00,0.000000000000000000e+00,0.000000000000000000e+00,0.000000000000000000e+00,0.000000000000000000e+00,0.000000000000000000e+00,0.000000000000000000e+00,1.096307095363734194e-03,1.854681092786306801e-03,2.603915341450361090e-03,7.219178927366650626e-04,1.904361884144704746e-03,2.859082568742506419e-03,3.495647549990964827e-03,3.764999323945930620e-03,3.668079240126105069e-03,3.255646449650407247e-03,2.619511480359659316e-03,1.877183993866122363e-03,6.190492927076528089e-03,5.586170881138437716e-04,1.763606806650018998e-04,4.625121429921076355e-05,1.597345461771735014e-04,4.607392162533331605e-04,8.551435185733092343e-04,1.228188556366371226e-03,1.467464767743143720e-03,1.486965387413558513e-03,1.246330434754960035e-03,7.597721461026873783e-04,9.170021708127832022e-05,0.000000000000000000e+00,0.000000000000000000e+00,0.000000000000000000e+00,0.000000000000000000e+00,0.000000000000000000e+00,0.000000000000000000e+00,0.000000000000000000e+00,0.000000000000000000e+00,0.000000000000000000e+00,0.000000000000000000e+00,0.000000000000000000e+00,3.928492383865479884e-04,9.233019211461551906e-04,1.305701730953701904e-03,1.498349974946549873e-03,1.488763596867289252e-03,1.300427270427150341e-03,9.908664630678700423e-04,8.452413967710727507e-04,1.164564086562343108e-03,1.174944826744696823e-03,9.120596209906588550e-04,4.451578276395558005e-04,2.876496719831178150e-04,4.691638147252999002e-04,6.172872578901585560e-04,6.895286141619573093e-04,6.695196825163275646e-04,5.654369842487419690e-04,4.000410810021828400e-04,1.967730134937396218e-04,0.000000000000000000e+00,0.000000000000000000e+00,0.000000000000000000e+00,0.000000000000000000e+00,0.000000000000000000e+00,0.000000000000000000e+00,0.000000000000000000e+00,0.000000000000000000e+00,0.000000000000000000e+00,0.000000000000000000e+00,0.000000000000000000e+00,0.000000000000000000e+00,0.000000000000000000e+00,0.000000000000000000e+00,2.770475632178804205e-04,1.141237383505599263e-03,1.860057854711198765e-03,2.355193733519568219e-03,2.558917833854921272e-03,2.430736307639745457e-03,1.970047107145747513e-03,1.220129459271028461e-03,2.610230245621885303e-04,0.000000000000000000e+00,0.000000000000000000e+00,1.806482886290156217e-04,4.445547540831147441e-04,5.862014229827042624e-04,5.941849699499494484e-04,4.688731897122582403e-04,2.256257719207585642e-04,0.000000000000000000e+00,0.000000000000000000e+00,0.000000000000000000e+00,0.000000000000000000e+00,0.000000000000000000e+00,0.000000000000000000e+00,0.000000000000000000e+00
1.562224777788438477e-07,0.000000000000000000e+00,0.000000000000000000e+00,0.000000000000000000e+00,1.035060870933760034e-04,6.577938934227286431e-04,1.443587717192733452e-03,2.390028036713869129e-03,3.390847977730021730e-03,0.000000000000000000e+00,0.000000000000000000e+00,0.000000000000000000e+00,0.000000000000000000e+00,0.000000000000000000e+00,0.000000000000000000e+00,0.000000000000000000e+00,0.000000000000000000e+00,0.000000000000000000e+00,0.000000000000000000e+00,0.000000000000000000e+00,0.000000000000000000e+00,0.000000000000000000e+00,0.000000000000000000e+00,0.000000000000000000e+00,0.000000000000000000e+00,3.901565128559723807e-04,0.000000000000000000e+00,0.000000000000000000e+00,0.000000000000000000e+00,0.000000000000000000e+00,4.894984148415173607e-04,1.125883550595889026e-03,1.696779411323498738e-03,2.107366185914558761e-03,2.295205579642260220e-03,2.240035793843684828e-03,1.963350349314964098e-03,1.518687618443243566e-03,9.757384734209455408e-04,4.026553289996005389e-04,0.000000000000000000e+00,0.000000000000000000e+00,0.000000000000000000e+00,0.000000000000000000e+00,0.000000000000000000e+00,0.000000000000000000e+00,0.000000000000000000e+00,0.000000000000000000e+00,0.000000000000000000e+00,0.000000000000000000e+00,0.000000000000000000e+00,0.000000000000000000e+00,0.000000000000000000e+00,0.000000000000000000e+00,0.000000000000000000e+00,0.000000000000000000e+00,0.000000000000000000e+00,0.000000000000000000e+00,0.000000000000000000e+00,0.000000000000000000e+00,0.000000000000000000e+00,0.000000000000000000e+00,0.000000000000000000e+00,0.000000000000000000e+00,0.000000000000000000e+00,0.000000000000000000e+00,0.000000000000000000e+00,0.000000000000000000e+00,0.000000000000000000e+00,0.000000000000000000e+00,0.000000000000000000e+00,0.000000000000000000e+00,0.000000000000000000e+00,0.000000000000000000e+00,0.000000000000000000e+00,0.000000000000000000e+00,0.000000000000000000e+00,0.000000000000000000e+00,0.000000000000000000e+00,0.000000000000000000e+00,0.000000000000000000e+00,0.000000000000000000e+00,0.000000000000000000e+00,0.000000000000000000e+00,1.536414864886038586e-05,5.928400767828579944e-05,0.000000000000000000e+00,0.000000000000000000e+00,2.619219355665689062e-04,7.868117057918277589e-04,1.350511180623724947e-03,1.901234855814976305e-03,2.378061600511534486e-03,2.721106135595977200e-03,2.882508977499509926e-03,2.836767488335977579e-03,2.588736314648868928e-03,2.177376260163977131e-03,1.673435876557186888e-03,1.170207369285596608e-03,7.682846259103823803e-04,5.573314126894936835e-04,5.992514616325614676e-04,9.171180677593551711e-04,1.492599797332211375e-03,2.272044449683758086e-03,3.178884520973420096e-03,4.128545566042262499e-03,5.041972861997649942e-03,5.854955147196660471e-03,5.729775768426230952e-03,6.138624283663761394e-03,6.369005643361704688e-03,6.413056872339386802e-03,6.265413723849162092e-03,5.922463643136508665e-03,5.386320773434772821e-03,4.672423682835403005e-03,3.817377062677946003e-03,2.882461578161873202e-03,1.949051428257317451e-03,1.105191851473946198e-03,4.266010757133225782e-04,0.000000000000000000e+00,0.000000000000000000e+00,6.423904831118200333e-04,1.466560537358045212e-03,0.000000000000000000e+00,0.000000000000000000e+00,0.000000000000000000e+00,0.000000000000000000e+00,0.000000000000000000e+00,0.000000000000000000e+00,0.000000000000000000e+00,0.000000000000000000e+00,0.000000000000000000e+00,0.000000000000000000e+00,0.000000000000000000e+00,0.000000000000000000e+00,0.000000000000000000e+00,0.000000000000000000e+00,0.000000000000000000e+00,1.969873220198769940e-04,2.277167533116685426e-03,1.023488451625388478e-03,1.061716854244388860e-03,1.100979887195882708e-03,1.140159594032388564e-03,1.178156932190319592e-03,1.213934943578982807e-03,1.246559681654432717e-03,1.275235674830421358e-03,1.299336337098506555e-03,1.318428758473247494e-03,1.332287237452924435e-03,1.340900117858980943e-03,1.344466573153384019e-03,1.343386124207219178e-03,1.338236390035956683e-03,1.329748825534482308e-03,1.318774540523593754e-03,1.306247529987832447e-03,1.293146084021537350e-03,1.280451722737697539e-03,1.269111198863423192e-03,1.259999808609530174e-03,1.314058799891267048e-03,1.385189310362159145e-03,1.253078861833404473e-03,1.259191885712695460e-03,1.269908364866164990e-03,1.285204352463352635e-03,1.304888883433713044e-03,1.328615487389946549e-03,1.355898305716902227e-03,1.386133868324426798e-03,1.418625555205681524e-03,1.452607266691701782e-03,1.487271492775341227e-03,1.521794203747299989e-03,1.555360353161913982e-03,1.587183959319605781e-03,1.616529933133051310e-03,2.195595377628448749e-03,2.905580892474169275e-03,3.411296776307989106e-03,3.671513863132227964e-03,3.669434236129772049e-03,3.413849733736006465e-03,2.938040535428724197e-03,2.295952074105216296e-03,1.686147112217506374e-03,1.667679066352174442e-03,1.643860075237969960e-03,1.614815889673272033e-03,1.800592828342850856e-03,1.864069166533002331e-03,1.755350416298972864e-03,1.449679232991900888e-03,1.397069612237416929e-03,1.340303659090665012e-03,1.279564661929294758e-03,1.215031349028136785e-03,1.146879574544306182e-03,1.075282932638763414e-03,1.000415272247732979e-03,9.224522306776142006e-04,8.415727155790378227e-04,4.843982496186867784e-03,9.166765578697346232e-04,0.000000000000000000e+00,0.000000000000000000e+00,2.458190811788927492e-04,5.252729328925332102e-04,6.924030069337046593e-04,7.309338212084364470e-04,6.497146652530020119e-04,7.415381512974421590e-04,1.143525170328439340e-03,1.440600991341604072e-03,1.650943304214919950e-03,1.791377950639261784e-03,1.868398175943185649e-03,1.875456023804146976e-03,1.797939456185645600e-03,1.623467196887312192e-03,2.036600176713454589e-03,2.619449253823374901e-03,3.228132081800394893e-03,3.851048614510652144e-03,4.469851386024531296e-03,0.000000000000000000e+00,0.000000000000000000e+00,0.000000000000000000e+00,0.000000000000000000e+00,0.000000000000000000e+00,0.000000000000000000e+00,0.000000000000000000e+00,0.000000000000000000e+00,0.000000000000000000e+00,0.000000000000000000e+00,0.000000000000000000e+00,0.000000000000000000e+00,7.019353849225768794e-04,1.468923901489091076e-03,2.081676775845122274e-03,1.827365877590716309e-03,1.419336885233085828e-03,1.209363814496958569e-03,1.215737086206223738e-03,1.421578521272879626e-03,1.781081803827448294e-03,2.230894426626040244e-03,2.703541421105696164e-03,0.000000000000000000e+00,0.000000000000000000e+00,0.000000000000000000e+00,0.000000000000000000e+00,0.000000000000000000e+00,0.000000000000000000e+00,0.000000000000000000e+00,0.000000000000000000e+00,0.000000000000000000e+00,0.000000000000000000e+00,0.000000000000000000e+00,0.000000000000000000e+00,0.000000000000000000e+00,0.000000000000000000e+00,0.000000000000000000e+00,0.000000000000000000e+00,0.000000000000000000e+00,0.000000000000000000e+00,0.000000000000000000e+00,0.000000000000000000e+00,0.000000000000000000e+00,0.000000000000000000e+00,0.000000000000000000e+00,0.000000000000000000e+00,0.000000000000000000e+00,0.000000000000000000e+00,0.000000000000000000e+00,0.000000000000000000e+00,0.000000000000000000e+00,0.000000000000000000e+00,0.000000000000000000e+00,0.000000000000000000e+00,0.000000000000000000e+00,0.000000000000000000e+00,0.000000000000000000e+00,0.000000000000000000e+00,0.000000000000000000e+00,0.000000000000000000e+00,0.000000000000000000e+00,0.000000000000000000e+00,0.000000000000000000e+00,0.000000000000000000e+00,0.000000000000000000e+00,1.556115597356379644e-04,3.785958076471970216e-04,5.700092151890511589e-04,7.243540073426133581e-04,8.286610831156381377e-04,8.619016982285138389e-04,7.993488406351837144e-04,6.208470218455187754e-04,3.199913987411646455e-04,0.000000000000000000e+00,0.000000000000000000e+00,0.000000000000000000e+00,0.000000000000000000e+00,0.000000000000000000e+00,1.827890039332101633e-04,2.996505657088958442e-04,3.325506633850145973e-04,2.940000540750027126e-04,2.139775047939136612e-04,1.343917856275242254e-04,0.000000000000000000e+00,0.000000000000000000e+00,2.710845378721884937e-03,6.797281782157151833e-04,9.779244557586348491e-04,1.312885488285373253e-03,1.696061124598642394e-03,2.055767718090879739e-03,2.341705970067440787e-03,2.513101286014153991e-03,0.000000000000000000e+00,0.000000000000000000e+00,0.000000000000000000e+00,0.000000000000000000e+00,0.000000000000000000e+00,0.000000000000000000e+00,1.949628696149252301e-04,7.524422606088470872e-04,0.000000000000000000e+00,0.000000000000000000e+00,0.000000000000000000e+00,0.000000000000000000e+00,0.000000000000000000e+00,0.000000000000000000e+00,0.000000000000000000e+00,0.000000000000000000e+00,0.000000000000000000e+00,0.000000000000000000e+00,0.000000000000000000e+00,0.000000000000000000e+00,0.000000000000000000e+00,2.997702961241634234e-04,7.089866087059089111e-04,1.048231590246490302e-03,1.251087840508156033e-03,1.276522474264618666e-03,1.125536566146971215e-03,8.471895222274011166e-04,5.308795116879680897e-04,2.862700685819196929e-04,2.163260512636715595e-04,3.911315294095287138e-04,8.298369228126505417e-04,1.495537502071152139e-03,2.304010001008944229e-03,3.143244257660280597e-03,3.897793207111931862e-03,4.471049577497827714e-03,4.799923901061624830e-03,4.859591304616788301e-03,4.659674896003542996e-03,0.000000000000000000e+00,0.000000000000000000e+00,0.000000000000000000e+00,0.000000000000000000e+00,0.000000000000000000e+00,3.193413096063415450e-04,5.224631996289270247e-04,0.000000000000000000e+00,0.000000000000000000e+00,3.245216093659458376e-05,6.483051990998458299e-04,1.421127299318364909e-03,0.000000000000000000e+00,0.000000000000000000e+00,0.000000000000000000e+00,0.000000000000000000e+00,0.000000000000000000e+00,0.000000000000000000e+00,0.000000000000000000e+00,0.000000000000000000e+00,0.000000000000000000e+00,0.000000000000000000e+00,0.000000000000000000e+00,0.000000000000000000e+00,0.000000000000000000e+00,0.000000000000000000e+00,0.000000000000000000e+00,0.000000000000000000e+00,0.000000000000000000e+00,0.000000000000000000e+00,0.000000000000000000e+00,0.000000000000000000e+00
0.000000000000000000e+00,4.274474083221633147e-04,9.205815310588656795e-04,0.000000000000000000e+00,0.000000000000000000e+00,0.000000000000000000e+00,0.000000000000000000e+00,0.000000000000000000e+00,0.000000000000000000e+00,0.000000000000000000e+00,0.000000000000000000e+00,0.000000000000000000e+00,0.000000000000000000e+00,0.000000000000000000e+00,0.000000000000000000e+00,6.006666403417314877e-04,0.000000000000000000e+00,0.000000000000000000e+00,1.566176820686772354e-04,4.810666937572812690e-04,8.709831084314965076e-04,1.683298934133815178e-03,2.510820884702492234e-03,3.239514422244964015e-03,3.776015875321038062e-03,4.059108151459195520e-03,4.063566074658951990e-03,3.797867271516665831e-03,3.298272970893248272e-03,2.621389220515731987e-03,1.836213287146203684e-03,1.015813835665796937e-03,2.287721104327287416e-04,0.000000000000000000e+00,0.000000000000000000e+00,0.000000000000000000e+00,0.000000000000000000e+00,0.000000000000000000e+00,0.000000000000000000e+00,1.495070075162291249e-04,4.036406035298776901e-04,7.006395071085786243e-04,1.014036598379089178e-03,1.310297766538285084e-03,0.000000000000000000e+00,0.000000000000000000e+00,0.000000000000000000e+00,0.000000000000000000e+00,0.000000000000000000e+00,0.000000000000000000e+00,0.000000000000000000e+00,0.000000000000000000e+00,0.000000000000000000e+00,0.000000000000000000e+00,1.105582529507264126e-04,5.518179318237235618e-04,0.000000000000000000e+00,0.000000000000000000e+00,0.000000000000000000e+00,0.000000000000000000e+00,0.000000000000000000e+00,0.000000000000000000e+00,0.000000000000000000e+00,0.000000000000000000e+00,0.000000000000000000e+00,0.000000000000000000e+00,0.000000000000000000e+00,0.000000000000000000e+00,0.000000000000000000e+00,2.054447224293232468e-03,7.549722341323572951e-04,1.120404217366860813e-03,0.000000000000000000e+00,0.000000000000000000e+00,0.000000000000000000e+00,0.000000000000000000e+00,2.937236766388941862e-04,3.919312353914835797e-04,5.901267636699447259e-04,7.649688250491620042e-04,9.159567399105781162e-04,1.043064374947077957e-03,1.146686663093866333e-03,1.227574725441587166e-03,1.286766431189966062e-03,1.325517079012026537e-03,1.345229104591376228e-03,1.347386459567987511e-03,2.002061308376810924e-03,2.954901828296234781e-03,3.706854638365751197e-03,4.193991077200326205e-03,4.403734002434726326e-03,4.374520486616914096e-03,4.183186928734698717e-03,3.923347344932384510e-03,3.680316936813645204e-03,3.509051907457699272e-03,3.420950124321526890e-03,3.383245497512994346e-03,3.331441738363753475e-03,3.191435089820271725e-03,2.904774726791916305e-03,2.449144428583584741e-03,1.847442174444249331e-03,1.162620135762244605e-03,1.685957337095251750e-03,2.361548100572966827e-03,2.956602371505712059e-03,3.419331393866632297e-03,3.718525546408013756e-03,3.852027250430676251e-03,3.846089411508081968e-03,3.746644847016735325e-03,3.606428319324188683e-03,3.472555514474913625e-03,3.620809580360729099e-03,0.000000000000000000e+00,0.000000000000000000e+00,0.000000000000000000e+00,0.000000000000000000e+00,0.000000000000000000e+00,0.000000000000000000e+00,0.000000000000000000e+00,0.000000000000000000e+00,0.000000000000000000e+00,0.000000000000000000e+00,0.000000000000000000e+00,0.000000000000000000e+00,0.000000000000000000e+00,0.000000000000000000e+00,0.000000000000000000e+00,0.000000000000000000e+00,0.000000000000000000e+00,0.000000000000000000e+00,0.000000000000000000e+00,0.000000000000000000e+00,0.000000000000000000e+00,0.000000000000000000e+00,0.000000000000000000e+00,0.000000000000000000e+00,0.000000000000000000e+00,0.000000000000000000e+00,0.000000000000000000e+00,0.000000000000000000e+00,2.015978530705572834e-04,0.000000000000000000e+00,0.000000000000000000e+00,0.000000000000000000e+00,0.000000000000000000e+00,0.000000000000000000e+00,0.000000000000000000e+00,0.000000000000000000e+00,0.000000000000000000e+00,0.000000000000000000e+00,0.000000000000000000e+00,0.000000000000000000e+00,0.000000000000000000e+00,0.000000000000000000e+00,0.000000000000000000e+00,0.000000000000000000e+00,0.000000000000000000e+00,0.000000000000000000e+00,0.000000000000000000e+00,0.000000000000000000e+00,0.000000000000000000e+00,0.000000000000000000e+00,0.000000000000000000e+00,0.000000000000000000e+00,0.000000000000000000e+00,0.000000000000000000e+00,0.000000000000000000e+00,0.000000000000000000e+00,0.000000000000000000e+00,1.080056283933760612e-05,5.235112257596899639e-04,8.949437733637668384e-04,1.072304363866278306e-03,1.039986526574348483e-03,1.328111156837340949e-03,1.457720843827899505e-03,1.322014600041437589e-03,9.802027858938386178e-04,5.205537257234091981e-04,4.788097182491539758e-05,0.000000000000000000e+00,0.000000000000000000e+00,0.000000000000000000e+00,0.000000000000000000e+00,5.192273149998183649e-04,1.354123804251283021e-03,2.304041236220574079e-03,3.250882256595314952e-03,4.075421043986566204e-03,4.677599106374015665e-03,4.992039406462250341e-03,4.995642304987513334e-03,4.706815847102964641e-03,4.178264837393272889e-03,3.486309455124015234e-03,2.719228548881190682e-03,1.965872342259538438e-03,1.304795578377263487e-03,7.941120542626859541e-04,4.630371099683480859e-04,1.019890872698081194e-03,1.634034521305060021e-03,2.262583757852731393e-03,2.499965091732164659e-03,3.141312911908649124e-03,0.000000000000000000e+00,0.000000000000000000e+00,0.000000000000000000e+00,0.000000000000000000e+00,0.000000000000000000e+00,0.000000000000000000e+00,0.000000000000000000e+00,0.000000000000000000e+00,0.000000000000000000e+00,0.000000000000000000e+00,0.000000000000000000e+00,0.000000000000000000e+00,0.000000000000000000e+00,0.000000000000000000e+00,0.000000000000000000e+00,0.000000000000000000e+00,0.000000000000000000e+00,0.000000000000000000e+00,0.000000000000000000e+00,0.000000000000000000e+00,0.000000000000000000e+00,0.000000000000000000e+00,0.000000000000000000e+00,8.589190986050601866e-04,2.507218351630718326e-03,0.000000000000000000e+00,1.896677276634894070e-03,0.000000000000000000e+00,0.000000000000000000e+00,2.204197388360292680e-04,6.258754979734227177e-04,1.157818444027579807e-03,1.733949622667396197e-03,2.257804058865020471e-03,6.591727236010155562e-04,5.224735388909259931e-04,2.792112849131810136e-04,0.000000000000000000e+00,0.000000000000000000e+00,0.000000000000000000e+00,0.000000000000000000e+00,1.381421971311133168e-03,0.000000000000000000e+00,0.000000000000000000e+00,0.000000000000000000e+00,5.638352716326745762e-05,2.315805549872908535e-04,4.076622590647401879e-04,5.836290404226987224e-04,7.585119187313625957e-04,3.071789491249403252e-03,2.370306788393736121e-03,3.470107250988652657e-03,0.000000000000000000e+00,0.000000000000000000e+00,0.000000000000000000e+00,0.000000000000000000e+00,0.000000000000000000e+00,0.000000000000000000e+00,0.000000000000000000e+00,0.000000000000000000e+00,0.000000000000000000e+00,0.000000000000000000e+00,0.000000000000000000e+00,0.000000000000000000e+00,0.000000000000000000e+00,0.000000000000000000e+00,0.000000000000000000e+00,0.000000000000000000e+00,0.000000000000000000e+00,0.000000000000000000e+00,0.000000000000000000e+00,0.000000000000000000e+00,0.000000000000000000e+00,0.000000000000000000e+00,0.000000000000000000e+00,0.000000000000000000e+00,0.000000000000000000e+00,0.000000000000000000e+00,0.000000000000000000e+00,0.000000000000000000e+00,0.000000000000000000e+00,0.000000000000000000e+00,0.000000000000000000e+00,0.000000000000000000e+00,0.000000000000000000e+00,0.000000000000000000e+00,0.000000000000000000e+00,0.000000000000000000e+00,0.000000000000000000e+00,0.000000000000000000e+00,0.000000000000000000e+00,0.000000000000000000e+00,0.000000000000000000e+00,0.000000000000000000e+00,0.000000000000000000e+00,0.000000000000000000e+00,1.003477974419047852e-03,2.072069236509950247e-03,0.000000000000000000e+00,0.000000000000000000e+00,0.000000000000000000e+00,0.000000000000000000e+00,0.000000000000000000e+00,0.000000000000000000e+00,0.000000000000000000e+00,0.000000000000000000e+00,0.000000000000000000e+00,0.000000000000000000e+00,0.000000000000000000e+00,0.000000000000000000e+00,0.000000000000000000e+00,0.000000000000000000e+00,0.000000000000000000e+00,0.000000000000000000e+00,0.000000000000000000e+00,0.000000000000000000e+00,0.000000000000000000e+00,0.000000000000000000e+00,0.000000000000000000e+00,0.000000000000000000e+00,0.000000000000000000e+00,0.000000000000000000e+00,0.000000000000000000e+00,0.000000000000000000e+00,0.000000000000000000e+00,0.000000000000000000e+00,0.000000000000000000e+00,0.000000000000000000e+00,0.000000000000000000e+00,0.000000000000000000e+00,0.000000000000000000e+00,0.000000000000000000e+00,0.000000000000000000e+00,0.000000000000000000e+00,0.000000000000000000e+00,0.000000000000000000e+00,0.000000000000000000e+00,0.000000000000000000e+00,7.796625993495701675e-04,1.803046264173620034e-03,0.000000000000000000e+00,0.000000000000000000e+00,0.000000000000000000e+00,0.000000000000000000e+00,0.000000000000000000e+00,5.815256386700431209e-05,0.000000000000000000e+00,0.000000000000000000e+00,0.000000000000000000e+00,0.000000000000000000e+00,0.000000000000000000e+00,0.000000000000000000e+00,0.000000000000000000e+00,0.000000000000000000e+00,8.883074455796138868e-05,5.481613752954624845e-04,1.055218938424962866e-03,1.593999116625310561e-03,2.138125304669578463e-03,2.651218078863763934e-03,3.090876311629773415e-03,3.415671971748767289e-03,3.593526098812062797e-03,3.608920506280178207e-03,3.466157933593291742e-03,3.186849657137013053e-03,2.801915660738646396e-03,2.340897952031222289e-03,2.175601090250708046e-03,2.070518485751682725e-03,1.930517196382108358e-03,1.802679638131826851e-03,1.722817306737544621e-03,1.707787111193922883e-03,1.752930575846147658e-03,1.835692984727195281e-03,9.117258974290186335e-04,8.863786057271083943e-04,8.326128253177865956e-04,7.543055588041733261e-04,6.728072548946751209e-04,6.196550773171647037e-04,6.254577792434769809e-04,7.088063612202441218e-04,8.691600428301282308e-04,1.086309034606632593e-03,1.326617524942869542e-03,1.553659291648477707e-03,1.739186603069878094e-03
2.193151385607074088e-07,1.233362285321570244e-04,3.264147476002218773e-04,5.801209270457172596e-04,8.608323457606704889e-04,1.174081198628210230e-03,2.018955659869891596e-03,2.829333426384463175e-03,3.503369055150900007e-03,3.961523610154078952e-03,4.157265767376078745e-03,4.082906595951031441e-03,3.768142902605461659e-03,3.271227240614267041e-03,2.665651208004926435e-03,2.114242310194588883e-03,1.796119239643283617e-03,1.435689249420535633e-03,1.045546313923886948e-03,6.283329088806614881e-04,4.050674167393654044e-04,6.487713382669622105e-04,1.074123106739807926e-03,1.610257673694261323e-03,2.149685859366895924e-03,2.563078231860595278e-03,2.723266523098802350e-03,2.532343531496243118e-03,1.944197006672095324e-03,9.759944606936501055e-04,0.000000000000000000e+00,0.000000000000000000e+00,0.000000000000000000e+00,0.000000000000000000e+00,0.000000000000000000e+00,0.000000000000000000e+00,0.000000000000000000e+00,0.000000000000000000e+00,0.000000000000000000e+00,0.000000000000000000e+00,0.000000000000000000e+00,0.000000000000000000e+00,0.000000000000000000e+00,0.000000000000000000e+00,0.000000000000000000e+00,0.000000000000000000e+00,0.000000000000000000e+00,0.000000000000000000e+00,0.000000000000000000e+00,0.000000000000000000e+00,0.000000000000000000e+00,0.000000000000000000e+00,0.000000000000000000e+00,2.834982500594932691e-04,9.784689361751152097e-04,1.523587435277276971e-03,1.899990445396717393e-03,2.129340708241683148e-03,2.260065107252236076e-03,2.345395221591200802e-03,5.512062719503043814e-03,0.000000000000000000e+00,0.000000000000000000e+00,0.000000000000000000e+00,0.000000000000000000e+00,7.716354519891894647e-04,2.532726520661813911e-03,5.309764260519729724e-03,4.818666509822248749e-03,0.000000000000000000e+00,0.000000000000000000e+00,0.000000000000000000e+00,0.000000000000000000e+00,0.000000000000000000e+00,0.000000000000000000e+00,0.000000000000000000e+00,0.000000000000000000e+00,0.000000000000000000e+00,0.000000000000000000e+00,0.000000000000000000e+00,0.000000000000000000e+00,1.387610624190444399e-03,0.000000000000000000e+00,0.000000000000000000e+00,0.000000000000000000e+00,0.000000000000000000e+00,0.000000000000000000e+00,0.000000000000000000e+00,0.000000000000000000e+00,0.000000000000000000e+00,0.000000000000000000e+00,0.000000000000000000e+00,0.000000000000000000e+00,0.000000000000000000e+00,0.000000000000000000e+00,0.000000000000000000e+00,1.067450655386066117e-03,0.000000000000000000e+00,2.338539320435671209e-03,2.206138996344710577e-03,0.000000000000000000e+00,0.000000000000000000e+00,0.000000000000000000e+00,0.000000000000000000e+00,0.000000000000000000e+00,0.000000000000000000e+00,0.000000000000000000e+00,0.000000000000000000e+00,0.000000000000000000e+00,1.961578023318917823e-03,0.000000000000000000e+00,0.000000000000000000e+00,0.000000000000000000e+00,0.000000000000000000e+00,0.000000000000000000e+00,0.000000000000000000e+00,0.000000000000000000e+00,0.000000000000000000e+00,0.000000000000000000e+00,0.000000000000000000e+00,4.735730986353929584e-04,1.361253031893828709e-03,2.223462987418772015e-03,3.046613731264590647e-03,3.812422678480832487e-03,4.488858262803402388e-03,5.026830539729041335e-03,5.365250230272147931e-03,5.443868006079705460e-03,5.220108042438392423e-03,4.684410578077156419e-03,3.869101444267386124e-03,2.848106031272606455e-03,1.727739947436620531e-03,7.268244399478297323e-04,2.603867829125832713e-04,0.000000000000000000e+00,0.000000000000000000e+00,1.908209550300334013e-04,4.402246873085173019e-04,6.934528530409822533e-04,9.483292659685498439e-04,1.202498730913298397e-03,1.453468621928513107e-03,1.698655851729997598e-03,1.935439019871452743e-03,2.161221833345217547e-03,2.373493969612764602e-03,2.569896017448598455e-03,2.748278762756391734e-03,2.906760769802169912e-03,3.043775688663210958e-03,3.158110412227582361e-03,3.248932587899076591e-03,3.315802774949863467e-03,3.358674974078792314e-03,3.377883260353151292e-03,3.374115419099937927e-03,3.604512823698495950e-03,4.752923046363486011e-03,5.756475217531697997e-03,6.556840474814242155e-03,7.124175863393512019e-03,7.458969707817328376e-03,7.587308868668036881e-03,7.549867243895636362e-03,7.387016108741463472e-03,7.124144026069072037e-03,6.761749120149291616e-03,6.273865801285692309e-03,5.616053260138571465e-03,4.741260715770504244e-03,3.619205682294055794e-03,2.253391822050423814e-03,1.197472363477891221e-03,1.020112018693992853e-03,8.422218583118359784e-04,6.642042335078151335e-04,4.864818449263409489e-04,3.095179645010060648e-04,1.338356758818049050e-04,0.000000000000000000e+00,0.000000000000000000e+00,0.000000000000000000e+00,0.000000000000000000e+00,0.000000000000000000e+00,0.000000000000000000e+00,0.000000000000000000e+00,5.226244026492026786e-04,1.019059476926705704e-03,1.403642535833795604e-03,1.644736384696578353e-03,1.714092307698761612e-03,1.594260023885722515e-03,1.286349431526537159e-03,1.548394060410462469e-03,2.414056828894129043e-03,3.201575198209686852e-03,3.887696941140692669e-03,4.447681711889399196e-03,4.853965444093459938e-03,5.077445025671007729e-03,5.091648761389789592e-03,4.878707397969372223e-03,4.435187627670144316e-03,3.775841878701755288e-03,2.933990470172704191e-03,1.958236615068062805e-03,9.061261853761225921e-04,0.000000000000000000e+00,0.000000000000000000e+00,0.000000000000000000e+00,0.000000000000000000e+00,0.000000000000000000e+00,0.000000000000000000e+00,0.000000000000000000e+00,0.000000000000000000e+00,0.000000000000000000e+00,0.000000000000000000e+00,0.000000000000000000e+00,0.000000000000000000e+00,0.000000000000000000e+00,6.999492864401858638e-04,2.303522053493934230e-03,3.725144313561350607e-03,4.816727886234038226e-03,5.491463038932360187e-03,5.745877932103331080e-03,5.661872660986230245e-03,5.386480731897435800e-03,5.093960191728836608e-03,4.940830163983914343e-03,5.027219800925884947e-03,5.375940423550672025e-03,5.934517005030056497e-03,6.597476288805705601e-03,7.239612443848714163e-03,7.748502209267132262e-03,8.046684878968811058e-03,8.099356130813320509e-03,1.167159100923245013e-02,0.000000000000000000e+00,0.000000000000000000e+00,0.000000000000000000e+00,0.000000000000000000e+00,0.000000000000000000e+00,0.000000000000000000e+00,0.000000000000000000e+00,8.082548577338400124e-04,1.399966374544759458e-03,1.293134136844354028e-03,1.021862112950863623e-03,5.970417662823398596e-04,3.669534274492333795e-05,0.000000000000000000e+00,0.000000000000000000e+00,0.000000000000000000e+00,0.000000000000000000e+00,0.000000000000000000e+00,0.000000000000000000e+00,0.000000000000000000e+00,0.000000000000000000e+00,0.000000000000000000e+00,0.000000000000000000e+00,0.000000000000000000e+00,0.000000000000000000e+00,0.000000000000000000e+00,0.000000000000000000e+00,0.000000000000000000e+00,0.000000000000000000e+00,0.000000000000000000e+00,7.129763418117925598e-04,1.239987055082192834e-03,1.485849623867430613e-03,1.502461365573183128e-03,1.392407241383544899e-03,1.282778767006668291e-03,1.291929744581753062e-03,0.000000000000000000e+00,0.000000000000000000e+00,0.000000000000000000e+00,0.000000000000000000e+00,0.000000000000000000e+00,0.000000000000000000e+00,0.000000000000000000e+00,0.000000000000000000e+00,0.000000000000000000e+00,0.000000000000000000e+00,1.019492364390543662e-05,3.542349704355639544e-03,0.000000000000000000e+00,0.000000000000000000e+00,0.000000000000000000e+00,0.000000000000000000e+00,0.000000000000000000e+00,0.000000000000000000e+00,4.393678054609767347e-05,5.098341846492038297e-04,1.262218768126079083e-03,1.898763810310730984e-03,2.435021204274148698e-03,2.908319508544907062e-03,3.359410022029032852e-03,3.815412220784644270e-03,4.278445723738134171e-03,5.709646318097671980e-03,0.000000000000000000e+00,0.000000000000000000e+00,0.000000000000000000e+00,0.000000000000000000e+00,0.000000000000000000e+00,0.000000000000000000e+00,0.000000000000000000e+00,5.969890809769940983e-05,4.499977859319731423e-04,6.316285902252326929e-04,6.075218210366982365e-04,4.210467857496909597e-04,1.394967995509761481e-04,0.000000000000000000e+00,0.000000000000000000e+00,0.000000000000000000e+00,0.000000000000000000e+00,0.000000000000000000e+00,0.000000000000000000e+00,0.000000000000000000e+00,0.000000000000000000e+00,0.000000000000000000e+00,0.000000000000000000e+00,0.000000000000000000e+00,1.159655143586741105e-05,5.537931211002737044e-04,1.165661840738952760e-03,1.808811075245831063e-03,2.439178440024214727e-03,7.763573421342470637e-03,0.000000000000000000e+00,0.000000000000000000e+00,0.000000000000000000e+00,0.000000000000000000e+00,0.000000000000000000e+00,0.000000000000000000e+00,0.000000000000000000e+00,0.000000000000000000e+00,0.000000000000000000e+00,0.000000000000000000e+00,0.000000000000000000e+00,0.000000000000000000e+00,0.000000000000000000e+00,0.000000000000000000e+00,0.000000000000000000e+00,0.000000000000000000e+00,0.000000000000000000e+00,0.000000000000000000e+00,0.000000000000000000e+00,0.000000000000000000e+00,0.000000000000000000e+00,0.000000000000000000e+00,6.647311587374892200e-05,1.049853985592430483e-03,1.787603223970551112e-03,2.131653158817806409e-03,1.995325855850781788e-03,1.369123783270555055e-03,3.171522805168552569e-04,0.000000000000000000e+00,0.000000000000000000e+00,0.000000000000000000e+00,0.000000000000000000e+00,0.000000000000000000e+00,5.218313500683729967e-04,9.963323790727978378e-04,1.175214357710798645e-03,1.094464606170689669e-03,8.153842287510659932e-04,4.134025966136550692e-04,0.000000000000000000e+00,0.000000000000000000e+00,0.000000000000000000e+00,0.000000000000000000e+00,2.714868964832708466e-05,6.429425021278902365e-05,9.267635930007415458e-05,1.392207742661331210e-03,2.420554890885908989e-03,3.075447190754108939e-03,3.315657004594990687e-03,3.158688600281540828e-03,2.684322035293522282e-03,2.023338140857642783e-03,1.332071777367370771e-03,7.583545130873843576e-04,4.080845721022023274e-04,3.223079992833402952e-04,4.717449581045269377e-04,7.702424030390794081e-04,1.102659291026430359e-03,1.358452356338623983e-03,1.461014308405955350e-03,1.384794841361217197e-03
7.883017636820681200e-08,1.836363994703463839e-04,3.167173262799588313e-04,4.401964826214990918e-04,6.057993499581331830e-04,8.555386854591633681e-04,1.204422808643459833e-03,1.632582247783283518e-03,2.089352321103613366e-03,2.634726902117256759e-03,3.404461937474732077e-03,3.976454620758490544e-03,4.299785907349921305e-03,4.359784419316588625e-03,4.176266374561628768e-03,3.796094554401201020e-03,3.281560915905047757e-03,2.696807451384214144e-03,2.094801786387116751e-03,1.507236121945578758e-03,9.394835403952240833e-04,3.722609565542229462e-04,0.000000000000000000e+00,0.000000000000000000e+00,0.000000000000000000e+00,0.000000000000000000e+00,0.000000000000000000e+00,0.000000000000000000e+00,0.000000000000000000e+00,0.000000000000000000e+00,0.000000000000000000e+00,0.000000000000000000e+00,0.000000000000000000e+00,0.000000000000000000e+00,0.000000000000000000e+00,0.000000000000000000e+00,0.000000000000000000e+00,4.123377451843419461e-04,1.476849353337191884e-03,2.351820730314656532e-03,3.024405572229327700e-03,3.506459491831138715e-03,3.824708879965384861e-03,4.008396836045952094e-03,4.078751956341078629e-03,4.043936257678950805e-03,3.900921236120294660e-03,3.642816330491173166e-03,3.267959043952363418e-03,2.786708499030263013e-03,2.223511243843063860e-03,2.138499228084583641e-03,2.191750095337915202e-03,2.197007442030184544e-03,2.167582114811110634e-03,2.110373837481990464e-03,2.024842259369471001e-03,1.906553085369391528e-03,1.752877575695472971e-03,1.567134515957549446e-03,1.358400669749229876e-03,1.136747701348453290e-03,9.062814785381104968e-04,9.265093957953101029e-04,5.470925097708759016e-04,1.050266839534705430e-03,0.000000000000000000e+00,0.000000000000000000e+00,0.000000000000000000e+00,0.000000000000000000e+00,0.000000000000000000e+00,0.000000000000000000e+00,0.000000000000000000e+00,0.000000000000000000e+00,0.000000000000000000e+00,0.000000000000000000e+00,0.000000000000000000e+00,0.000000000000000000e+00,0.000000000000000000e+00,0.000000000000000000e+00,0.000000000000000000e+00,0.000000000000000000e+00,0.000000000000000000e+00,0.000000000000000000e+00,0.000000000000000000e+00,0.000000000000000000e+00,0.000000000000000000e+00,0.000000000000000000e+00,0.000000000000000000e+00,0.000000000000000000e+00,0.000000000000000000e+00,1.479866922380169141e-05,6.442938498687771250e-04,1.275602778034507509e-03,1.808728540472116612e-03,2.153654500428346837e-03,2.250914687935459593e-03,2.082322046092585210e-03,1.669020907798390504e-03,1.058665643798538001e-03,3.074605528722957021e-04,0.000000000000000000e+00,0.000000000000000000e+00,0.000000000000000000e+00,0.000000000000000000e+00,0.000000000000000000e+00,0.000000000000000000e+00,0.000000000000000000e+00,9.809587200777991275e-04,1.922515992244818719e-03,2.624478520604971860e-03,3.046317182331299573e-03,3.192874187903082042e-03,3.100963410228166524e-03,2.826084044108592621e-03,2.434709426788056897e-03,2.002255068613789223e-03,1.612097274770903131e-03,1.349649730031795289e-03,1.288357146170077952e-03,1.469997843337873941e-03,1.886661479645358784e-03,2.473222704627695782e-03,3.115861958350456436e-03,3.675696173531039796e-03,4.020158867626007736e-03,4.051734194121451964e-03,3.725446308060026586e-03,3.051879112905378152e-03,2.088263262534547412e-03,1.594808161716489018e-03,2.047704828481966641e-03,2.934901833043596954e-03,6.411710885693728580e-03,0.000000000000000000e+00,0.000000000000000000e+00,0.000000000000000000e+00,0.000000000000000000e+00,0.000000000000000000e+00,0.000000000000000000e+00,0.000000000000000000e+00,0.000000000000000000e+00,0.000000000000000000e+00,0.000000000000000000e+00,0.000000000000000000e+00,0.000000000000000000e+00,0.000000000000000000e+00,0.000000000000000000e+00,0.000000000000000000e+00,0.000000000000000000e+00,0.000000000000000000e+00,0.000000000000000000e+00,0.000000000000000000e+00,5.854562571536661318e-04,0.000000000000000000e+00,0.000000000000000000e+00,0.000000000000000000e+00,3.608342169200168151e-04,0.000000000000000000e+00,0.000000000000000000e+00,0.000000000000000000e+00,0.000000000000000000e+00,0.000000000000000000e+00,0.000000000000000000e+00,0.000000000000000000e+00,0.000000000000000000e+00,0.000000000000000000e+00,8.156882533664727274e-04,0.000000000000000000e+00,0.000000000000000000e+00,0.000000000000000000e+00,0.000000000000000000e+00,0.000000000000000000e+00,0.000000000000000000e+00,0.000000000000000000e+00,0.000000000000000000e+00,0.000000000000000000e+00,0.000000000000000000e+00,1.278489278839838430e-03,0.000000000000000000e+00,0.000000000000000000e+00,0.000000000000000000e+00,0.000000000000000000e+00,0.000000000000000000e+00,0.000000000000000000e+00,0.000000000000000000e+00,0.000000000000000000e+00,9.032242000179739963e-06,1.133160634463597761e-04,7.975391378251273100e-05,0.000000000000000000e+00,0.000000000000000000e+00,0.000000000000000000e+00,0.000000000000000000e+00,0.000000000000000000e+00,0.000000000000000000e+00,0.000000000000000000e+00,0.000000000000000000e+00,0.000000000000000000e+00,0.000000000000000000e+00,0.000000000000000000e+00,0.000000000000000000e+00,0.000000000000000000e+00,0.000000000000000000e+00,0.000000000000000000e+00,0.000000000000000000e+00,0.000000000000000000e+00,0.000000000000000000e+00,0.000000000000000000e+00,0.000000000000000000e+00,0.000000000000000000e+00,0.000000000000000000e+00,0.000000000000000000e+00,0.000000000000000000e+00,0.000000000000000000e+00,0.000000000000000000e+00,0.000000000000000000e+00,3.921303598237179419e-04,6.557054550459209992e-04,5.705363398916135122e-04,1.148857245745481969e-04,0.000000000000000000e+00,0.000000000000000000e+00,0.000000000000000000e+00,0.000000000000000000e+00,0.000000000000000000e+00,0.000000000000000000e+00,0.000000000000000000e+00,0.000000000000000000e+00,0.000000000000000000e+00,0.000000000000000000e+00,0.000000000000000000e+00,0.000000000000000000e+00,0.000000000000000000e+00,0.000000000000000000e+00,0.000000000000000000e+00,0.000000000000000000e+00,0.000000000000000000e+00,0.000000000000000000e+00,0.000000000000000000e+00,0.000000000000000000e+00,0.000000000000000000e+00,0.000000000000000000e+00,0.000000000000000000e+00,0.000000000000000000e+00,0.000000000000000000e+00,0.000000000000000000e+00,1.102060184091545368e-03,2.105627623133602550e-03,2.656334337818213286e-03,2.730808049057777305e-03,2.366735159530009448e-03,1.652799957147487071e-03,7.114630700223434617e-04,0.000000000000000000e+00,0.000000000000000000e+00,0.000000000000000000e+00,0.000000000000000000e+00,0.000000000000000000e+00,2.841929466081059797e-04,5.128209318308384968e-04,6.578084200390748801e-04,7.257065774738439244e-04,7.288162489986431793e-04,6.716724477326428471e-04,5.388350996822997277e-04,2.901977381767525390e-04,0.000000000000000000e+00,0.000000000000000000e+00,0.000000000000000000e+00,0.000000000000000000e+00,0.000000000000000000e+00,0.000000000000000000e+00,0.000000000000000000e+00,0.000000000000000000e+00,0.000000000000000000e+00,0.000000000000000000e+00,0.000000000000000000e+00,0.000000000000000000e+00,0.000000000000000000e+00,0.000000000000000000e+00,7.573991940827058699e-05,1.568554338871225567e-03,2.679681195496361450e-03,3.330977996277427466e-03,3.499168570991198750e-03,3.209039879150122829e-03,0.000000000000000000e+00,0.000000000000000000e+00,0.000000000000000000e+00,0.000000000000000000e+00,0.000000000000000000e+00,0.000000000000000000e+00,0.000000000000000000e+00,0.000000000000000000e+00,0.000000000000000000e+00,0.000000000000000000e+00,8.127178048860162537e-04,5.533587332777270551e-03,3.829026483882172309e-03,0.000000000000000000e+00,0.000000000000000000e+00,0.000000000000000000e+00,0.000000000000000000e+00,0.000000000000000000e+00,0.000000000000000000e+00,0.000000000000000000e+00,0.000000000000000000e+00,0.000000000000000000e+00,0.000000000000000000e+00,0.000000000000000000e+00,0.000000000000000000e+00,0.000000000000000000e+00,0.000000000000000000e+00,0.000000000000000000e+00,0.000000000000000000e+00,0.000000000000000000e+00,0.000000000000000000e+00,0.000000000000000000e+00,0.000000000000000000e+00,0.000000000000000000e+00,0.000000000000000000e+00,0.000000000000000000e+00,0.000000000000000000e+00,0.000000000000000000e+00,0.000000000000000000e+00,0.000000000000000000e+00,0.000000000000000000e+00,0.000000000000000000e+00,0.000000000000000000e+00,0.000000000000000000e+00,0.000000000000000000e+00,0.000000000000000000e+00,0.000000000000000000e+00,0.000000000000000000e+00,0.000000000000000000e+00,1.236089615366565162e-04,2.969657012509081448e-04,4.442156312170381940e-04,5.646368149882529698e-04,6.577520460888851500e-04,7.233180232709071492e-04,7.613155381019714400e-04,7.719404002239302082e-04,7.555945916563277208e-04,7.128767814666299961e-04,6.445755832425638246e-04,5.516619122590506923e-04,4.352808924770045374e-04,2.967454642334305115e-04,1.375282524922147873e-04,0.000000000000000000e+00,0.000000000000000000e+00,0.000000000000000000e+00,0.000000000000000000e+00,0.000000000000000000e+00,0.000000000000000000e+00,0.000000000000000000e+00,0.000000000000000000e+00,1.302156650284219382e-04,7.359065117261735182e-04,1.447384479870198609e-03,2.179697580104374231e-03,2.838681684075660284e-03,3.343110688770296705e-03,3.641904042448571195e-03,3.721316956402355436e-03,3.601089389058902308e-03,3.322454784829954356e-03,2.933223901317139407e-03,2.475331570138595075e-03,1.978466794924915728e-03,1.460654977913629880e-03,9.339700299962679520e-04,4.119397521851183913e-04,0.000000000000000000e+00,0.000000000000000000e+00,0.000000000000000000e+00,0.000000000000000000e+00,0.000000000000000000e+00,0.000000000000000000e+00,0.000000000000000000e+00,0.000000000000000000e+00,0.000000000000000000e+00,0.000000000000000000e+00,0.000000000000000000e+00,0.000000000000000000e+00,0.000000000000000000e+00,0.000000000000000000e+00,0.000000000000000000e+00,0.000000000000000000e+00,1.771452575641831965e-04,0.000000000000000000e+00,0.000000000000000000e+00,0.000000000000000000e+00,0.000000000000000000e+00,0.000000000000000000e+00,0.000000000000000000e+00,0.000000000000000000e+00,0.000000000000000000e+00
1.056801071464592047e-07,0.000000000000000000e+00,0.000000000000000000e+00,0.000000000000000000e+00,0.000000000000000000e+00,0.000000000000000000e+00,0.000000000000000000e+00,0.000000000000000000e+00,0.000000000000000000e+00,0.000000000000000000e+00,0.000000000000000000e+00,0.000000000000000000e+00,0.000000000000000000e+00,0.000000000000000000e+00,0.000000000000000000e+00,0.000000000000000000e+00,0.000000000000000000e+00,0.000000000000000000e+00,1.420806550389900312e-04,6.893983254644892641e-04,8.261063274273049498e-05,7.324647692025438358e-05,8.068056371809777510e-04,1.716635192707396907e-03,2.718339032811211819e-03,3.711091485959060014e-03,4.596138727756726890e-03,5.294647041749882613e-03,5.760525544098799716e-03,5.985418807233328954e-03,5.995431341567422634e-03,5.841496695153530067e-03,5.586707797024771487e-03,5.293982683788426950e-03,5.016311661879799960e-03,4.790356551454581606e-03,4.633093607903735617e-03,4.540988238214928828e-03,4.491584575848310730e-03,4.447772086898987148e-03,4.364817533353676331e-03,4.199421209920332042e-03,3.919009049630458805e-03,3.508912546179149966e-03,2.975493411839803207e-03,2.344634771713544150e-03,1.656665145189697595e-03,9.598524043319023487e-04,4.983363171375389342e-04,3.180775771345257819e-05,3.076072748051104276e-05,9.532235572948099406e-05,1.569476497191580049e-04,2.152498950493410518e-04,2.699819202664957411e-04,3.210374423946372362e-04,3.684517699954392082e-04,4.123944169093164865e-04,4.531580705835753890e-04,5.032596448654704175e-04,5.716406213541752471e-04,5.764341479833802332e-04,5.935245835268930428e-04,6.256771823513511887e-04,6.577625690816039927e-04,6.902527755565154161e-04,7.235219037806000283e-04,7.578185809480569683e-04,7.932413464480492617e-04,8.297206511101727676e-04,8.670076008997755100e-04,9.046679906038724260e-04,2.695641525357291447e-03,8.012303122046433206e-04,0.000000000000000000e+00,0.000000000000000000e+00,4.180786977709384728e-04,9.116806468877911625e-04,1.430572992995754380e-03,1.944795773704289035e-03,0.000000000000000000e+00,0.000000000000000000e+00,0.000000000000000000e+00,0.000000000000000000e+00,0.000000000000000000e+00,0.000000000000000000e+00,0.000000000000000000e+00,0.000000000000000000e+00,0.000000000000000000e+00,1.008578854052440360e-05,0.000000000000000000e+00,0.000000000000000000e+00,0.000000000000000000e+00,0.000000000000000000e+00,8.693519992865486959e-05,1.544373441214283459e-04,4.515014973911232288e-04,2.690631431717039257e-04,3.406920567991358396e-04,4.060846759371754505e-04,4.786570711715522211e-04,5.572961962527152356e-04,6.292286799033985694e-04,0.000000000000000000e+00,0.000000000000000000e+00,0.000000000000000000e+00,0.000000000000000000e+00,0.000000000000000000e+00,0.000000000000000000e+00,6.860471841175653910e-05,3.587408021670487391e-04,6.880763741761085307e-04,1.235848061011364692e-03,1.890191758392355693e-03,2.564370990104462237e-03,3.233078056693496592e-03,3.872374052718436863e-03,4.462891134221540212e-03,4.993264369294097768e-03,5.461588904803292913e-03,5.873240465517137049e-03,6.235197257220094665e-03,6.549035329507765617e-03,6.805890086077300873e-03,6.986162246060692409e-03,7.064729064356008864e-03,0.000000000000000000e+00,0.000000000000000000e+00,0.000000000000000000e+00,0.000000000000000000e+00,0.000000000000000000e+00,0.000000000000000000e+00,0.000000000000000000e+00,0.000000000000000000e+00,0.000000000000000000e+00,0.000000000000000000e+00,0.000000000000000000e+00,0.000000000000000000e+00,0.000000000000000000e+00,0.000000000000000000e+00,0.000000000000000000e+00,0.000000000000000000e+00,0.000000000000000000e+00,0.000000000000000000e+00,1.084758755023579286e-04,0.000000000000000000e+00,1.742417258974930487e-04,7.030065574962658919e-04,0.000000000000000000e+00,0.000000000000000000e+00,0.000000000000000000e+00,0.000000000000000000e+00,0.000000000000000000e+00,2.464703617450238454e-04,4.674118361934700852e-04,6.007482603460941994e-04,6.297103057717891956e-04,5.577045414911918500e-04,4.087280427593405229e-04,2.238866480689293492e-04,5.356282198045861961e-05,0.000000000000000000e+00,0.000000000000000000e+00,3.806163082308330447e-05,2.379567940681756035e-04,5.042390181161427766e-04,7.934119562210580068e-04,1.061292471049665124e-03,1.271607348420964075e-03,1.400998252892182543e-03,1.440562780395210091e-03,1.395036141348687201e-03,1.280572924472034736e-03,1.121429838239053648e-03,9.454807732891239852e-04,7.788695098590332072e-04,6.408749270383010945e-04,5.405634691152709156e-04,4.764226208352093594e-04,4.390551856234788173e-04,4.157125668794499503e-04,3.947857188073868582e-04,3.686658187961802256e-04,3.344696461347749692e-04,2.933203114473416752e-04,2.495104051259041116e-04,2.106098380585133762e-04,1.885848940827051384e-04,2.007877661211176232e-04,2.689491272077679089e-04,4.145911031420187044e-04,6.506999292712641308e-04,9.716000838581897959e-04,1.344869774758524969e-03,1.709718786427874690e-03,1.984856881043169097e-03,2.085685432764329029e-03,1.946804892785701600e-03,1.542997147671847785e-03,9.014302711178325510e-04,1.002371347480820459e-04,0.000000000000000000e+00,0.000000000000000000e+00,0.000000000000000000e+00,0.000000000000000000e+00,0.000000000000000000e+00,0.000000000000000000e+00,0.000000000000000000e+00,0.000000000000000000e+00,0.000000000000000000e+00,0.000000000000000000e+00,0.000000000000000000e+00,0.000000000000000000e+00,1.321765894315950207e-04,1.689646850888031960e-04,8.163582712575371224e-05,0.000000000000000000e+00,0.000000000000000000e+00,0.000000000000000000e+00,0.000000000000000000e+00,8.032633456663794413e-04,1.613697317533710138e-03,2.291670328279988688e-03,2.817628939242439873e-03,3.184470284173801253e-03,3.390852114809153692e-03,3.435612980883109326e-03,3.316147361177916759e-03,3.032004294789815858e-03,2.592483574378163982e-03,2.024651394677498724e-03,1.377223702646798069e-03,7.169009102904819056e-04,1.167562472644074540e-04,3.797928602493703531e-05,3.316908264811252276e-04,5.047324776956035918e-04,5.636049076580807414e-04,5.163893003095889559e-04,3.785737934439607029e-04,1.814200686845575882e-04,0.000000000000000000e+00,0.000000000000000000e+00,0.000000000000000000e+00,3.420912200424076633e-05,4.625445721682963120e-04,1.099988834753276579e-03,1.877184605764849147e-03,2.685681440951439517e-03,3.398281300429852828e-03,3.894078994230715587e-03,0.000000000000000000e+00,0.000000000000000000e+00,0.000000000000000000e+00,0.000000000000000000e+00,0.000000000000000000e+00,0.000000000000000000e+00,0.000000000000000000e+00,1.021045141095819212e-03,9.320378660031222208e-04,0.000000000000000000e+00,0.000000000000000000e+00,0.000000000000000000e+00,0.000000000000000000e+00,0.000000000000000000e+00,0.000000000000000000e+00,0.000000000000000000e+00,1.451963444120775220e-04,2.179426808187571595e-04,1.737472180751699845e-04,4.749488937880396399e-05,0.000000000000000000e+00,0.000000000000000000e+00,0.000000000000000000e+00,0.000000000000000000e+00,4.886225987653239691e-04,8.462363010280948058e-04,0.000000000000000000e+00,0.000000000000000000e+00,0.000000000000000000e+00,4.234420772891597752e-04,1.126526840037633077e-03,1.842530614633731056e-03,2.508679187852696276e-03,3.091320696887372294e-03,3.590724900055218289e-03,4.035768456638415790e-03,4.470636852345074783e-03,4.937844285111398293e-03,5.462351686160274271e-03,6.040674592638733444e-03,6.637346606077796154e-03,7.189548474900652256e-03,7.619232858635944551e-03,7.850589630223694243e-03,7.829203996529938286e-03,7.538233884175955628e-03,7.007003897745524984e-03,0.000000000000000000e+00,0.000000000000000000e+00,0.000000000000000000e+00,0.000000000000000000e+00,0.000000000000000000e+00,0.000000000000000000e+00,0.000000000000000000e+00,0.000000000000000000e+00,0.000000000000000000e+00,0.000000000000000000e+00,0.000000000000000000e+00,0.000000000000000000e+00,0.000000000000000000e+00,0.000000000000000000e+00,0.000000000000000000e+00,0.000000000000000000e+00,3.993701156745278649e-04,1.911946580307477724e-03,0.000000000000000000e+00,0.000000000000000000e+00,0.000000000000000000e+00,0.000000000000000000e+00,0.000000000000000000e+00,0.000000000000000000e+00,0.000000000000000000e+00,0.000000000000000000e+00,1.317214573797394781e-04,1.097276831842740634e-03,1.912453674055176632e-03,2.500939127273136241e-03,2.825872292587160335e-03,2.890098655314123945e-03,2.728907817768320108e-03,2.398457939115973461e-03,1.963343730573729757e-03,1.486022915255024585e-03,1.101619179285925378e-03,1.709806463889260685e-03,2.322169804647515080e-03,2.924016516863562135e-03,3.499890540093401285e-03,0.000000000000000000e+00,0.000000000000000000e+00,0.000000000000000000e+00,0.000000000000000000e+00,0.000000000000000000e+00,0.000000000000000000e+00,0.000000000000000000e+00,0.000000000000000000e+00,0.000000000000000000e+00,0.000000000000000000e+00,0.000000000000000000e+00,2.755329474652235639e-04,4.972286824646094056e-04,4.013439645674425973e-04,4.503090400761942767e-05,0.000000000000000000e+00,0.000000000000000000e+00,0.000000000000000000e+00,0.000000000000000000e+00,0.000000000000000000e+00,0.000000000000000000e+00,0.000000000000000000e+00,3.649755493177024037e-05,5.690988636667837931e-04,9.803389867337815745e-04,1.225296127519955166e-03,1.300194486958581273e-03,1.235827321693750954e-03,1.082283282271673339e-03,8.903143541136915090e-04,6.960064716549136830e-04,5.142609846286139933e-04,3.429386666852139135e-04,1.749054228181642901e-04,1.187094184042815596e-05,0.000000000000000000e+00,0.000000000000000000e+00,0.000000000000000000e+00,1.165967821047329055e-05,3.671210691823193080e-04,8.897168366395137758e-04,1.542548050482400951e-03,0.000000000000000000e+00,0.000000000000000000e+00,0.000000000000000000e+00,0.000000000000000000e+00,0.000000000000000000e+00,0.000000000000000000e+00,0.000000000000000000e+00,0.000000000000000000e+00,0.000000000000000000e+00,0.000000000000000000e+00,0.000000000000000000e+00,7.060546423442166757e-04,1.533955243552938491e-03,2.269952148089922697e-03,4.681169313398655767e-03,4.011946416116561956e-03,0.000000000000000000e+00,0.000000000000000000e+00,0.000000000000000000e+00
8.214906640908651742e-08,1.819268278829482097e-04,9.282278101109835058e-04,7.274922144091527790e-05,1.145745878284698782e-04,0.000000000000000000e+00,5.894069827129973498e-04,1.371583508885719591e-03,2.142060323572123840e-03,2.831383541786467936e-03,3.392055906063479610e-03,3.797777788262830020e-03,4.039455822383449489e-03,4.120357994421803421e-03,4.052454856475476951e-03,3.855183734298844693e-03,3.556664759691133965e-03,3.195955280153072505e-03,2.823762114505358380e-03,2.498857213900100918e-03,2.278826130535062215e-03,2.206427244942234852e-03,2.295698869174817719e-03,2.523441186326351882e-03,2.830777278408302088e-03,3.136146839724703213e-03,3.356663182693459067e-03,3.431177892771866515e-03,3.337329647082031610e-03,3.096818463029690424e-03,2.767327910967181878e-03,2.424168294760071802e-03,2.138053626685885479e-03,1.956260009115366478e-03,1.892749668411064339e-03,1.929361522837037433e-03,2.026333565111902105e-03,2.137400916815296228e-03,2.223634583735247579e-03,2.261366170867028322e-03,2.242537107073962720e-03,2.169307723666126248e-03,2.047145551523551869e-03,1.880630438761486884e-03,1.673943206441249297e-03,1.434704360885198648e-03,1.177491660290007260e-03,9.675536436649817855e-04,1.059343665143150761e-03,1.141743344829631614e-03,1.214167692696429884e-03,1.276173303706792809e-03,1.381561575614676050e-03,1.907636545799450438e-03,2.301532370551396655e-03,2.582771838606240638e-03,2.795559779460683476e-03,2.997111523536034623e-03,3.239959342514834358e-03,3.554713429272159195e-03,3.939680310715098707e-03,1.065617276859661712e-02,0.000000000000000000e+00,0.000000000000000000e+00,0.000000000000000000e+00,0.000000000000000000e+00,0.000000000000000000e+00,0.000000000000000000e+00,0.000000000000000000e+00,0.000000000000000000e+00,0.000000000000000000e+00,0.000000000000000000e+00,0.000000000000000000e+00,0.000000000000000000e+00,0.000000000000000000e+00,0.000000000000000000e+00,0.000000000000000000e+00,0.000000000000000000e+00,0.000000000000000000e+00,0.000000000000000000e+00,0.000000000000000000e+00,0.000000000000000000e+00,0.000000000000000000e+00,0.000000000000000000e+00,0.000000000000000000e+00,0.000000000000000000e+00,0.000000000000000000e+00,0.000000000000000000e+00,0.000000000000000000e+00,0.000000000000000000e+00,0.000000000000000000e+00,0.000000000000000000e+00,0.000000000000000000e+00,0.000000000000000000e+00,0.000000000000000000e+00,0.000000000000000000e+00,0.000000000000000000e+00,1.189445628703118341e-03,0.000000000000000000e+00,0.000000000000000000e+00,0.000000000000000000e+00,0.000000000000000000e+00,0.000000000000000000e+00,0.000000000000000000e+00,0.000000000000000000e+00,0.000000000000000000e+00,0.000000000000000000e+00,0.000000000000000000e+00,0.000000000000000000e+00,0.000000000000000000e+00,0.000000000000000000e+00,0.000000000000000000e+00,0.000000000000000000e+00,0.000000000000000000e+00,5.656145156646243729e-04,1.335314117498153882e-04,1.541487635510972157e-04,1.948043087804246509e-04,2.591129866604930895e-04,3.290641999209439547e-04,3.691803024351813221e-04,3.363095694498709600e-04,1.926453827352503357e-04,4.104706122988511260e-04,1.268010503926885000e-03,3.048085254497061303e-03,2.638538542455253627e-03,3.184007712024745137e-03,3.584919922175893586e-03,3.833002651190845888e-03,3.930410561099968204e-03,3.887969086434850830e-03,3.723765403906106452e-03,3.461484000377316149e-03,3.127534639035920491e-03,2.746457816532128695e-03,2.335475474963324798e-03,1.900581526956104115e-03,1.437051400912087336e-03,9.358172193221622401e-04,3.941839800741817946e-04,0.000000000000000000e+00,1.142960075957803328e-04,4.231143389796741794e-04,7.214041990234201741e-04,1.018684323228995822e-03,1.314302651846617313e-03,1.590728649965753114e-03,1.813856342511279730e-03,1.940774501715215525e-03,1.932308948962663860e-03,1.765975462933767849e-03,1.445195032506651480e-03,1.002168770032826244e-03,4.937530745871929628e-04,4.220028094748207669e-04,4.625164453346224786e-04,5.050231402121301613e-04,5.497236493118699049e-04,5.967301959763451381e-04,6.460490467503467518e-04,6.975670795847440254e-04,7.510409187753298160e-04,8.060921130623662249e-04,8.622039449412693003e-04,9.187273638342229910e-04,1.027020091334305586e-03,7.243258848254135150e-04,6.765199437920905328e-05,0.000000000000000000e+00,0.000000000000000000e+00,0.000000000000000000e+00,0.000000000000000000e+00,0.000000000000000000e+00,3.345389622111410608e-04,1.066496147477107243e-03,1.774076133523726229e-03,0.000000000000000000e+00,0.000000000000000000e+00,0.000000000000000000e+00,0.000000000000000000e+00,0.000000000000000000e+00,0.000000000000000000e+00,1.347518818275174313e-04,7.152478568678114238e-04,0.000000000000000000e+00,0.000000000000000000e+00,0.000000000000000000e+00,0.000000000000000000e+00,0.000000000000000000e+00,5.824800518468420323e-06,1.630943080509767568e-04,3.222569657525855809e-04,3.799377115651488869e-03,6.396506444739182050e-04,7.946251462214372775e-04,9.450449325027862786e-04,0.000000000000000000e+00,0.000000000000000000e+00,0.000000000000000000e+00,0.000000000000000000e+00,0.000000000000000000e+00,0.000000000000000000e+00,0.000000000000000000e+00,0.000000000000000000e+00,0.000000000000000000e+00,0.000000000000000000e+00,0.000000000000000000e+00,0.000000000000000000e+00,0.000000000000000000e+00,7.337969423255795388e-04,1.330491018294276953e-03,1.713984542036230997e-03,1.885729084920605538e-03,1.865635597924441983e-03,1.690795285653114806e-03,1.410340691047456832e-03,1.077630566668280002e-03,7.420688441308358934e-04,4.428034523110741427e-04,2.054888160873401021e-04,4.200650872526583564e-05,0.000000000000000000e+00,0.000000000000000000e+00,0.000000000000000000e+00,0.000000000000000000e+00,3.187309086766981824e-05,4.789668484462703614e-05,1.687732528142348501e-05,0.000000000000000000e+00,0.000000000000000000e+00,0.000000000000000000e+00,0.000000000000000000e+00,0.000000000000000000e+00,0.000000000000000000e+00,0.000000000000000000e+00,0.000000000000000000e+00,0.000000000000000000e+00,0.000000000000000000e+00,0.000000000000000000e+00,0.000000000000000000e+00,0.000000000000000000e+00,0.000000000000000000e+00,3.455355058603176688e-04,8.284349079600197407e-04,1.329182461236497496e-03,1.855481888532721545e-03,2.411007701221533264e-03,2.982869550333226011e-03,3.534261353719661547e-03,4.007202739880907048e-03,4.336124961083070127e-03,4.468014372710871034e-03,4.381362758791165074e-03,4.096058277288859052e-03,3.669713276240722365e-03,3.181334326194253104e-03,2.708164467989955700e-03,2.304013777192466788e-03,1.986479163639083816e-03,1.736872242788048111e-03,1.511999941684702854e-03,1.262997454218818018e-03,1.225463975774546436e-03,1.495888133609322513e-03,1.684040186588546843e-03,1.818570364324643193e-03,1.926143386166470715e-03,2.028573585611352474e-03,2.142734857746869497e-03,2.281566061628595085e-03,2.454514396198924885e-03,2.666439515379998276e-03,2.915001715346545851e-03,3.187537945893618475e-03,3.459039308361792388e-03,3.692805744260341250e-03,3.844595406604905691e-03,3.869859012679721655e-03,3.732386829189394527e-03,3.412004059335864512e-03,2.909136528271216368e-03,8.635113259677133996e-04,0.000000000000000000e+00,0.000000000000000000e+00,0.000000000000000000e+00,0.000000000000000000e+00,0.000000000000000000e+00,0.000000000000000000e+00,0.000000000000000000e+00,0.000000000000000000e+00,3.448750770551648956e-03,5.003394153960108101e-04,0.000000000000000000e+00,0.000000000000000000e+00,0.000000000000000000e+00,0.000000000000000000e+00,0.000000000000000000e+00,0.000000000000000000e+00,4.006612996961394515e-04,1.056077725065062778e-03,1.653682695889831288e-03,2.153153181885316802e-03,2.507191626180817461e-03,2.668517433225847581e-03,2.600926665346511325e-03,2.290825201061375254e-03,1.754678752656011051e-03,1.038743767906377550e-03,2.101053635466936258e-04,0.000000000000000000e+00,0.000000000000000000e+00,0.000000000000000000e+00,0.000000000000000000e+00,0.000000000000000000e+00,0.000000000000000000e+00,0.000000000000000000e+00,0.000000000000000000e+00,0.000000000000000000e+00,2.517859619188520014e-04,4.924679805403006606e-04,6.272364575705747288e-04,6.827263363270815637e-04,6.851225099471161409e-04,6.543420945405233361e-04,6.026512267988606711e-04,5.366750495506241499e-04,4.607059695720355070e-04,3.792783675484043466e-04,2.980138523328936299e-04,2.231463488951485248e-04,1.610569761926551645e-04,1.190422398276701232e-04,1.074582990413130746e-04,1.420775687187609702e-04,2.447907748493979071e-04,4.412323951864319791e-04,7.552448413112243216e-04,1.201607996767238779e-03,1.779351502511721667e-03,2.467890824893788620e-03,3.227290552265136680e-03,4.002681577950910341e-03,4.731708711805701455e-03,5.353219619866204579e-03,5.815312210196324320e-03,6.081285048623933515e-03,6.132709068494766359e-03,5.969600472612782496e-03,5.608220590291466447e-03,5.077330095702418770e-03,4.413786568106121445e-03,4.092027740374964279e-03,4.433357166259538004e-03,4.613789240044049826e-03,4.632266961473386485e-03,4.512456997451488351e-03,4.293299478099835316e-03,4.014010126418441834e-03,3.700247058882517176e-03,3.357898707820870278e-03,2.977701211477617235e-03,2.548934781860646200e-03,2.075951560879343329e-03,1.589328368425507645e-03,1.145176288927014828e-03,8.110628032703084316e-04,6.430708445627866029e-04,6.629493967986469167e-04,8.450026000118505054e-04,1.118797092079701870e-03,1.387531654848572077e-03,1.555733391982636353e-03,1.556461336182794145e-03,1.368745321181212039e-03,1.020018099575779403e-03,5.739894380616761358e-04,1.093949516494280191e-04,0.000000000000000000e+00,0.000000000000000000e+00,0.000000000000000000e+00,0.000000000000000000e+00,0.000000000000000000e+00,0.000000000000000000e+00,3.131112405320625745e-05,5.003878481675475129e-04,9.232477112580153534e-04,1.256733894443565983e-03,1.449291948343875555e-03,1.452921826513186914e-03,1.235793299101012625e-03,7.931607651657611576e-04,1.544443380143688553e-04,6.155102375415935937e-04,1.177375119779813057e-04,1.947258689410264658e-03,0.000000000000000000e+00,0.000000000000000000e+00,0.000000000000000000e+00,0.000000000000000000e+00
0.000000000000000000e+00,0.000000000000000000e+00,0.000000000000000000e+00,0.000000000000000000e+00,0.000000000000000000e+00,0.000000000000000000e+00,0.000000000000000000e+00,0.000000000000000000e+00,0.000000000000000000e+00,0.000000000000000000e+00,0.000000000000000000e+00,0.000000000000000000e+00,0.000000000000000000e+00,0.000000000000000000e+00,0.000000000000000000e+00,0.000000000000000000e+00,0.000000000000000000e+00,0.000000000000000000e+00,0.000000000000000000e+00,0.000000000000000000e+00,0.000000000000000000e+00,0.000000000000000000e+00,0.000000000000000000e+00,0.000000000000000000e+00,0.000000000000000000e+00,0.000000000000000000e+00,0.000000000000000000e+00,0.000000000000000000e+00,0.000000000000000000e+00,0.000000000000000000e+00,0.000000000000000000e+00,0.000000000000000000e+00,8.626889920437610473e-06,1.806992288460755115e-04,3.563618814685430938e-04,5.528668705349502801e-04,7.806414547935124158e-04,2.546291223481088242e-03,0.000000000000000000e+00,0.000000000000000000e+00,0.000000000000000000e+00,0.000000000000000000e+00,0.000000000000000000e+00,0.000000000000000000e+00,0.000000000000000000e+00,0.000000000000000000e+00,0.000000000000000000e+00,1.355135733471131421e-04,8.728463502519112800e-04,1.382793733643588588e-03,1.662572580535988821e-03,1.739371084797669727e-03,1.654872748750996908e-03,1.449985480981343068e-03,1.155944787738437092e-03,7.946296297010581539e-04,3.864580439286781919e-04,0.000000000000000000e+00,0.000000000000000000e+00,0.000000000000000000e+00,0.000000000000000000e+00,0.000000000000000000e+00,0.000000000000000000e+00,0.000000000000000000e+00,4.010079057556283143e-04,1.029631321555567365e-03,1.600331563886146736e-03,2.022656282331879510e-03,2.238069072852677532e-03,2.230949849632077667e-03,2.027571400723436786e-03,1.683716928465590033e-03,1.265307410724233507e-03,8.286295202069244095e-04,4.066384875543258698e-04,5.362278443869652262e-06,0.000000000000000000e+00,0.000000000000000000e+00,0.000000000000000000e+00,0.000000000000000000e+00,0.000000000000000000e+00,0.000000000000000000e+00,0.000000000000000000e+00,0.000000000000000000e+00,4.852913085033374452e-05,6.388058896984245187e-04,1.240621028362904601e-03,1.760731901030574342e-03,2.117289943872055231e-03,2.261264037209387290e-03,2.188281043419248052e-03,2.813982345794530191e-03,0.000000000000000000e+00,0.000000000000000000e+00,0.000000000000000000e+00,0.000000000000000000e+00,0.000000000000000000e+00,0.000000000000000000e+00,0.000000000000000000e+00,0.000000000000000000e+00,0.000000000000000000e+00,0.000000000000000000e+00,0.000000000000000000e+00,0.000000000000000000e+00,0.000000000000000000e+00,0.000000000000000000e+00,1.646995675328764375e-04,3.286558972648752634e-04,5.185413833899472523e-04,7.456236728861885543e-04,9.958403922161538756e-04,6.112615860004257107e-03,0.000000000000000000e+00,0.000000000000000000e+00,0.000000000000000000e+00,0.000000000000000000e+00,0.000000000000000000e+00,0.000000000000000000e+00,0.000000000000000000e+00,0.000000000000000000e+00,0.000000000000000000e+00,0.000000000000000000e+00,0.000000000000000000e+00,3.592387151645272267e-05,8.939869884857541758e-05,1.254011967345013850e-04,1.435597789136761786e-04,1.437673473666828568e-04,1.261581650589313063e-04,3.145168657779103915e-04,7.857127893680486159e-04,1.109767957699689086e-03,1.227041482583569139e-03,1.108368119023125323e-03,7.654589374637329460e-04,2.523277756477960445e-04,0.000000000000000000e+00,0.000000000000000000e+00,0.000000000000000000e+00,0.000000000000000000e+00,0.000000000000000000e+00,0.000000000000000000e+00,0.000000000000000000e+00,0.000000000000000000e+00,0.000000000000000000e+00,0.000000000000000000e+00,0.000000000000000000e+00,0.000000000000000000e+00,0.000000000000000000e+00,0.000000000000000000e+00,0.000000000000000000e+00,0.000000000000000000e+00,0.000000000000000000e+00,0.000000000000000000e+00,0.000000000000000000e+00,0.000000000000000000e+00,0.000000000000000000e+00,0.000000000000000000e+00,0.000000000000000000e+00,0.000000000000000000e+00,0.000000000000000000e+00,0.000000000000000000e+00,0.000000000000000000e+00,0.000000000000000000e+00,0.000000000000000000e+00,0.000000000000000000e+00,0.000000000000000000e+00,0.000000000000000000e+00,0.000000000000000000e+00,1.144050177469421671e-04,3.308272974774842780e-04,3.583788554194565859e-04,1.973806009878279009e-04,0.000000000000000000e+00,0.000000000000000000e+00,0.000000000000000000e+00,0.000000000000000000e+00,0.000000000000000000e+00,0.000000000000000000e+00,0.000000000000000000e+00,0.000000000000000000e+00,0.000000000000000000e+00,0.000000000000000000e+00,0.000000000000000000e+00,0.000000000000000000e+00,0.000000000000000000e+00,0.000000000000000000e+00,0.000000000000000000e+00,0.000000000000000000e+00,0.000000000000000000e+00,0.000000000000000000e+00,0.000000000000000000e+00,0.000000000000000000e+00,0.000000000000000000e+00,0.000000000000000000e+00,0.000000000000000000e+00,0.000000000000000000e+00,0.000000000000000000e+00,0.000000000000000000e+00,0.000000000000000000e+00,1.280986205557288384e-04,7.341637065579483500e-04,1.359501496503861618e-03,1.937977081890960174e-03,2.405329408300568156e-03,2.711112157631259071e-03,2.826499206175709430e-03,2.746799141730477470e-03,2.488871335225744438e-03,2.084762654402287554e-03,1.573634358206099735e-03,9.943264851078514790e-04,3.804657076011963026e-04,0.000000000000000000e+00,0.000000000000000000e+00,0.000000000000000000e+00,4.122895634062799996e-04,1.294015618852827846e-03,1.999393496903552076e-03,2.513944772781518625e-03,2.834810806267805666e-03,2.969121824998204647e-03,2.933979064599395899e-03,2.756063176815765590e-03,2.469127227329255894e-03,2.109275064017659528e-03,1.709818425651106043e-03,1.298286016858459565e-03,8.971964537405674239e-04,5.279491985188786325e-04,2.150391241224524274e-04,0.000000000000000000e+00,0.000000000000000000e+00,0.000000000000000000e+00,3.935954414580970356e-05,2.917505700257870061e-04,5.925904812330719902e-04,8.699766780500565923e-04,1.051619583799497408e-03,1.083518123618810395e-03,9.441886855971293006e-04,6.492227186833166063e-04,2.442794852378205972e-04,0.000000000000000000e+00,0.000000000000000000e+00,0.000000000000000000e+00,0.000000000000000000e+00,0.000000000000000000e+00,0.000000000000000000e+00,0.000000000000000000e+00,0.000000000000000000e+00,0.000000000000000000e+00,0.000000000000000000e+00,0.000000000000000000e+00,0.000000000000000000e+00,0.000000000000000000e+00,0.000000000000000000e+00,0.000000000000000000e+00,0.000000000000000000e+00,0.000000000000000000e+00,2.909022922617051808e-04,1.031514587023270573e-03,1.478497662966363939e-03,1.577746322266042941e-03,1.333316261594265752e-03,8.023100161684751765e-04,7.761037235805211764e-05,0.000000000000000000e+00,0.000000000000000000e+00,0.000000000000000000e+00,0.000000000000000000e+00,0.000000000000000000e+00,0.000000000000000000e+00,0.000000000000000000e+00,0.000000000000000000e+00,0.000000000000000000e+00,0.000000000000000000e+00,3.948784547492921872e-04,1.003113041270291142e-03,1.650415674301180342e-03,2.289873013918589367e-03,2.867500573243999835e-03,3.332704502820137225e-03,3.649322397841696201e-03,3.804778073039748708e-03,3.814659012368516559e-03,3.720723557133380661e-03,3.582158899859399885e-03,3.462283606535941725e-03,3.414747185734014635e-03,3.473560482921806379e-03,0.000000000000000000e+00,0.000000000000000000e+00,0.000000000000000000e+00,0.000000000000000000e+00,0.000000000000000000e+00,0.000000000000000000e+00,0.000000000000000000e+00,0.000000000000000000e+00,0.000000000000000000e+00,0.000000000000000000e+00,0.000000000000000000e+00,0.000000000000000000e+00,0.000000000000000000e+00,0.000000000000000000e+00,0.000000000000000000e+00,3.276367207900950443e-03,0.000000000000000000e+00,0.000000000000000000e+00,0.000000000000000000e+00,0.000000000000000000e+00,0.000000000000000000e+00,0.000000000000000000e+00,0.000000000000000000e+00,3.531144238215673807e-04,8.742728131901202158e-04,1.389284588059084245e-03,1.892104545169226090e-03,2.369640882203410265e-03,2.800024060095123671e-03,3.154498043067153947e-03,3.402398955513503444e-03,3.517385828097189387e-03,3.482848671280276351e-03,3.295149675511345033e-03,2.964376121935208361e-03,2.513041402475864414e-03,2.026369680201422184e-03,3.067009929085802965e-03,3.902116307494257232e-03,4.476127251291489237e-03,1.915888159888967006e-03,1.731861532684654537e-03,1.334364594525459672e-03,7.749923658264880897e-04,1.045547713626339794e-04,0.000000000000000000e+00,0.000000000000000000e+00,0.000000000000000000e+00,0.000000000000000000e+00,0.000000000000000000e+00,0.000000000000000000e+00,2.773662079615124587e-04,9.711204830571191658e-04,1.400144497659563600e-03,1.511465265017173168e-03,1.296995886543198450e-03,7.996334476581113239e-04,1.106366133031617851e-04,0.000000000000000000e+00,0.000000000000000000e+00,7.616256033280089039e-04,1.920457727854564143e-03,2.820133758042483660e-03,3.401493165352144962e-03,3.657088354149734891e-03,3.623119897043859065e-03,0.000000000000000000e+00,5.249815828987758988e-04,2.107227950381578702e-03,3.511758891129931372e-03,4.666359792633544869e-03,0.000000000000000000e+00,0.000000000000000000e+00,0.000000000000000000e+00,0.000000000000000000e+00,0.000000000000000000e+00,0.000000000000000000e+00,0.000000000000000000e+00,0.000000000000000000e+00,0.000000000000000000e+00,0.000000000000000000e+00,0.000000000000000000e+00,0.000000000000000000e+00,0.000000000000000000e+00,0.000000000000000000e+00,0.000000000000000000e+00,0.000000000000000000e+00,0.000000000000000000e+00,0.000000000000000000e+00,0.000000000000000000e+00,0.000000000000000000e+00,0.000000000000000000e+00,0.000000000000000000e+00,0.000000000000000000e+00,0.000000000000000000e+00,0.000000000000000000e+00,0.000000000000000000e+00,0.000000000000000000e+00,0.000000000000000000e+00,0.000000000000000000e+00,0.000000000000000000e+00,0.000000000000000000e+00,0.000000000000000000e+00,0.000000000000000000e+00,0.000000000000000000e+00,0.000000000000000000e+00,0.000000000000000000e+00,0.000000000000000000e+00,0.000000000000000000e+00
0.000000000000000000e+00,0.000000000000000000e+00,0.000000000000000000e+00,0.000000000000000000e+00,0.000000000000000000e+00,0.000000000000000000e+00,0.000000000000000000e+00,0.000000000000000000e+00,0.000000000000000000e+00,0.000000000000000000e+00,2.636073098931196955e-04,3.424206870295129967e-04,2.103834541316843194e-04,0.000000000000000000e+00,0.000000000000000000e+00,0.000000000000000000e+00,0.000000000000000000e+00,0.000000000000000000e+00,0.000000000000000000e+00,0.000000000000000000e+00,0.000000000000000000e+00,1.463104909782040838e-04,7.071941591558349605e-04,1.190643925484896745e-03,1.528377880973473676e-03,1.099866732338919016e-03,1.050654176595982670e-03,9.931815140161101563e-04,9.280101374084007929e-04,8.556359789834243725e-04,7.976357864345426938e-04,1.058932791264900882e-03,1.132150519602321843e-03,9.969603684889720516e-04,6.868968931752419830e-04,2.831142264939632875e-04,1.639083613160176225e-04,3.693735057446045499e-05,0.000000000000000000e+00,0.000000000000000000e+00,5.815345256370846186e-04,1.029174721982559562e-03,1.278963125109980033e-03,1.332982144966709127e-03,1.300904264705178863e-03,1.359517956297495375e-03,1.264348122195554230e-03,1.042815653389502113e-03,7.354863382333227907e-04,3.861021859714951860e-04,3.439626474856475339e-05,0.000000000000000000e+00,0.000000000000000000e+00,0.000000000000000000e+00,0.000000000000000000e+00,0.000000000000000000e+00,0.000000000000000000e+00,0.000000000000000000e+00,0.000000000000000000e+00,0.000000000000000000e+00,0.000000000000000000e+00,0.000000000000000000e+00,0.000000000000000000e+00,0.000000000000000000e+00,0.000000000000000000e+00,0.000000000000000000e+00,0.000000000000000000e+00,0.000000000000000000e+00,0.000000000000000000e+00,0.000000000000000000e+00,0.000000000000000000e+00,0.000000000000000000e+00,0.000000000000000000e+00,0.000000000000000000e+00,0.000000000000000000e+00,0.000000000000000000e+00,0.000000000000000000e+00,0.000000000000000000e+00,0.000000000000000000e+00,0.000000000000000000e+00,0.000000000000000000e+00,0.000000000000000000e+00,0.000000000000000000e+00,0.000000000000000000e+00,0.000000000000000000e+00,0.000000000000000000e+00,0.000000000000000000e+00,4.311390761594161556e-04,1.250567912892494842e-03,2.103343778988265092e-03,2.926261579822369251e-03,3.640040132008060068e-03,4.163960060575394931e-03,4.433338722756766971e-03,4.414326959655085966e-03,4.111727263611416466e-03,3.567910634328623140e-03,2.853411063200696120e-03,2.051790707240435437e-03,1.242685060813640031e-03,4.873814767907636643e-04,0.000000000000000000e+00,0.000000000000000000e+00,0.000000000000000000e+00,0.000000000000000000e+00,0.000000000000000000e+00,0.000000000000000000e+00,0.000000000000000000e+00,0.000000000000000000e+00,3.245363370630317801e-04,1.221619428291389727e-03,2.015182816536491978e-03,2.664156502730621445e-03,3.148326335554379324e-03,3.465129756759544738e-03,3.621377007176885664e-03,3.623881479587749092e-03,3.473822809123254616e-03,3.168243991386409438e-03,2.708847472930897039e-03,2.114690176460165289e-03,0.000000000000000000e+00,0.000000000000000000e+00,1.250532782138686608e-04,8.335674947854009476e-05,0.000000000000000000e+00,0.000000000000000000e+00,0.000000000000000000e+00,0.000000000000000000e+00,0.000000000000000000e+00,0.000000000000000000e+00,0.000000000000000000e+00,0.000000000000000000e+00,0.000000000000000000e+00,6.866562948996649159e-04,1.077863284448042028e-03,1.034935194009150607e-03,5.869979540376877355e-04,0.000000000000000000e+00,0.000000000000000000e+00,0.000000000000000000e+00,0.000000000000000000e+00,0.000000000000000000e+00,0.000000000000000000e+00,0.000000000000000000e+00,0.000000000000000000e+00,0.000000000000000000e+00,0.000000000000000000e+00,0.000000000000000000e+00,0.000000000000000000e+00,1.414240679281061073e-03,2.463256592569616136e-04,0.000000000000000000e+00,0.000000000000000000e+00,0.000000000000000000e+00,0.000000000000000000e+00,2.380720648723733492e-04,5.789944070040042769e-04,8.284060262194956059e-04,1.274334856369998799e-03,1.652828393814971802e-03,1.940292078329052374e-03,2.119471231830691305e-03,2.173921487249493890e-03,2.085865689087324209e-03,1.838780958453987112e-03,1.423536108829863726e-03,8.449654971060590464e-04,1.253749206419413266e-04,0.000000000000000000e+00,0.000000000000000000e+00,0.000000000000000000e+00,0.000000000000000000e+00,0.000000000000000000e+00,0.000000000000000000e+00,0.000000000000000000e+00,0.000000000000000000e+00,0.000000000000000000e+00,0.000000000000000000e+00,0.000000000000000000e+00,0.000000000000000000e+00,0.000000000000000000e+00,0.000000000000000000e+00,0.000000000000000000e+00,0.000000000000000000e+00,0.000000000000000000e+00,0.000000000000000000e+00,1.136118720897741439e-03,0.000000000000000000e+00,2.993017956469116092e-04,8.002086288036694590e-04,1.180996476730281032e-03,2.618097324128653390e-03,1.589767761367847417e-03,0.000000000000000000e+00,0.000000000000000000e+00,0.000000000000000000e+00,0.000000000000000000e+00,0.000000000000000000e+00,0.000000000000000000e+00,0.000000000000000000e+00,0.000000000000000000e+00,0.000000000000000000e+00,0.000000000000000000e+00,0.000000000000000000e+00,0.000000000000000000e+00,0.000000000000000000e+00,0.000000000000000000e+00,3.369926868327151478e-04,0.000000000000000000e+00,0.000000000000000000e+00,0.000000000000000000e+00,0.000000000000000000e+00,0.000000000000000000e+00,0.000000000000000000e+00,0.000000000000000000e+00,0.000000000000000000e+00,0.000000000000000000e+00,0.000000000000000000e+00,0.000000000000000000e+00,0.000000000000000000e+00,0.000000000000000000e+00,3.326215333977778363e-04,1.386403959910339177e-03,2.477255633834484719e-03,1.034674343210731026e-02,2.273647776579094167e-03,2.230999193817332412e-03,2.182232816294251473e-03,2.128434364324940237e-03,2.070753675811309955e-03,2.010363678486261352e-03,1.948416012428357078e-03,1.886002696686941982e-03,1.824119464267906368e-03,1.763636581082425082e-03,1.705276422543355484e-03,1.649595899431668261e-03,1.596980312376110453e-03,1.547640382204319058e-03,1.501619934028646788e-03,1.458805508019776070e-03,1.418944154752021418e-03,1.381662835854271295e-03,1.346490223190879940e-03,1.312880052994546895e-03,1.280234003027220287e-03,1.495530795284558383e-03,2.791750943988924750e-03,0.000000000000000000e+00,0.000000000000000000e+00,0.000000000000000000e+00,0.000000000000000000e+00,0.000000000000000000e+00,0.000000000000000000e+00,0.000000000000000000e+00,0.000000000000000000e+00,0.000000000000000000e+00,2.588784915465254174e-04,7.879762571053809499e-04,1.389445880806038569e-03,2.038776362911491179e-03,2.703140782402744299e-03,3.348788069928557414e-03,3.944852106512649823e-03,0.000000000000000000e+00,0.000000000000000000e+00,0.000000000000000000e+00,0.000000000000000000e+00,0.000000000000000000e+00,0.000000000000000000e+00,0.000000000000000000e+00,0.000000000000000000e+00,0.000000000000000000e+00,0.000000000000000000e+00,0.000000000000000000e+00,0.000000000000000000e+00,3.087002106405633910e-04,8.585570473835953380e-04,3.775820410507794793e-04,3.283108567691823531e-04,2.638635652557657827e-04,1.848113248543872356e-04,9.202920026779050616e-05,0.000000000000000000e+00,0.000000000000000000e+00,0.000000000000000000e+00,0.000000000000000000e+00,0.000000000000000000e+00,0.000000000000000000e+00,0.000000000000000000e+00,0.000000000000000000e+00,0.000000000000000000e+00,0.000000000000000000e+00,0.000000000000000000e+00,0.000000000000000000e+00,0.000000000000000000e+00,0.000000000000000000e+00,0.000000000000000000e+00,0.000000000000000000e+00,0.000000000000000000e+00,0.000000000000000000e+00,0.000000000000000000e+00,0.000000000000000000e+00,0.000000000000000000e+00,0.000000000000000000e+00,0.000000000000000000e+00,0.000000000000000000e+00,0.000000000000000000e+00,0.000000000000000000e+00,0.000000000000000000e+00,0.000000000000000000e+00,0.000000000000000000e+00,0.000000000000000000e+00,0.000000000000000000e+00,0.000000000000000000e+00,0.000000000000000000e+00,0.000000000000000000e+00,0.000000000000000000e+00,0.000000000000000000e+00,0.000000000000000000e+00,0.000000000000000000e+00,0.000000000000000000e+00,0.000000000000000000e+00,0.000000000000000000e+00,0.000000000000000000e+00,0.000000000000000000e+00,0.000000000000000000e+00,0.000000000000000000e+00,0.000000000000000000e+00,0.000000000000000000e+00,0.000000000000000000e+00,0.000000000000000000e+00,0.000000000000000000e+00,0.000000000000000000e+00,0.000000000000000000e+00,0.000000000000000000e+00,0.000000000000000000e+00,0.000000000000000000e+00,0.000000000000000000e+00,0.000000000000000000e+00,0.000000000000000000e+00,0.000000000000000000e+00,0.000000000000000000e+00,0.000000000000000000e+00,0.000000000000000000e+00,0.000000000000000000e+00,0.000000000000000000e+00,0.000000000000000000e+00,0.000000000000000000e+00,0.000000000000000000e+00,0.000000000000000000e+00,0.000000000000000000e+00,0.000000000000000000e+00,0.000000000000000000e+00,0.000000000000000000e+00,0.000000000000000000e+00,1.365576047423062945e-03,1.250859716205490746e-03,1.912691249420425937e-03,8.762548424577984310e-04,1.771483047992867188e-03,2.581178338697196102e-03,3.215567678878933442e-03,3.609779214496498714e-03,3.734051524012598454e-03,3.599023786610223378e-03,3.255828053582012632e-03,5.421895124196741928e-05,8.804396920521161390e-04,1.466423211840564523e-03,1.736430164886140293e-03,1.675949309399407715e-03,1.338613370075432537e-03,8.358552584069313092e-04,3.100734689319239556e-04,0.000000000000000000e+00,0.000000000000000000e+00,0.000000000000000000e+00,3.804296576191631984e-05,4.809261745658366220e-04,9.888935965937568386e-04,1.468632046201747820e-03,2.360635664039234007e-03,0.000000000000000000e+00,0.000000000000000000e+00,0.000000000000000000e+00,0.000000000000000000e+00,0.000000000000000000e+00,0.000000000000000000e+00,9.659177648904178037e-06,2.942013591309543155e-04,5.215217249832153302e-04,0.000000000000000000e+00,3.971525663286481567e-05,6.384164445305281317e-05,5.351396909158637064e-05,1.714569545733779160e-05,2.188749761303076656e-04,5.227771832740137894e-04
1.040100705013960631e-07,7.365691289436418574e-04,0.000000000000000000e+00,0.000000000000000000e+00,0.000000000000000000e+00,0.000000000000000000e+00,0.000000000000000000e+00,0.000000000000000000e+00,0.000000000000000000e+00,0.000000000000000000e+00,0.000000000000000000e+00,0.000000000000000000e+00,3.604305473897327335e-04,8.240923288958088185e-04,0.000000000000000000e+00,0.000000000000000000e+00,0.000000000000000000e+00,8.028148738457608355e-05,8.242762966660318897e-04,1.641686067435172954e-03,2.467225147826285474e-03,3.241108523434654918e-03,3.906089002214147010e-03,4.407454068824759146e-03,4.698754129023806694e-03,4.751909897335823176e-03,4.567062810538565290e-03,6.921675933805612226e-03,0.000000000000000000e+00,0.000000000000000000e+00,0.000000000000000000e+00,0.000000000000000000e+00,0.000000000000000000e+00,0.000000000000000000e+00,0.000000000000000000e+00,0.000000000000000000e+00,0.000000000000000000e+00,0.000000000000000000e+00,0.000000000000000000e+00,0.000000000000000000e+00,0.000000000000000000e+00,0.000000000000000000e+00,0.000000000000000000e+00,0.000000000000000000e+00,0.000000000000000000e+00,0.000000000000000000e+00,0.000000000000000000e+00,0.000000000000000000e+00,0.000000000000000000e+00,0.000000000000000000e+00,1.372427155465723910e-04,5.617748975207145605e-04,9.729406192623518386e-04,1.354182155423871471e-03,1.665863163446967181e-03,1.850914620073169838e-03,1.852247874512682113e-03,1.636218711047351471e-03,1.212703316291083040e-03,6.428809284581470324e-04,3.047482540751780347e-05,0.000000000000000000e+00,1.462533831296341244e-03,0.000000000000000000e+00,0.000000000000000000e+00,0.000000000000000000e+00,0.000000000000000000e+00,0.000000000000000000e+00,0.000000000000000000e+00,0.000000000000000000e+00,3.446696760101446752e-05,5.943894782280722861e-05,7.245630516293609510e-04,1.330595371029839836e-03,0.000000000000000000e+00,0.000000000000000000e+00,0.000000000000000000e+00,0.000000000000000000e+00,0.000000000000000000e+00,0.000000000000000000e+00,0.000000000000000000e+00,0.000000000000000000e+00,3.158462657470424793e-04,1.536218108891321526e-03,1.546486078232776938e-03,2.533125354717978301e-03,1.948194911934209668e-03,2.875408168440280257e-03,3.560516012706556408e-03,3.960901044422120675e-03,4.067348591776084009e-03,3.903567726483635550e-03,3.518065307924013018e-03,2.970509783952680199e-03,2.316496095199260721e-03,1.595280564662040785e-03,9.186446134477025023e-04,1.309227559955173205e-03,1.583826019648447783e-03,1.717200999420743970e-03,1.696682791606992551e-03,1.530678095804660806e-03,1.252163542891329478e-03,9.146160066204730901e-04,5.810071282444397283e-04,3.094954884685182013e-04,1.409349076049698610e-04,9.260729631830126563e-05,1.599609089953385065e-04,7.084201422587152810e-03,0.000000000000000000e+00,0.000000000000000000e+00,0.000000000000000000e+00,0.000000000000000000e+00,0.000000000000000000e+00,0.000000000000000000e+00,0.000000000000000000e+00,0.000000000000000000e+00,0.000000000000000000e+00,0.000000000000000000e+00,0.000000000000000000e+00,0.000000000000000000e+00,4.784809876159612746e-04,1.957360071482229860e-03,0.000000000000000000e+00,0.000000000000000000e+00,0.000000000000000000e+00,0.000000000000000000e+00,0.000000000000000000e+00,0.000000000000000000e+00,0.000000000000000000e+00,0.000000000000000000e+00,0.000000000000000000e+00,0.000000000000000000e+00,0.000000000000000000e+00,0.000000000000000000e+00,4.715470191241140255e-04,2.357301771820042788e-03,0.000000000000000000e+00,0.000000000000000000e+00,0.000000000000000000e+00,0.000000000000000000e+00,0.000000000000000000e+00,0.000000000000000000e+00,0.000000000000000000e+00,0.000000000000000000e+00,0.000000000000000000e+00,0.000000000000000000e+00,0.000000000000000000e+00,0.000000000000000000e+00,0.000000000000000000e+00,5.298844007284098708e-04,3.668148409674796238e-03,2.426068404108409904e-03,2.391155308912939342e-03,2.147616282976096743e-03,1.684924832021322252e-03,1.011917451607230109e-03,1.649638439641790729e-04,0.000000000000000000e+00,0.000000000000000000e+00,0.000000000000000000e+00,0.000000000000000000e+00,0.000000000000000000e+00,0.000000000000000000e+00,0.000000000000000000e+00,0.000000000000000000e+00,0.000000000000000000e+00,0.000000000000000000e+00,0.000000000000000000e+00,0.000000000000000000e+00,0.000000000000000000e+00,0.000000000000000000e+00,0.000000000000000000e+00,0.000000000000000000e+00,0.000000000000000000e+00,0.000000000000000000e+00,1.690996402013219971e-04,4.965440759653297516e-04,8.184971372667249577e-04,1.086968855760058524e-03,1.247543395619642127e-03,1.253053143199309898e-03,1.075539073693252377e-03,7.129168254168470305e-04,1.889254884055514600e-04,3.033937010835674811e-03,1.157205332037323977e-03,0.000000000000000000e+00,0.000000000000000000e+00,0.000000000000000000e+00,1.911190064347954810e-03,1.004845704107735745e-03,1.034571380467666458e-03,6.742482243257530818e-04,0.000000000000000000e+00,3.460450999236942219e-03,0.000000000000000000e+00,2.734400664589970407e-03,0.000000000000000000e+00,0.000000000000000000e+00,0.000000000000000000e+00,5.381889285341437705e-04,1.053801637682220656e-03,1.428759885990210816e-03,1.639151397929194086e-03,1.659011899118691125e-03,1.464731808745439907e-03,1.048738003873967567e-03,4.501704719642804367e-04,5.928358070945049423e-04,7.416285776825386677e-04,2.526414378620736589e-03,1.744480444484368441e-03,1.216917453024542661e-03,1.381173590620996417e-03,1.545885716670684700e-03,1.709300276741345520e-03,1.869528250570843229e-03,4.798712920581052802e-04,1.234450794612545034e-03,1.884157962886453533e-03,2.409090654700345169e-03,2.818560003929930502e-03,3.127430933849737176e-03,0.000000000000000000e+00,4.238037426136119826e-04,8.610814687666088407e-04,1.307650618459809668e-03,1.782409169569090096e-03,2.307376438567238387e-03,2.893917074527074806e-03,0.000000000000000000e+00,0.000000000000000000e+00,0.000000000000000000e+00,0.000000000000000000e+00,1.647416431134466252e-04,8.028310108951535384e-04,1.493240742497504298e-03,2.253513125828862478e-03,3.066339274476420282e-03,3.876368291704083459e-03,4.600314835771811446e-03,5.146871053232545019e-03,5.439328742727303490e-03,5.433252721053005024e-03,5.124224537474562392e-03,4.545131771199387334e-03,3.756434333142823125e-03,2.834403237283029692e-03,1.861135015859859305e-03,9.173348616481615762e-04,7.636538975487814338e-05,0.000000000000000000e+00,1.755302144475625670e-04,3.548459758987546108e-04,4.897380651519028403e-04,5.475806335189643782e-04,5.127527919165578282e-04,3.874230628505295434e-04,1.892443403728888158e-04,0.000000000000000000e+00,0.000000000000000000e+00,0.000000000000000000e+00,0.000000000000000000e+00,0.000000000000000000e+00,0.000000000000000000e+00,0.000000000000000000e+00,0.000000000000000000e+00,0.000000000000000000e+00,0.000000000000000000e+00,2.187763996199542954e-04,5.270388654761751744e-04,8.263700800671594906e-04,1.098657573916283050e-03,1.328484568838552001e-03,1.506030488989924939e-03,1.630650834935400313e-03,1.713895549424429348e-03,1.780248922890999850e-03,2.174454688965570068e-03,0.000000000000000000e+00,0.000000000000000000e+00,0.000000000000000000e+00,0.000000000000000000e+00,0.000000000000000000e+00,0.000000000000000000e+00,0.000000000000000000e+00,0.000000000000000000e+00,0.000000000000000000e+00,0.000000000000000000e+00,0.000000000000000000e+00,0.000000000000000000e+00,0.000000000000000000e+00,0.000000000000000000e+00,0.000000000000000000e+00,0.000000000000000000e+00,0.000000000000000000e+00,0.000000000000000000e+00,0.000000000000000000e+00,0.000000000000000000e+00,0.000000000000000000e+00,0.000000000000000000e+00,0.000000000000000000e+00,0.000000000000000000e+00,0.000000000000000000e+00,0.000000000000000000e+00,3.722291735337393158e-04,1.484568138806721454e-03,2.442293835761380569e-03,3.175152112297557200e-03,3.628191162293583748e-03,3.768549771644989603e-03,3.591921415843228865e-03,3.126719211479298075e-03,2.434065400203270710e-03,1.602579917424760969e-03,7.382235752384371614e-04,0.000000000000000000e+00,0.000000000000000000e+00,0.000000000000000000e+00,0.000000000000000000e+00,0.000000000000000000e+00,0.000000000000000000e+00,5.611866728420468117e-04,1.588549313626813403e-03,2.750815376733906428e-03,0.000000000000000000e+00,0.000000000000000000e+00,0.000000000000000000e+00,0.000000000000000000e+00,0.000000000000000000e+00,0.000000000000000000e+00,0.000000000000000000e+00,0.000000000000000000e+00,0.000000000000000000e+00,7.341650449138875797e-05,1.068288434608688313e-04,1.270346868480918742e-04,1.345781353251483019e-04,3.680830969613911683e-03,1.157056571694368063e-04,9.218455050420866232e-05,6.173954744962141506e-05,2.656609876483486174e-05,0.000000000000000000e+00,0.000000000000000000e+00,0.000000000000000000e+00,0.000000000000000000e+00,0.000000000000000000e+00,0.000000000000000000e+00,0.000000000000000000e+00,0.000000000000000000e+00,0.000000000000000000e+00,0.000000000000000000e+00,5.090014088750817288e-05,1.473255268475118956e-04,1.456395767048345499e-03,2.848020873078805585e-03,4.171998249732874683e-03,5.396676741308089990e-03,6.503398198631915247e-03,7.483701968690535493e-03,8.333920864717259472e-03,9.049457262123215828e-03,9.620672253772654184e-03,1.545473477817136884e-02,0.000000000000000000e+00,0.000000000000000000e+00,0.000000000000000000e+00,0.000000000000000000e+00,0.000000000000000000e+00,0.000000000000000000e+00,0.000000000000000000e+00,0.000000000000000000e+00,0.000000000000000000e+00,0.000000000000000000e+00,5.988304819328415726e-04,1.479023036367805785e-03,2.212384099257161483e-03,0.000000000000000000e+00,0.000000000000000000e+00,0.000000000000000000e+00,0.000000000000000000e+00,0.000000000000000000e+00,0.000000000000000000e+00,0.000000000000000000e+00,0.000000000000000000e+00,3.447868857637134904e-04,8.983372325497130219e-04,1.452013311703170047e-03,1.959216349490101525e-03,2.361647401922372692e-03,2.596606308457020777e-03,2.607898723112751088e-03,2.358169986414362321e-03,1.839515307412062069e-03,1.079360827244836129e-03,0.000000000000000000e+00,8.896874196163973014e-04
0.000000000000000000e+00,0.000000000000000000e+00,0.000000000000000000e+00,0.000000000000000000e+00,0.000000000000000000e+00,0.000000000000000000e+00,0.000000000000000000e+00,0.000000000000000000e+00,0.000000000000000000e+00,0.000000000000000000e+00,0.000000000000000000e+00,0.000000000000000000e+00,0.000000000000000000e+00,0.000000000000000000e+00,0.000000000000000000e+00,0.000000000000000000e+00,0.000000000000000000e+00,0.000000000000000000e+00,5.346023175250186853e-03,0.000000000000000000e+00,7.869712001446617464e-05,0.000000000000000000e+00,2.412825914894800808e-05,8.268698608452951541e-05,1.450773095018136841e-04,0.000000000000000000e+00,0.000000000000000000e+00,3.044135915301441307e-03,7.681622078643582027e-03,0.000000000000000000e+00,0.000000000000000000e+00,9.376041796489770945e-04,2.090359941105267901e-03,3.102766017762207795e-03,3.909023121947216399e-03,0.000000000000000000e+00,0.000000000000000000e+00,0.000000000000000000e+00,0.000000000000000000e+00,0.000000000000000000e+00,2.001880877559965223e-04,0.000000000000000000e+00,0.000000000000000000e+00,0.000000000000000000e+00,0.000000000000000000e+00,0.000000000000000000e+00,0.000000000000000000e+00,0.000000000000000000e+00,0.000000000000000000e+00,0.000000000000000000e+00,0.000000000000000000e+00,0.000000000000000000e+00,0.000000000000000000e+00,0.000000000000000000e+00,0.000000000000000000e+00,0.000000000000000000e+00,0.000000000000000000e+00,0.000000000000000000e+00,0.000000000000000000e+00,0.000000000000000000e+00,0.000000000000000000e+00,0.000000000000000000e+00,0.000000000000000000e+00,0.000000000000000000e+00,0.000000000000000000e+00,0.000000000000000000e+00,0.000000000000000000e+00,4.164683701103270679e-04,0.000000000000000000e+00,0.000000000000000000e+00,0.000000000000000000e+00,7.409760195326249631e-05,3.390352148049407166e-04,0.000000000000000000e+00,0.000000000000000000e+00,0.000000000000000000e+00,0.000000000000000000e+00,0.000000000000000000e+00,9.135737392173250366e-04,1.827563675005546614e-03,2.550154234604299752e-03,3.002516918025753719e-03,3.122489023335558739e-03,2.870884195242316434e-03,2.239821378204439467e-03,1.622447981998553822e-03,0.000000000000000000e+00,1.399389026426255079e-03,6.724588037999357226e-03,0.000000000000000000e+00,1.843727827917957961e-04,0.000000000000000000e+00,0.000000000000000000e+00,0.000000000000000000e+00,0.000000000000000000e+00,0.000000000000000000e+00,0.000000000000000000e+00,0.000000000000000000e+00,0.000000000000000000e+00,0.000000000000000000e+00,0.000000000000000000e+00,0.000000000000000000e+00,2.181710113748787090e-04,3.586884344112731943e-04,3.376916269624989425e-04,1.215399145030343105e-04,0.000000000000000000e+00,0.000000000000000000e+00,0.000000000000000000e+00,0.000000000000000000e+00,0.000000000000000000e+00,0.000000000000000000e+00,0.000000000000000000e+00,0.000000000000000000e+00,0.000000000000000000e+00,0.000000000000000000e+00,0.000000000000000000e+00,0.000000000000000000e+00,0.000000000000000000e+00,1.415493862709756099e-04,1.140343258560552785e-03,1.987139479331988343e-03,2.569464839896131846e-03,2.817513986605230461e-03,2.718455795917050413e-03,2.315303806505714535e-03,1.693215333220581204e-03,9.593148182132078643e-04,2.222215345749915447e-04,0.000000000000000000e+00,0.000000000000000000e+00,0.000000000000000000e+00,0.000000000000000000e+00,0.000000000000000000e+00,0.000000000000000000e+00,0.000000000000000000e+00,0.000000000000000000e+00,0.000000000000000000e+00,0.000000000000000000e+00,0.000000000000000000e+00,0.000000000000000000e+00,0.000000000000000000e+00,0.000000000000000000e+00,0.000000000000000000e+00,0.000000000000000000e+00,5.630381405410563847e-05,1.946819092544451076e-04,3.136074190853806371e-04,4.126124810437042456e-04,4.915268229536825725e-04,5.504690653185472741e-04,5.898404723229445402e-04,1.337665398577105383e-03,1.861062069411589890e-03,1.996298885370406413e-03,1.739380321749630200e-03,1.131549145911526708e-03,4.682631245654697138e-04,4.013184744917672295e-04,3.255622400684291635e-04,2.428683381411048581e-04,1.551301725274038357e-04,6.423570187054124388e-05,1.279422929402422159e-04,5.976276812710176918e-03,7.178844236267156427e-04,0.000000000000000000e+00,0.000000000000000000e+00,4.481440327293538246e-04,1.372279645559649043e-03,0.000000000000000000e+00,0.000000000000000000e+00,0.000000000000000000e+00,1.034242501567881516e-03,1.977045651032989862e-03,0.000000000000000000e+00,0.000000000000000000e+00,0.000000000000000000e+00,0.000000000000000000e+00,0.000000000000000000e+00,0.000000000000000000e+00,0.000000000000000000e+00,0.000000000000000000e+00,0.000000000000000000e+00,3.634040997829793567e-04,0.000000000000000000e+00,0.000000000000000000e+00,0.000000000000000000e+00,0.000000000000000000e+00,6.057559215437660237e-04,0.000000000000000000e+00,0.000000000000000000e+00,6.621841135366140878e-03,0.000000000000000000e+00,0.000000000000000000e+00,0.000000000000000000e+00,0.000000000000000000e+00,0.000000000000000000e+00,0.000000000000000000e+00,0.000000000000000000e+00,0.000000000000000000e+00,0.000000000000000000e+00,1.235256072834769682e-05,2.916685938449355535e-05,0.000000000000000000e+00,0.000000000000000000e+00,0.000000000000000000e+00,0.000000000000000000e+00,0.000000000000000000e+00,0.000000000000000000e+00,0.000000000000000000e+00,0.000000000000000000e+00,0.000000000000000000e+00,0.000000000000000000e+00,1.345816666421004167e-05,1.366407047931199412e-03,2.647176790912665872e-03,3.756541889563487068e-03,4.639032479026505493e-03,5.275697757972264146e-03,5.667513292712177304e-03,5.818820864483233851e-03,5.729254587423382970e-03,5.397805726375117484e-03,4.836362708964946078e-03,4.084973535972783072e-03,3.219528633041632715e-03,4.842289343434319666e-03,0.000000000000000000e+00,0.000000000000000000e+00,0.000000000000000000e+00,0.000000000000000000e+00,1.676619860968922094e-03,0.000000000000000000e+00,0.000000000000000000e+00,0.000000000000000000e+00,0.000000000000000000e+00,0.000000000000000000e+00,0.000000000000000000e+00,0.000000000000000000e+00,0.000000000000000000e+00,0.000000000000000000e+00,0.000000000000000000e+00,0.000000000000000000e+00,0.000000000000000000e+00,0.000000000000000000e+00,0.000000000000000000e+00,0.000000000000000000e+00,0.000000000000000000e+00,0.000000000000000000e+00,0.000000000000000000e+00,5.313053221645632927e-04,1.419937743587845833e-03,2.430925519286182210e-03,3.544088952562080789e-03,4.741329561881028540e-03,5.996146877581810114e-03,7.263900071294742897e-03,8.480042768495846955e-03,0.000000000000000000e+00,0.000000000000000000e+00,0.000000000000000000e+00,0.000000000000000000e+00,0.000000000000000000e+00,0.000000000000000000e+00,0.000000000000000000e+00,0.000000000000000000e+00,0.000000000000000000e+00,0.000000000000000000e+00,0.000000000000000000e+00,0.000000000000000000e+00,0.000000000000000000e+00,0.000000000000000000e+00,0.000000000000000000e+00,0.000000000000000000e+00,0.000000000000000000e+00,9.571286075918333065e-04,3.435029706973780333e-03,2.299337372946139071e-03,0.000000000000000000e+00,0.000000000000000000e+00,0.000000000000000000e+00,0.000000000000000000e+00,0.000000000000000000e+00,0.000000000000000000e+00,0.000000000000000000e+00,0.000000000000000000e+00,0.000000000000000000e+00,0.000000000000000000e+00,0.000000000000000000e+00,0.000000000000000000e+00,0.000000000000000000e+00,0.000000000000000000e+00,0.000000000000000000e+00,0.000000000000000000e+00,0.000000000000000000e+00,0.000000000000000000e+00,0.000000000000000000e+00,0.000000000000000000e+00,0.000000000000000000e+00,0.000000000000000000e+00,0.000000000000000000e+00,0.000000000000000000e+00,0.000000000000000000e+00,0.000000000000000000e+00,0.000000000000000000e+00,0.000000000000000000e+00,0.000000000000000000e+00,0.000000000000000000e+00,0.000000000000000000e+00,0.000000000000000000e+00,0.000000000000000000e+00,0.000000000000000000e+00,0.000000000000000000e+00,0.000000000000000000e+00,0.000000000000000000e+00,0.000000000000000000e+00,0.000000000000000000e+00,0.000000000000000000e+00,0.000000000000000000e+00,0.000000000000000000e+00,0.000000000000000000e+00,0.000000000000000000e+00,0.000000000000000000e+00,0.000000000000000000e+00,0.000000000000000000e+00,0.000000000000000000e+00,0.000000000000000000e+00,0.000000000000000000e+00,5.602680086706715720e-06,1.459245812207790680e-03,2.863638398867721351e-03,4.117237994445964097e-03,5.113911419063515290e-03,5.761179314602942608e-03,6.000123441648390170e-03,5.821059249478793482e-03,5.269967029526811085e-03,4.443442141235477878e-03,3.473363292230163390e-03,0.000000000000000000e+00,0.000000000000000000e+00,0.000000000000000000e+00,9.873012383482918943e-05,1.765860127579629325e-03,0.000000000000000000e+00,0.000000000000000000e+00,6.726214395843853409e-05,2.267093262758326463e-04,4.757823112185786377e-04,7.974914097820970339e-04,9.353280382390668883e-04,8.692386877715190321e-04,6.144486702383551279e-04,2.202382172676868751e-04,0.000000000000000000e+00,0.000000000000000000e+00,0.000000000000000000e+00,0.000000000000000000e+00,0.000000000000000000e+00,0.000000000000000000e+00,0.000000000000000000e+00,1.227133658635658859e-04,6.970098970233585406e-04,1.212946867071951033e-03,1.669231554787996329e-03,2.069577445923311693e-03,2.417814734788551519e-03,2.715063744824024704e-03,2.959509640451464356e-03,3.148502005204340502e-03,3.281873680092620930e-03,0.000000000000000000e+00,0.000000000000000000e+00,0.000000000000000000e+00,0.000000000000000000e+00,0.000000000000000000e+00,0.000000000000000000e+00,0.000000000000000000e+00,0.000000000000000000e+00,0.000000000000000000e+00,0.000000000000000000e+00,0.000000000000000000e+00,0.000000000000000000e+00,0.000000000000000000e+00,0.000000000000000000e+00,0.000000000000000000e+00,0.000000000000000000e+00,0.000000000000000000e+00,0.000000000000000000e+00,0.000000000000000000e+00,0.000000000000000000e+00,0.000000000000000000e+00,0.000000000000000000e+00,0.000000000000000000e+00,0.000000000000000000e+00,0.000000000000000000e+00,0.000000000000000000e+00,0.000000000000000000e+00,0.000000000000000000e+00
0.000000000000000000e+00,1.287267939240719413e-03,0.000000000000000000e+00,0.000000000000000000e+00,0.000000000000000000e+00,0.000000000000000000e+00,0.000000000000000000e+00,0.000000000000000000e+00,0.000000000000000000e+00,0.000000000000000000e+00,0.000000000000000000e+00,0.000000000000000000e+00,0.000000000000000000e+00,0.000000000000000000e+00,0.000000000000000000e+00,0.000000000000000000e+00,0.000000000000000000e+00,3.300197924386805647e-04,9.446426805928554967e-04,1.493160849952514073e-03,1.950535260443319241e-03,2.293382769404675448e-03,2.501563373342300702e-03,2.561602348870375360e-03,2.470566362193564198e-03,2.238687443409495374e-03,1.889572869748936670e-03,1.457898694386900850e-03,9.854038615058938969e-04,6.094685192230994654e-04,6.442122766191096892e-04,6.676973707646124533e-04,6.791187790176268129e-04,6.778973918474252803e-04,6.636944256868205832e-04,6.364175995490900777e-04,5.962251307627710857e-04,5.435253894636063281e-04,4.789677922722285187e-04,4.034341301311980673e-04,3.180189122303940779e-04,2.240095017178566077e-04,1.228572494908660969e-04,1.614810619985167952e-05,0.000000000000000000e+00,0.000000000000000000e+00,0.000000000000000000e+00,0.000000000000000000e+00,0.000000000000000000e+00,0.000000000000000000e+00,0.000000000000000000e+00,0.000000000000000000e+00,0.000000000000000000e+00,0.000000000000000000e+00,0.000000000000000000e+00,3.647522993109527929e-04,1.058879147968279323e-03,1.683319060573101184e-03,2.201210220533589973e-03,2.558198683854085147e-03,2.692187735296365427e-03,2.552169654057589304e-03,2.119590692777230303e-03,1.423896198595576415e-03,1.065909721206882710e-03,7.573663901235997515e-04,4.920790576454714882e-04,2.889576806420137843e-04,1.426706825532678537e-04,3.576789960850836509e-05,0.000000000000000000e+00,0.000000000000000000e+00,1.265975566696108192e-04,4.424165868539891243e-04,1.093246843271039560e-03,3.199616978817449689e-04,2.830776117444763784e-04,1.720840373933706614e-05,0.000000000000000000e+00,0.000000000000000000e+00,0.000000000000000000e+00,0.000000000000000000e+00,0.000000000000000000e+00,0.000000000000000000e+00,0.000000000000000000e+00,7.461403402133411772e-04,1.943241410639278235e-04,9.126485670086905767e-05,1.351614605788615511e-04,3.037218638407485137e-04,5.529200427888820686e-04,8.688431623402279600e-04,1.347894552036231486e-03,1.293847764256839984e-03,1.430892585485259248e-03,1.503040197562745001e-03,1.528592533941635538e-03,1.535201353995644140e-03,1.552912254054827131e-03,1.607013476972615719e-03,1.712019662699673737e-03,1.868188479835123251e-03,2.061415598726482057e-03,2.266271416172836901e-03,2.450854313122822949e-03,2.581705031639327987e-03,2.627539581965519962e-03,2.561599706410106533e-03,2.363318094123618724e-03,2.020086393458461489e-03,1.529250589878861045e-03,8.995784094689046910e-04,1.510846715755573776e-04,0.000000000000000000e+00,0.000000000000000000e+00,0.000000000000000000e+00,0.000000000000000000e+00,0.000000000000000000e+00,0.000000000000000000e+00,0.000000000000000000e+00,0.000000000000000000e+00,0.000000000000000000e+00,0.000000000000000000e+00,0.000000000000000000e+00,0.000000000000000000e+00,0.000000000000000000e+00,0.000000000000000000e+00,0.000000000000000000e+00,0.000000000000000000e+00,0.000000000000000000e+00,0.000000000000000000e+00,0.000000000000000000e+00,0.000000000000000000e+00,0.000000000000000000e+00,4.067215378010414096e-04,1.089040809534680496e-03,1.560136390760393605e-03,1.790786106802810676e-03,1.799786254286814529e-03,2.256744221574541465e-03,2.892891496307416471e-03,3.362319798971226317e-03,3.702646014623295172e-03,3.955430240268518853e-03,4.156226137737554713e-03,4.328379076526524087e-03,4.481780434200783279e-03,4.615934635491417658e-03,4.725157526938130945e-03,4.803176881721939531e-03,4.845136645626431544e-03,4.846699079844202750e-03,4.801714730935702051e-03,4.700914126232009702e-03,4.533664784932531916e-03,4.293180629208260754e-03,3.983423364891007859e-03,3.624469948071378303e-03,3.253137985217287656e-03,0.000000000000000000e+00,0.000000000000000000e+00,0.000000000000000000e+00,0.000000000000000000e+00,0.000000000000000000e+00,0.000000000000000000e+00,0.000000000000000000e+00,0.000000000000000000e+00,0.000000000000000000e+00,2.433536218959051877e-04,1.095078553056773535e-03,1.907624718981181574e-03,2.668703694235051525e-03,3.393005495582945494e-03,4.117541064875621104e-03,4.889927888902441747e-03,5.752791647607229282e-03,6.728277758531692708e-03,0.000000000000000000e+00,0.000000000000000000e+00,0.000000000000000000e+00,0.000000000000000000e+00,0.000000000000000000e+00,0.000000000000000000e+00,0.000000000000000000e+00,0.000000000000000000e+00,0.000000000000000000e+00,0.000000000000000000e+00,0.000000000000000000e+00,0.000000000000000000e+00,0.000000000000000000e+00,0.000000000000000000e+00,0.000000000000000000e+00,0.000000000000000000e+00,0.000000000000000000e+00,0.000000000000000000e+00,0.000000000000000000e+00,3.698394762014141921e-04,1.138202903180472302e-03,1.798712602330564386e-03,2.301677305127544128e-03,2.595017144189291393e-03,2.767963782722619379e-03,2.474554638070228935e-03,1.983829132880065346e-03,1.329882184514480196e-03,1.311331116283307851e-04,9.761066234698577947e-04,0.000000000000000000e+00,0.000000000000000000e+00,0.000000000000000000e+00,0.000000000000000000e+00,0.000000000000000000e+00,0.000000000000000000e+00,1.693062017184748856e-04,5.887684983108157181e-04,9.694497846097041875e-04,1.286816704149521548e-03,1.535072595176890367e-03,1.723265191107895651e-03,1.867570649916847590e-03,1.983360581289849139e-03,2.080390930658875589e-03,2.162950480785983363e-03,2.234477805641785393e-03,2.303980049689908181e-03,2.390482278678422549e-03,2.522410415730490067e-03,2.731056837672531101e-03,3.040108118866648862e-03,3.455247529475960738e-03,3.958003752351177754e-03,4.506253448416867868e-03,5.041027072845588076e-03,0.000000000000000000e+00,0.000000000000000000e+00,0.000000000000000000e+00,0.000000000000000000e+00,0.000000000000000000e+00,0.000000000000000000e+00,0.000000000000000000e+00,0.000000000000000000e+00,2.355291415971158423e-04,1.367089434130270295e-03,2.454424111127423425e-03,5.964079255008094237e-03,0.000000000000000000e+00,0.000000000000000000e+00,0.000000000000000000e+00,0.000000000000000000e+00,0.000000000000000000e+00,0.000000000000000000e+00,0.000000000000000000e+00,0.000000000000000000e+00,0.000000000000000000e+00,0.000000000000000000e+00,0.000000000000000000e+00,0.000000000000000000e+00,0.000000000000000000e+00,0.000000000000000000e+00,7.984297955123392115e-05,8.084958748291137766e-04,1.508951486427298309e-03,2.159867427987804261e-03,2.742869216474981813e-03,3.246246630131407063e-03,3.665294159937118167e-03,3.998553557972755849e-03,4.241753036350393198e-03,4.383107714962980982e-03,4.403674483935394145e-03,4.284307275891226750e-03,4.017397261362285789e-03,3.618610577641908233e-03,3.132872577826423081e-03,2.630575149882749021e-03,0.000000000000000000e+00,0.000000000000000000e+00,0.000000000000000000e+00,0.000000000000000000e+00,0.000000000000000000e+00,0.000000000000000000e+00,0.000000000000000000e+00,0.000000000000000000e+00,0.000000000000000000e+00,0.000000000000000000e+00,0.000000000000000000e+00,0.000000000000000000e+00,0.000000000000000000e+00,0.000000000000000000e+00,0.000000000000000000e+00,0.000000000000000000e+00,0.000000000000000000e+00,0.000000000000000000e+00,0.000000000000000000e+00,0.000000000000000000e+00,0.000000000000000000e+00,0.000000000000000000e+00,0.000000000000000000e+00,0.000000000000000000e+00,0.000000000000000000e+00,4.613590621390137683e-04,2.284912666292033320e-03,7.299069502446646398e-04,7.208296308626057323e-04,6.997257657732756280e-04,6.666678326786878474e-04,6.219609932745900341e-04,5.661382595719771866e-04,4.999533792827581162e-04,4.243735962614973408e-04,3.405700018595035996e-04,2.499041484418552820e-04,1.539166719948664448e-04,5.430886882629813316e-05,0.000000000000000000e+00,0.000000000000000000e+00,0.000000000000000000e+00,0.000000000000000000e+00,0.000000000000000000e+00,0.000000000000000000e+00,0.000000000000000000e+00,0.000000000000000000e+00,0.000000000000000000e+00,0.000000000000000000e+00,0.000000000000000000e+00,0.000000000000000000e+00,0.000000000000000000e+00,0.000000000000000000e+00,0.000000000000000000e+00,0.000000000000000000e+00,0.000000000000000000e+00,0.000000000000000000e+00,0.000000000000000000e+00,1.602446743429896032e-04,4.350447701945946697e-04,8.284421403411902553e-04,1.187155286802316989e-03,1.574405897288129073e-03,4.520926143101011273e-04,6.455005735259503876e-04,9.370411665196200354e-04,1.320491491633908740e-03,1.776210961152034553e-03,2.276932481182919639e-03,2.793040271506015259e-03,3.296627083611287055e-03,3.764451312583675345e-03,0.000000000000000000e+00,0.000000000000000000e+00,0.000000000000000000e+00,0.000000000000000000e+00,0.000000000000000000e+00,0.000000000000000000e+00,0.000000000000000000e+00,0.000000000000000000e+00,0.000000000000000000e+00,0.000000000000000000e+00,0.000000000000000000e+00,0.000000000000000000e+00,0.000000000000000000e+00,0.000000000000000000e+00,0.000000000000000000e+00,6.348358283819407772e-04,1.402471547224978842e-03,1.838628811330881522e-03,1.893606424640362305e-03,1.569183073871313616e-03,9.137207767176268747e-04,8.780509403034806654e-06,0.000000000000000000e+00,0.000000000000000000e+00,0.000000000000000000e+00,0.000000000000000000e+00,0.000000000000000000e+00,0.000000000000000000e+00,0.000000000000000000e+00,0.000000000000000000e+00,0.000000000000000000e+00,0.000000000000000000e+00,0.000000000000000000e+00,0.000000000000000000e+00,0.000000000000000000e+00,0.000000000000000000e+00,0.000000000000000000e+00,0.000000000000000000e+00,0.000000000000000000e+00,0.000000000000000000e+00,0.000000000000000000e+00,0.000000000000000000e+00,0.000000000000000000e+00,0.000000000000000000e+00,0.000000000000000000e+00,0.000000000000000000e+00,6.009851045381288653e-04,1.094942351440111395e-03,0.000000000000000000e+00,0.000000000000000000e+00,0.000000000000000000e+00,0.000000000000000000e+00,0.000000000000000000e+00
0.000000000000000000e+00,0.000000000000000000e+00,0.000000000000000000e+00,0.000000000000000000e+00,0.000000000000000000e+00,0.000000000000000000e+00,0.000000000000000000e+00,4.762037002983571395e-04,0.000000000000000000e+00,1.556949170442590831e-04,5.420175211053575390e-04,9.656262823512620818e-04,1.429923770279801793e-03,1.940723006464650097e-03,2.496891216071398835e-03,3.081336980152049859e-03,3.657006007988743753e-03,4.171272126468467817e-03,4.568760296727158304e-03,4.456025812744314300e-03,4.415036174910939686e-03,4.229087289221175952e-03,3.947309512325578203e-03,3.627163478317978196e-03,3.312982252221065554e-03,3.019295051182536039e-03,2.725430412516392179e-03,2.383459148488238297e-03,1.936574088919170138e-03,1.341370490364628392e-03,5.864029968078489103e-04,0.000000000000000000e+00,0.000000000000000000e+00,0.000000000000000000e+00,0.000000000000000000e+00,0.000000000000000000e+00,0.000000000000000000e+00,0.000000000000000000e+00,0.000000000000000000e+00,4.013123520298689066e-03,1.359560221563128847e-03,0.000000000000000000e+00,0.000000000000000000e+00,0.000000000000000000e+00,2.144264126273509336e-03,0.000000000000000000e+00,0.000000000000000000e+00,1.803282036750293365e-03,5.260925095580287238e-04,1.038160362273300328e-03,1.621763940560019216e-03,3.194370657515329705e-03,4.692984335593825169e-03,5.940720362761612444e-03,6.800327524663778676e-03,7.197320747644877538e-03,7.129713530957912382e-03,6.661221323010923720e-03,5.899639373869071043e-03,4.966815672550880731e-03,3.969348052334530086e-03,2.978752277420533036e-03,2.026428707471987934e-03,1.113585230183612891e-03,2.312304353222353925e-04,0.000000000000000000e+00,0.000000000000000000e+00,0.000000000000000000e+00,0.000000000000000000e+00,0.000000000000000000e+00,6.288236879326479468e-04,1.392266617236352817e-03,2.846283536077318620e-03,0.000000000000000000e+00,0.000000000000000000e+00,0.000000000000000000e+00,4.449929080433522727e-04,1.203060024692853384e-03,1.755065698558921743e-03,2.085436012350562387e-03,2.212941633659326786e-03,2.169730506286947618e-03,1.981388298749041290e-03,1.656541736304655574e-03,1.189688190329752553e-03,5.745069045864704179e-04,0.000000000000000000e+00,0.000000000000000000e+00,0.000000000000000000e+00,2.527414372343045465e-04,5.313385474508904071e-04,7.951348480067716492e-04,1.042773160968872440e-03,1.273121934135987635e-03,1.485256704420856401e-03,1.678443658758062371e-03,1.852114542862119814e-03,2.005840486048491439e-03,2.139307921972359583e-03,2.252291752680934522e-03,2.344634762306288794e-03,2.416229264277837668e-03,2.467006155262480276e-03,2.496930111823913046e-03,2.506002030915262333e-03,2.494269229276545579e-03,9.506826446128232785e-03,3.549284350407918599e-03,0.000000000000000000e+00,0.000000000000000000e+00,0.000000000000000000e+00,0.000000000000000000e+00,0.000000000000000000e+00,0.000000000000000000e+00,0.000000000000000000e+00,0.000000000000000000e+00,0.000000000000000000e+00,1.495103048798138720e-03,2.647618398206609634e-03,3.344136941823048961e-03,3.606114981497160563e-03,3.505722678148827202e-03,3.139669948437177633e-03,2.603029008851793624e-03,1.969741576478719908e-03,1.283096446975775032e-03,8.478110277592305335e-04,9.860405405263021963e-04,1.105834622974655136e-03,1.206440570797963829e-03,1.287561221369361644e-03,1.349354587930942304e-03,1.392423207587064346e-03,1.417785364273780376e-03,1.426836442583135625e-03,1.421300786046706798e-03,1.403174571517922051e-03,1.374664703769988301e-03,1.530389701977835507e-03,1.760135799782056899e-03,1.864661435368828541e-03,1.849091530366898809e-03,1.738394766893016198e-03,1.579246095182795535e-03,1.432780092665217331e-03,1.359410825810845186e-03,1.401206489551316478e-03,1.568952083790964812e-03,1.839224138909742630e-03,2.162582507809090483e-03,2.479516360740216530e-03,2.738136658322178844e-03,2.907593106215064505e-03,2.983418487915603587e-03,2.984136281939830070e-03,2.941297788428499840e-03,2.886794328456900819e-03,2.841647846017146192e-03,2.809698503151520244e-03,2.777962293843348664e-03,2.723357504281479456e-03,0.000000000000000000e+00,0.000000000000000000e+00,1.240909696231416379e-04,4.847168712746516002e-04,9.780770761073167858e-04,1.797074694104082221e-03,2.566461531267123092e-03,3.239319086297820071e-03,3.779126537355499346e-03,4.153370880105829339e-03,4.331581290896494539e-03,4.291197076772349829e-03,4.029485168378497961e-03,0.000000000000000000e+00,0.000000000000000000e+00,2.101267466985731584e-04,1.082899861184046832e-03,1.859446385461343892e-03,0.000000000000000000e+00,0.000000000000000000e+00,0.000000000000000000e+00,0.000000000000000000e+00,0.000000000000000000e+00,0.000000000000000000e+00,0.000000000000000000e+00,0.000000000000000000e+00,0.000000000000000000e+00,5.890062466585854750e-04,1.338946130218048296e-03,1.784074210280379557e-03,1.887215232291803444e-03,1.670517598579297726e-03,1.204074269590529010e-03,5.839368541788204090e-04,3.484345545578717424e-04,5.233937951335815167e-04,6.825319701466351198e-04,8.243152163482416741e-04,9.474173093578889008e-04,1.050731585219371288e-03,1.133381894274805828e-03,1.194732570803199194e-03,1.234392780675735383e-03,1.252217212247009595e-03,1.248305626309843298e-03,1.222997408715123567e-03,1.176859616848063665e-03,1.110676794305276828e-03,1.025433659707942861e-03,9.222956813711490152e-04,1.025153349317876710e-03,1.308593702695955282e-03,1.528028455260493218e-03,1.658109033953544028e-03,1.669109810933479873e-03,1.533804307422702469e-03,1.235363193983665675e-03,7.744416545618727559e-04,1.737287580369720338e-04,0.000000000000000000e+00,0.000000000000000000e+00,0.000000000000000000e+00,0.000000000000000000e+00,0.000000000000000000e+00,0.000000000000000000e+00,0.000000000000000000e+00,0.000000000000000000e+00,0.000000000000000000e+00,0.000000000000000000e+00,0.000000000000000000e+00,0.000000000000000000e+00,0.000000000000000000e+00,0.000000000000000000e+00,0.000000000000000000e+00,0.000000000000000000e+00,5.447509218349559038e-04,1.094149295130710008e-03,1.459140329407175628e-03,1.706246580101593519e-03,1.922000442229824038e-03,2.185781460316027838e-03,2.545458013378216078e-03,3.003627685759286195e-03,3.518252555511823098e-03,4.725214006869950939e-03,0.000000000000000000e+00,0.000000000000000000e+00,0.000000000000000000e+00,0.000000000000000000e+00,0.000000000000000000e+00,0.000000000000000000e+00,0.000000000000000000e+00,0.000000000000000000e+00,2.904508375324264813e-04,3.380448539621014629e-04,0.000000000000000000e+00,0.000000000000000000e+00,0.000000000000000000e+00,0.000000000000000000e+00,0.000000000000000000e+00,0.000000000000000000e+00,0.000000000000000000e+00,0.000000000000000000e+00,0.000000000000000000e+00,0.000000000000000000e+00,0.000000000000000000e+00,0.000000000000000000e+00,1.473802747650489176e-04,2.037388727505426780e-03,3.638183739126844059e-03,0.000000000000000000e+00,0.000000000000000000e+00,0.000000000000000000e+00,0.000000000000000000e+00,0.000000000000000000e+00,0.000000000000000000e+00,0.000000000000000000e+00,0.000000000000000000e+00,0.000000000000000000e+00,0.000000000000000000e+00,0.000000000000000000e+00,0.000000000000000000e+00,0.000000000000000000e+00,1.183933217179964032e-04,1.502362183838665570e-03,4.055412688018623403e-03,0.000000000000000000e+00,0.000000000000000000e+00,2.445040953042081446e-04,5.041364949764220180e-04,7.748829349253155089e-04,1.054378509986633782e-03,1.340225300323614078e-03,0.000000000000000000e+00,0.000000000000000000e+00,0.000000000000000000e+00,0.000000000000000000e+00,0.000000000000000000e+00,0.000000000000000000e+00,0.000000000000000000e+00,0.000000000000000000e+00,0.000000000000000000e+00,0.000000000000000000e+00,0.000000000000000000e+00,0.000000000000000000e+00,0.000000000000000000e+00,0.000000000000000000e+00,0.000000000000000000e+00,0.000000000000000000e+00,0.000000000000000000e+00,0.000000000000000000e+00,0.000000000000000000e+00,0.000000000000000000e+00,0.000000000000000000e+00,0.000000000000000000e+00,0.000000000000000000e+00,0.000000000000000000e+00,0.000000000000000000e+00,0.000000000000000000e+00,0.000000000000000000e+00,0.000000000000000000e+00,0.000000000000000000e+00,0.000000000000000000e+00,0.000000000000000000e+00,0.000000000000000000e+00,0.000000000000000000e+00,0.000000000000000000e+00,0.000000000000000000e+00,0.000000000000000000e+00,4.400157566362820384e-03,2.678899229007052248e-03,6.177707001474693144e-05,0.000000000000000000e+00,0.000000000000000000e+00,0.000000000000000000e+00,0.000000000000000000e+00,0.000000000000000000e+00,0.000000000000000000e+00,0.000000000000000000e+00,0.000000000000000000e+00,0.000000000000000000e+00,0.000000000000000000e+00,0.000000000000000000e+00,0.000000000000000000e+00,0.000000000000000000e+00,0.000000000000000000e+00,0.000000000000000000e+00,0.000000000000000000e+00,6.994049443351124814e-05,3.014789203183405679e-04,1.412613756450194213e-03,2.320931836752062206e-03,2.976851689857569049e-03,3.358997095141982251e-03,3.468906398561554753e-03,3.324611645253308136e-03,3.543679502836719845e-03,4.230477038472509749e-03,4.847729302920228238e-03,5.393637191560930050e-03,5.842961202059257161e-03,6.150155333958036603e-03,6.264654654712877371e-03,6.152829811783065532e-03,5.817607510419318603e-03,5.307314117223852629e-03,4.709551554591423321e-03,4.131880794838767822e-03,3.675960998124339508e-03,3.413645937503924192e-03,3.371942550222511818e-03,3.529912039412057018e-03,3.826481388013783062e-03,4.175390617735552125e-03,4.482796891739028802e-03,4.663959237776808299e-03,4.656886239139483227e-03,4.431945379807925196e-03,3.996792522058310523e-03,3.395884473959019656e-03,2.703915961751119160e-03,2.013362053622621845e-03,1.417896266531103264e-03,9.952719850995625159e-04,7.941995544641761683e-04,8.289994875522054994e-04,1.083255957234305258e-03,1.520271548784508844e-03,2.095406091888821817e-03,2.764872713791467589e-03,3.487579582876342878e-03,4.220322000589512255e-03,4.910185641568207485e-03,5.489743230576237844e-03,5.879700706578610582e-03,6.000552947288614013e-03,5.790904666680044867e-03,7.108686261849936176e-03,0.000000000000000000e+00
1.582377558476544595e-07,0.000000000000000000e+00,4.884917714326721051e-05,5.931016517799864943e-04,1.359243620598739712e-03,2.242343982042883585e-03,2.399991571772920867e-03,2.732963742081643676e-03,2.937150506050205563e-03,3.007388060400418769e-03,2.944173740187450844e-03,2.749339488629965866e-03,2.425036495245277719e-03,1.975657834866745202e-03,1.411499776376014996e-03,7.525651539371569282e-04,3.084888987805659141e-05,0.000000000000000000e+00,0.000000000000000000e+00,0.000000000000000000e+00,0.000000000000000000e+00,0.000000000000000000e+00,0.000000000000000000e+00,0.000000000000000000e+00,0.000000000000000000e+00,0.000000000000000000e+00,0.000000000000000000e+00,0.000000000000000000e+00,0.000000000000000000e+00,0.000000000000000000e+00,0.000000000000000000e+00,0.000000000000000000e+00,0.000000000000000000e+00,0.000000000000000000e+00,0.000000000000000000e+00,0.000000000000000000e+00,0.000000000000000000e+00,0.000000000000000000e+00,0.000000000000000000e+00,0.000000000000000000e+00,0.000000000000000000e+00,0.000000000000000000e+00,0.000000000000000000e+00,0.000000000000000000e+00,0.000000000000000000e+00,0.000000000000000000e+00,0.000000000000000000e+00,0.000000000000000000e+00,0.000000000000000000e+00,0.000000000000000000e+00,0.000000000000000000e+00,0.000000000000000000e+00,0.000000000000000000e+00,0.000000000000000000e+00,0.000000000000000000e+00,0.000000000000000000e+00,0.000000000000000000e+00,2.208525534148514402e-04,3.044821004460278140e-04,1.645728568069659348e-04,0.000000000000000000e+00,0.000000000000000000e+00,0.000000000000000000e+00,0.000000000000000000e+00,0.000000000000000000e+00,0.000000000000000000e+00,0.000000000000000000e+00,8.072953900380229041e-04,3.167156016124965476e-03,0.000000000000000000e+00,0.000000000000000000e+00,0.000000000000000000e+00,0.000000000000000000e+00,0.000000000000000000e+00,0.000000000000000000e+00,0.000000000000000000e+00,0.000000000000000000e+00,0.000000000000000000e+00,0.000000000000000000e+00,0.000000000000000000e+00,0.000000000000000000e+00,0.000000000000000000e+00,2.555729969469877172e-04,7.644413239804824511e-04,1.170224376213113921e-03,1.516848345374124810e-03,1.850069638416370526e-03,2.194672763006458305e-03,2.540595099367460967e-03,2.843483489736170402e-03,3.039493125992659764e-03,3.068783710963535714e-03,2.899065293842200720e-03,2.540693293902617639e-03,2.047969308576643582e-03,1.506226979548455636e-03,1.009231022930393669e-03,6.345922907144650998e-04,4.252351317725197523e-04,3.823991654880365323e-04,4.713228565324912396e-04,6.363658997358798315e-04,8.195268787664180318e-04,9.759402384767975648e-04,1.081792122589492634e-03,1.133269568829394728e-03,1.138371801638162319e-03,1.105715047620649781e-03,1.035195842247310346e-03,9.145089869030687815e-04,7.233101434718926899e-04,4.439677412706139283e-04,7.525090874917981501e-05,0.000000000000000000e+00,0.000000000000000000e+00,0.000000000000000000e+00,0.000000000000000000e+00,0.000000000000000000e+00,0.000000000000000000e+00,2.793413752903525131e-04,4.263639923382580091e-03,1.017987800703147160e-03,0.000000000000000000e+00,0.000000000000000000e+00,0.000000000000000000e+00,0.000000000000000000e+00,0.000000000000000000e+00,0.000000000000000000e+00,0.000000000000000000e+00,0.000000000000000000e+00,0.000000000000000000e+00,0.000000000000000000e+00,0.000000000000000000e+00,0.000000000000000000e+00,0.000000000000000000e+00,0.000000000000000000e+00,0.000000000000000000e+00,0.000000000000000000e+00,2.220968872850188642e-04,6.474497728899728617e-04,1.009816836373341863e-03,1.274674014162110666e-03,1.415806735999260591e-03,1.426033848836813934e-03,1.324485437333047626e-03,1.156358474280012308e-03,9.839906356102765591e-04,8.717375377386036781e-04,8.697618224678699966e-04,1.002185289176707374e-03,1.262967820965057910e-03,1.619408652415291194e-03,2.020204108609506641e-03,2.404027225383093685e-03,2.706087749562029882e-03,2.862947222477450759e-03,2.818039121000377300e-03,2.530299363160336615e-03,1.985817044683045422e-03,1.209011352186662716e-03,2.676853755039509410e-04,0.000000000000000000e+00,0.000000000000000000e+00,0.000000000000000000e+00,0.000000000000000000e+00,0.000000000000000000e+00,3.067461076430261051e-03,6.276525842963405488e-03,0.000000000000000000e+00,0.000000000000000000e+00,0.000000000000000000e+00,0.000000000000000000e+00,0.000000000000000000e+00,0.000000000000000000e+00,0.000000000000000000e+00,0.000000000000000000e+00,0.000000000000000000e+00,0.000000000000000000e+00,0.000000000000000000e+00,0.000000000000000000e+00,0.000000000000000000e+00,0.000000000000000000e+00,0.000000000000000000e+00,0.000000000000000000e+00,1.916108070949871329e-04,1.032475393453553304e-03,1.881366465748597876e-03,2.708628685458120203e-03,3.461742431141842571e-03,4.068910976749284987e-03,4.449599064808722020e-03,4.530099011007742565e-03,4.260690390420723665e-03,3.630165480135634243e-03,2.997853811743620648e-03,3.131101440039963518e-03,2.959226861769583342e-03,2.524591396705069477e-03,1.894925973029121897e-03,1.148997640160114714e-03,3.608930579737008610e-04,0.000000000000000000e+00,0.000000000000000000e+00,0.000000000000000000e+00,0.000000000000000000e+00,0.000000000000000000e+00,0.000000000000000000e+00,0.000000000000000000e+00,8.059077735993405321e-04,4.522923419900160523e-03,0.000000000000000000e+00,0.000000000000000000e+00,0.000000000000000000e+00,0.000000000000000000e+00,0.000000000000000000e+00,0.000000000000000000e+00,0.000000000000000000e+00,0.000000000000000000e+00,0.000000000000000000e+00,0.000000000000000000e+00,0.000000000000000000e+00,0.000000000000000000e+00,0.000000000000000000e+00,0.000000000000000000e+00,0.000000000000000000e+00,0.000000000000000000e+00,0.000000000000000000e+00,1.078209182388234998e-04,2.745198024026567754e-04,2.850116934335183961e-04,1.286932642436139243e-04,0.000000000000000000e+00,0.000000000000000000e+00,0.000000000000000000e+00,0.000000000000000000e+00,0.000000000000000000e+00,0.000000000000000000e+00,0.000000000000000000e+00,0.000000000000000000e+00,0.000000000000000000e+00,0.000000000000000000e+00,0.000000000000000000e+00,0.000000000000000000e+00,2.567129660576531760e-05,1.164244075887586378e-04,5.684174431771241110e-04,1.327920936634713811e-03,1.981864539984369133e-03,2.557376698027339149e-03,3.086161954319767767e-03,0.000000000000000000e+00,0.000000000000000000e+00,0.000000000000000000e+00,0.000000000000000000e+00,0.000000000000000000e+00,0.000000000000000000e+00,0.000000000000000000e+00,0.000000000000000000e+00,0.000000000000000000e+00,0.000000000000000000e+00,2.459106988928366246e-04,1.264025323901236562e-03,0.000000000000000000e+00,0.000000000000000000e+00,0.000000000000000000e+00,0.000000000000000000e+00,0.000000000000000000e+00,0.000000000000000000e+00,0.000000000000000000e+00,0.000000000000000000e+00,0.000000000000000000e+00,1.625674429459934595e-04,4.339281013790725460e-04,9.227448648230313034e-04,2.137830794686105401e-03,3.036402997266255364e-03,3.583913956056718805e-03,3.797125149496655659e-03,3.733741382350460377e-03,3.473564327829018871e-03,3.096827012674515864e-03,2.666226705931943816e-03,2.217614031509423673e-03,1.760885667378334898e-03,1.288867284918404372e-03,7.894622081861359716e-04,2.560324853454798476e-04,0.000000000000000000e+00,0.000000000000000000e+00,0.000000000000000000e+00,0.000000000000000000e+00,0.000000000000000000e+00,0.000000000000000000e+00,0.000000000000000000e+00,0.000000000000000000e+00,0.000000000000000000e+00,0.000000000000000000e+00,0.000000000000000000e+00,0.000000000000000000e+00,0.000000000000000000e+00,0.000000000000000000e+00,0.000000000000000000e+00,8.632832376237708745e-04,1.745082047815686320e-03,2.476853335967639340e-03,2.962357381643244882e-03,3.122470009261056785e-03,2.916633205430730225e-03,2.360102086246934714e-03,1.530622345056973158e-03,8.745159452041620894e-04,9.502478239601614774e-04,1.012732187326044996e-03,1.062512149839801422e-03,1.100338858291122169e-03,1.289085676934933165e-03,1.605395606845603194e-03,1.830430040944788436e-03,1.941902724589598733e-03,2.205628953762199702e-03,3.133504685920556962e-03,3.949534269623109634e-03,4.631011939172407360e-03,5.165006061818423408e-03,5.538927546418504974e-03,5.738102163207095541e-03,5.750674832372076536e-03,5.576272433600954793e-03,5.232862304791834583e-03,4.757116092934111397e-03,4.196832102231587945e-03,3.777620878789175306e-03,3.891804811380403847e-03,3.707134278570047622e-03,3.246510799797262467e-03,2.571911058495477201e-03,1.766948247555120456e-03,1.316753598159500814e-03,1.376449876633759799e-03,1.440245875231639921e-03,1.507139014044356611e-03,1.575968492806476473e-03,1.645421901870384790e-03,1.714044858865759616e-03,1.780257136720693727e-03,1.842367946978922064e-03,1.898604320092177940e-03,1.947135310723904300e-03,1.986106708272757787e-03,2.013676376308787350e-03,2.028053078263685177e-03,2.027539043667929159e-03,2.010568401427149671e-03,1.975751005792291109e-03,1.921907701089894949e-03,1.848108963470608199e-03,1.753700339058730925e-03,1.638330339477133595e-03,1.501964354597138274e-03,1.344895349532475911e-03,1.167745515991226290e-03,9.714590693898094743e-04,7.977736054146493958e-04,9.967027125366006036e-04,9.539127350489610534e-04,6.437451522195325893e-04,8.110941480283392576e-05,0.000000000000000000e+00,0.000000000000000000e+00,0.000000000000000000e+00,0.000000000000000000e+00,0.000000000000000000e+00,0.000000000000000000e+00,0.000000000000000000e+00,0.000000000000000000e+00,0.000000000000000000e+00,0.000000000000000000e+00,0.000000000000000000e+00,0.000000000000000000e+00,0.000000000000000000e+00,0.000000000000000000e+00,0.000000000000000000e+00,0.000000000000000000e+00,0.000000000000000000e+00,0.000000000000000000e+00,0.000000000000000000e+00,0.000000000000000000e+00,0.000000000000000000e+00,0.000000000000000000e+00,0.000000000000000000e+00,0.000000000000000000e+00,0.000000000000000000e+00,0.000000000000000000e+00,0.000000000000000000e+00,0.000000000000000000e+00,0.000000000000000000e+00,0.000000000000000000e+00,0.000000000000000000e+00,0.000000000000000000e+00,0.000000000000000000e+00
0.000000000000000000e+00,0.000000000000000000e+00,0.000000000000000000e+00,0.000000000000000000e+00,0.000000000000000000e+00,0.000000000000000000e+00,0.000000000000000000e+00,0.000000000000000000e+00,1.800226011530136315e-04,1.170933248875298711e-03,2.360695311858755727e-03,3.671652846842036674e-03,0.000000000000000000e+00,0.000000000000000000e+00,0.000000000000000000e+00,0.000000000000000000e+00,0.000000000000000000e+00,0.000000000000000000e+00,0.000000000000000000e+00,0.000000000000000000e+00,0.000000000000000000e+00,0.000000000000000000e+00,1.873129199356001178e-03,3.689633642519359220e-03,5.659254562959836581e-03,5.704331299721014485e-03,6.226513977949661716e-03,0.000000000000000000e+00,0.000000000000000000e+00,0.000000000000000000e+00,0.000000000000000000e+00,0.000000000000000000e+00,0.000000000000000000e+00,0.000000000000000000e+00,0.000000000000000000e+00,0.000000000000000000e+00,0.000000000000000000e+00,0.000000000000000000e+00,0.000000000000000000e+00,2.926493291605933040e-03,2.065456682226534345e-04,1.164012452025070879e-03,0.000000000000000000e+00,1.029762198462381902e-05,8.422470870386635639e-05,1.565081710035255485e-04,0.000000000000000000e+00,0.000000000000000000e+00,5.896856371268809772e-06,2.253672268161361573e-04,1.857451096542723449e-03,0.000000000000000000e+00,0.000000000000000000e+00,0.000000000000000000e+00,0.000000000000000000e+00,0.000000000000000000e+00,5.229788819443633173e-06,6.069101676798872294e-04,1.264919626278241272e-03,1.909795437604821242e-03,2.472400864442182798e-03,2.891061430553058809e-03,3.118245211905916817e-03,3.127223719731435196e-03,2.917952078886020678e-03,2.520073197455340117e-03,1.990616822330204105e-03,1.405157443967817998e-03,8.436120346386168306e-04,3.742431621658460334e-04,4.053856941980214638e-05,0.000000000000000000e+00,0.000000000000000000e+00,0.000000000000000000e+00,0.000000000000000000e+00,0.000000000000000000e+00,2.695804333426266315e-05,0.000000000000000000e+00,0.000000000000000000e+00,0.000000000000000000e+00,0.000000000000000000e+00,0.000000000000000000e+00,0.000000000000000000e+00,0.000000000000000000e+00,0.000000000000000000e+00,0.000000000000000000e+00,0.000000000000000000e+00,0.000000000000000000e+00,6.555146454063810345e-05,5.587456514056322659e-04,9.340143688975811485e-04,1.299411540065598244e-03,1.625909943390076379e-03,1.728077600869844070e-03,1.630444469622306745e-03,1.409405167471998802e-03,1.173866417223096538e-03,1.035534463172279891e-03,1.077561475778062881e-03,1.331237553198477350e-03,1.767858159897312161e-03,2.307767381859892296e-03,2.842853003559661466e-03,3.264730751794194582e-03,3.489863409263645275e-03,3.474974774747880465e-03,3.220083306884101351e-03,2.760632063985322526e-03,2.153116599745171118e-03,1.459663262822455355e-03,1.142972853072942493e-03,1.226922708706470544e-03,1.299317964706991945e-03,1.358822164372386777e-03,1.404340946404484961e-03,1.435068381271115655e-03,1.450519647628966888e-03,1.450559343077003358e-03,1.435413630909272058e-03,1.405669818342940953e-03,1.362263472261806109e-03,1.306453432406708701e-03,1.239782018504433049e-03,1.457235287753000331e-03,1.979559859827015236e-03,0.000000000000000000e+00,0.000000000000000000e+00,4.519640246362442281e-04,1.692200526047430266e-03,2.868252953394392468e-03,3.914823324890302596e-03,4.769110653508976984e-03,0.000000000000000000e+00,0.000000000000000000e+00,0.000000000000000000e+00,0.000000000000000000e+00,0.000000000000000000e+00,0.000000000000000000e+00,0.000000000000000000e+00,0.000000000000000000e+00,0.000000000000000000e+00,0.000000000000000000e+00,0.000000000000000000e+00,0.000000000000000000e+00,0.000000000000000000e+00,0.000000000000000000e+00,0.000000000000000000e+00,0.000000000000000000e+00,0.000000000000000000e+00,0.000000000000000000e+00,0.000000000000000000e+00,0.000000000000000000e+00,0.000000000000000000e+00,0.000000000000000000e+00,0.000000000000000000e+00,2.329877928140345667e-04,2.553160755728101257e-03,0.000000000000000000e+00,0.000000000000000000e+00,0.000000000000000000e+00,0.000000000000000000e+00,0.000000000000000000e+00,0.000000000000000000e+00,0.000000000000000000e+00,0.000000000000000000e+00,0.000000000000000000e+00,0.000000000000000000e+00,0.000000000000000000e+00,0.000000000000000000e+00,0.000000000000000000e+00,0.000000000000000000e+00,0.000000000000000000e+00,0.000000000000000000e+00,0.000000000000000000e+00,0.000000000000000000e+00,0.000000000000000000e+00,0.000000000000000000e+00,0.000000000000000000e+00,0.000000000000000000e+00,5.513221342767977637e-03,0.000000000000000000e+00,0.000000000000000000e+00,0.000000000000000000e+00,0.000000000000000000e+00,0.000000000000000000e+00,0.000000000000000000e+00,0.000000000000000000e+00,3.250070040868656526e-04,0.000000000000000000e+00,9.766632338176972291e-05,1.154206162632143579e-04,4.849178941984986862e-04,5.483993471546586874e-03,0.000000000000000000e+00,0.000000000000000000e+00,0.000000000000000000e+00,0.000000000000000000e+00,0.000000000000000000e+00,0.000000000000000000e+00,0.000000000000000000e+00,0.000000000000000000e+00,0.000000000000000000e+00,0.000000000000000000e+00,0.000000000000000000e+00,0.000000000000000000e+00,0.000000000000000000e+00,0.000000000000000000e+00,0.000000000000000000e+00,0.000000000000000000e+00,4.628397903110599673e-04,1.126995010940842843e-03,1.656320950969769048e-03,2.031038791906504982e-03,2.249522684849457419e-03,2.335000158984341153e-03,2.336043598830935680e-03,2.318162164695606025e-03,2.347560614393637366e-03,2.471980152014460839e-03,2.705645137037931362e-03,3.024467734345106292e-03,3.374039983480521532e-03,3.687889872137607543e-03,3.909288086856275123e-03,4.008342829331916317e-03,3.988052070381150303e-03,3.877526364475840630e-03,3.715849456853837982e-03,3.533713259157795442e-03,3.340590193917710501e-03,3.122579901716924979e-03,2.851410608143807850e-03,2.500416581554322157e-03,0.000000000000000000e+00,0.000000000000000000e+00,0.000000000000000000e+00,0.000000000000000000e+00,2.541193929590358867e-03,0.000000000000000000e+00,0.000000000000000000e+00,0.000000000000000000e+00,0.000000000000000000e+00,0.000000000000000000e+00,0.000000000000000000e+00,0.000000000000000000e+00,0.000000000000000000e+00,0.000000000000000000e+00,0.000000000000000000e+00,0.000000000000000000e+00,0.000000000000000000e+00,0.000000000000000000e+00,0.000000000000000000e+00,0.000000000000000000e+00,0.000000000000000000e+00,4.041211472439255507e-05,1.652037473709309001e-04,0.000000000000000000e+00,0.000000000000000000e+00,0.000000000000000000e+00,0.000000000000000000e+00,0.000000000000000000e+00,0.000000000000000000e+00,0.000000000000000000e+00,0.000000000000000000e+00,0.000000000000000000e+00,0.000000000000000000e+00,0.000000000000000000e+00,3.962459681522580547e-04,1.247230504183614993e-03,0.000000000000000000e+00,0.000000000000000000e+00,0.000000000000000000e+00,0.000000000000000000e+00,0.000000000000000000e+00,0.000000000000000000e+00,0.000000000000000000e+00,0.000000000000000000e+00,0.000000000000000000e+00,0.000000000000000000e+00,0.000000000000000000e+00,0.000000000000000000e+00,0.000000000000000000e+00,0.000000000000000000e+00,0.000000000000000000e+00,0.000000000000000000e+00,0.000000000000000000e+00,0.000000000000000000e+00,0.000000000000000000e+00,0.000000000000000000e+00,0.000000000000000000e+00,0.000000000000000000e+00,0.000000000000000000e+00,0.000000000000000000e+00,4.333230600591774645e-05,0.000000000000000000e+00,8.494329399182304948e-04,0.000000000000000000e+00,3.923015944642652586e-04,0.000000000000000000e+00,0.000000000000000000e+00,2.402376269167934319e-04,1.063539527988253443e-03,0.000000000000000000e+00,0.000000000000000000e+00,0.000000000000000000e+00,0.000000000000000000e+00,0.000000000000000000e+00,0.000000000000000000e+00,0.000000000000000000e+00,0.000000000000000000e+00,0.000000000000000000e+00,0.000000000000000000e+00,4.195827348747946248e-05,1.196138566238052993e-03,2.356726786739871127e-03,3.364151616164208318e-03,4.055666190003123783e-03,4.298557147620896135e-03,4.019385307877528478e-03,3.221881916278442667e-03,1.989231681764151802e-03,4.706513502956935382e-04,5.885632324093338256e-05,0.000000000000000000e+00,0.000000000000000000e+00,0.000000000000000000e+00,0.000000000000000000e+00,0.000000000000000000e+00,0.000000000000000000e+00,0.000000000000000000e+00,0.000000000000000000e+00,0.000000000000000000e+00,0.000000000000000000e+00,8.155994572460692092e-04,1.493004499958207679e-03,1.876898432935250041e-03,1.941024489001982965e-03,1.681992443515218033e-03,1.119492586081352646e-03,2.973341296898754935e-04,0.000000000000000000e+00,0.000000000000000000e+00,0.000000000000000000e+00,0.000000000000000000e+00,0.000000000000000000e+00,0.000000000000000000e+00,0.000000000000000000e+00,0.000000000000000000e+00,0.000000000000000000e+00,0.000000000000000000e+00,0.000000000000000000e+00,0.000000000000000000e+00,0.000000000000000000e+00,0.000000000000000000e+00,0.000000000000000000e+00,5.829177316626247358e-05,2.424666955302071447e-05,5.987806401648550584e-06,1.918741513351077615e-05,2.868873581353300218e-03,0.000000000000000000e+00,0.000000000000000000e+00,0.000000000000000000e+00,0.000000000000000000e+00,0.000000000000000000e+00,0.000000000000000000e+00,0.000000000000000000e+00,0.000000000000000000e+00,0.000000000000000000e+00,0.000000000000000000e+00,1.195929202962496610e-05,3.168532461383844921e-04,0.000000000000000000e+00,0.000000000000000000e+00,0.000000000000000000e+00,0.000000000000000000e+00,0.000000000000000000e+00,0.000000000000000000e+00,0.000000000000000000e+00,0.000000000000000000e+00,0.000000000000000000e+00,0.000000000000000000e+00,0.000000000000000000e+00,4.217087997560690091e-04,7.431408181484181440e-04,0.000000000000000000e+00,0.000000000000000000e+00,2.585809278212405264e-04,7.396941266886039937e-04,1.308909992938704159e-03,0.000000000000000000e+00,0.000000000000000000e+00,0.000000000000000000e+00,0.000000000000000000e+00,0.000000000000000000e+00,0.000000000000000000e+00,0.000000000000000000e+00,0.000000000000000000e+00,5.881721325579910382e-04,1.081750234883453862e-03
5.171243108752939551e-08,7.001563820906297076e-04,0.000000000000000000e+00,0.000000000000000000e+00,0.000000000000000000e+00,0.000000000000000000e+00,0.000000000000000000e+00,0.000000000000000000e+00,0.000000000000000000e+00,0.000000000000000000e+00,0.000000000000000000e+00,0.000000000000000000e+00,0.000000000000000000e+00,0.000000000000000000e+00,0.000000000000000000e+00,0.000000000000000000e+00,0.000000000000000000e+00,0.000000000000000000e+00,0.000000000000000000e+00,0.000000000000000000e+00,0.000000000000000000e+00,0.000000000000000000e+00,1.874915237351962413e-04,6.721913983919993374e-04,8.867826733706898499e-04,8.110135485174988597e-04,4.658897473406252410e-04,0.000000000000000000e+00,0.000000000000000000e+00,0.000000000000000000e+00,0.000000000000000000e+00,0.000000000000000000e+00,0.000000000000000000e+00,0.000000000000000000e+00,0.000000000000000000e+00,0.000000000000000000e+00,0.000000000000000000e+00,0.000000000000000000e+00,0.000000000000000000e+00,0.000000000000000000e+00,0.000000000000000000e+00,0.000000000000000000e+00,0.000000000000000000e+00,0.000000000000000000e+00,0.000000000000000000e+00,0.000000000000000000e+00,0.000000000000000000e+00,0.000000000000000000e+00,0.000000000000000000e+00,0.000000000000000000e+00,0.000000000000000000e+00,0.000000000000000000e+00,0.000000000000000000e+00,0.000000000000000000e+00,0.000000000000000000e+00,0.000000000000000000e+00,9.366323497972802315e-07,3.810176608228170816e-04,6.375545858236391934e-04,7.240562989675920508e-04,6.192783922378838988e-04,3.355976521146905134e-04,0.000000000000000000e+00,0.000000000000000000e+00,0.000000000000000000e+00,0.000000000000000000e+00,0.000000000000000000e+00,0.000000000000000000e+00,0.000000000000000000e+00,0.000000000000000000e+00,0.000000000000000000e+00,0.000000000000000000e+00,0.000000000000000000e+00,0.000000000000000000e+00,0.000000000000000000e+00,0.000000000000000000e+00,0.000000000000000000e+00,0.000000000000000000e+00,0.000000000000000000e+00,0.000000000000000000e+00,0.000000000000000000e+00,0.000000000000000000e+00,0.000000000000000000e+00,0.000000000000000000e+00,0.000000000000000000e+00,0.000000000000000000e+00,0.000000000000000000e+00,0.000000000000000000e+00,4.076244652655081264e-04,8.370528763798994448e-04,1.086563169438245144e-03,1.177615089242266050e-03,1.139779399035941061e-03,1.003719928270741229e-03,7.975700424183295324e-04,5.468211504095549973e-04,2.758731103012175881e-04,8.789976892520368068e-06,0.000000000000000000e+00,0.000000000000000000e+00,0.000000000000000000e+00,0.000000000000000000e+00,0.000000000000000000e+00,0.000000000000000000e+00,0.000000000000000000e+00,0.000000000000000000e+00,0.000000000000000000e+00,1.226748790582761744e-04,3.867124981361181224e-04,6.451599344711628518e-04,2.541721618012077535e-03,2.894375466790670166e-03,0.000000000000000000e+00,0.000000000000000000e+00,0.000000000000000000e+00,0.000000000000000000e+00,0.000000000000000000e+00,0.000000000000000000e+00,0.000000000000000000e+00,0.000000000000000000e+00,3.826650404997757569e-04,7.168746744108619486e-04,9.314236507879816804e-04,1.029406817301921524e-03,1.020099698488684216e-03,9.145130784686085002e-04,7.236819619699018467e-04,4.590232998472192376e-04,1.330424380291363911e-04,0.000000000000000000e+00,0.000000000000000000e+00,0.000000000000000000e+00,0.000000000000000000e+00,0.000000000000000000e+00,0.000000000000000000e+00,0.000000000000000000e+00,0.000000000000000000e+00,0.000000000000000000e+00,0.000000000000000000e+00,0.000000000000000000e+00,0.000000000000000000e+00,0.000000000000000000e+00,0.000000000000000000e+00,0.000000000000000000e+00,1.379817443179018473e-04,4.298999448313095160e-04,7.266389059077096781e-04,1.026340665438659622e-03,1.327006020074003373e-03,1.626515977519227057e-03,1.922657391284824345e-03,2.213155219646264788e-03,2.495707765907210270e-03,2.768031578749883311e-03,3.027899296705671012e-03,3.273186209832759219e-03,3.501912827116267658e-03,1.356044947464328607e-03,1.689056145357123234e-03,2.100819018860203193e-03,2.533548382692455466e-03,2.915846760788115815e-03,3.177141745819228071e-03,3.261786724271417172e-03,5.577740822499734422e-03,0.000000000000000000e+00,0.000000000000000000e+00,0.000000000000000000e+00,0.000000000000000000e+00,0.000000000000000000e+00,0.000000000000000000e+00,2.990093213692432655e-04,4.914533081375939850e-04,5.642175306339523551e-04,5.568855741704894927e-04,5.131222244856253716e-04,1.768974904152028835e-03,3.015051136764029718e-03,4.066773084536592225e-03,4.837063141122693345e-03,5.272744407439677698e-03,5.360527247513193448e-03,5.122553653784073929e-03,4.604718122504453462e-03,3.863626883604630215e-03,2.957617723659100584e-03,1.944230270839663547e-03,1.556866374970197970e-03,1.442006997902637059e-03,1.222048569399481442e-03,9.015066178336128815e-04,4.931113004493403902e-04,1.777552238533023919e-05,0.000000000000000000e+00,0.000000000000000000e+00,0.000000000000000000e+00,0.000000000000000000e+00,1.504248717571379616e-04,1.326601285275361012e-03,2.543539114232273423e-03,5.006526595761262230e-03,0.000000000000000000e+00,0.000000000000000000e+00,0.000000000000000000e+00,0.000000000000000000e+00,0.000000000000000000e+00,0.000000000000000000e+00,0.000000000000000000e+00,0.000000000000000000e+00,0.000000000000000000e+00,9.398501650521249575e-04,2.702265815163304614e-03,4.880378716663365257e-03,0.000000000000000000e+00,0.000000000000000000e+00,0.000000000000000000e+00,0.000000000000000000e+00,0.000000000000000000e+00,0.000000000000000000e+00,0.000000000000000000e+00,0.000000000000000000e+00,0.000000000000000000e+00,0.000000000000000000e+00,0.000000000000000000e+00,6.289295149696111928e-04,4.651024792014657873e-04,4.457237704203822494e-04,4.157286129451436170e-04,3.750916750488798900e-04,3.237709351086971526e-04,2.617314031942160430e-04,1.889770156953173908e-04,1.055832484969776019e-04,1.173606489591530252e-05,0.000000000000000000e+00,4.143708695300914353e-04,8.342759261386029730e-04,1.114102798360972878e-03,1.243209439074262736e-03,1.219718846053350486e-03,1.046875887975644249e-03,1.077679753874999325e-03,1.067253123929697445e-03,9.656707893183372150e-04,7.769941367946305629e-04,5.066263881774862865e-04,1.593029395945182386e-04,0.000000000000000000e+00,0.000000000000000000e+00,0.000000000000000000e+00,0.000000000000000000e+00,0.000000000000000000e+00,4.344963581173468616e-05,1.133252332447249374e-03,2.281829771651249384e-03,3.400907253727916604e-03,4.406310210584288810e-03,5.222997863822838836e-03,5.788454152146222872e-03,6.056024479260268753e-03,5.999383214883385017e-03,5.618004588509829637e-03,4.941851785302517168e-03,4.032502037667221213e-03,2.978272615908620670e-03,1.882657630335093186e-03,8.479249599883964018e-04,0.000000000000000000e+00,0.000000000000000000e+00,6.346844199830934112e-05,2.197680647344808379e-04,3.662652978057916414e-04,5.019888385086750159e-04,1.292990707935578370e-03,2.469410144301919380e-03,0.000000000000000000e+00,0.000000000000000000e+00,0.000000000000000000e+00,0.000000000000000000e+00,0.000000000000000000e+00,0.000000000000000000e+00,0.000000000000000000e+00,0.000000000000000000e+00,0.000000000000000000e+00,0.000000000000000000e+00,0.000000000000000000e+00,0.000000000000000000e+00,0.000000000000000000e+00,4.948816012769389041e-04,1.033595257598335457e-03,1.521883798554363610e-03,1.885809433402070969e-03,2.058302061973828982e-03,1.996300445227172302e-03,1.693486336722412663e-03,1.185656136713727571e-03,5.474666319443798881e-04,0.000000000000000000e+00,0.000000000000000000e+00,0.000000000000000000e+00,0.000000000000000000e+00,0.000000000000000000e+00,0.000000000000000000e+00,1.235437575481621595e-03,2.878409899521297468e-03,0.000000000000000000e+00,0.000000000000000000e+00,0.000000000000000000e+00,0.000000000000000000e+00,0.000000000000000000e+00,0.000000000000000000e+00,0.000000000000000000e+00,0.000000000000000000e+00,0.000000000000000000e+00,9.675371525191210067e-05,3.487648520418806016e-03,0.000000000000000000e+00,0.000000000000000000e+00,0.000000000000000000e+00,0.000000000000000000e+00,0.000000000000000000e+00,0.000000000000000000e+00,0.000000000000000000e+00,0.000000000000000000e+00,0.000000000000000000e+00,0.000000000000000000e+00,0.000000000000000000e+00,0.000000000000000000e+00,4.301654102474614214e-04,1.520457649987259560e-03,2.440273320604491054e-03,3.158378184301744319e-03,3.675946552939022508e-03,4.017620862943103652e-03,4.219192438031770659e-03,4.316480694915653810e-03,4.338415206459700878e-03,4.304781694665875749e-03,4.227106131834565406e-03,4.110568464959423601e-03,3.955643222349046299e-03,3.759410312197187295e-03,3.517288404457195525e-03,3.225811714875576140e-03,2.886310000755341540e-03,2.508553778651587390e-03,2.194858103427075550e-03,3.371224186987878228e-03,4.538621642772152839e-03,5.614310947809775937e-03,0.000000000000000000e+00,0.000000000000000000e+00,0.000000000000000000e+00,0.000000000000000000e+00,0.000000000000000000e+00,0.000000000000000000e+00,0.000000000000000000e+00,0.000000000000000000e+00,0.000000000000000000e+00,0.000000000000000000e+00,0.000000000000000000e+00,0.000000000000000000e+00,0.000000000000000000e+00,0.000000000000000000e+00,0.000000000000000000e+00,0.000000000000000000e+00,7.144870364021274926e-04,9.798338085800827133e-04,0.000000000000000000e+00,0.000000000000000000e+00,0.000000000000000000e+00,0.000000000000000000e+00,0.000000000000000000e+00,0.000000000000000000e+00,0.000000000000000000e+00,0.000000000000000000e+00,0.000000000000000000e+00,0.000000000000000000e+00,0.000000000000000000e+00,0.000000000000000000e+00,0.000000000000000000e+00,0.000000000000000000e+00,2.586536927308300199e-04,6.352591710112090971e-04,8.277857252630364121e-04,8.492590815712991893e-04,0.000000000000000000e+00,0.000000000000000000e+00,5.059148635352298624e-04,0.000000000000000000e+00,0.000000000000000000e+00,0.000000000000000000e+00,0.000000000000000000e+00,0.000000000000000000e+00,0.000000000000000000e+00,0.000000000000000000e+00,0.000000000000000000e+00,0.000000000000000000e+00,0.000000000000000000e+00,0.000000000000000000e+00
0.000000000000000000e+00,1.263098298404983274e-03,0.000000000000000000e+00,0.000000000000000000e+00,0.000000000000000000e+00,0.000000000000000000e+00,0.000000000000000000e+00,0.000000000000000000e+00,0.000000000000000000e+00,3.599897340323502683e-04,9.390135161245328045e-04,1.981832600547546799e-03,0.000000000000000000e+00,0.000000000000000000e+00,0.000000000000000000e+00,0.000000000000000000e+00,0.000000000000000000e+00,0.000000000000000000e+00,0.000000000000000000e+00,0.000000000000000000e+00,0.000000000000000000e+00,0.000000000000000000e+00,0.000000000000000000e+00,0.000000000000000000e+00,0.000000000000000000e+00,0.000000000000000000e+00,3.123886045437456078e-04,8.763250157899398407e-04,1.471576233133109436e-03,2.668313227012027080e-03,0.000000000000000000e+00,0.000000000000000000e+00,0.000000000000000000e+00,0.000000000000000000e+00,0.000000000000000000e+00,0.000000000000000000e+00,0.000000000000000000e+00,0.000000000000000000e+00,0.000000000000000000e+00,0.000000000000000000e+00,0.000000000000000000e+00,0.000000000000000000e+00,0.000000000000000000e+00,0.000000000000000000e+00,0.000000000000000000e+00,0.000000000000000000e+00,1.948368643280230968e-03,0.000000000000000000e+00,0.000000000000000000e+00,0.000000000000000000e+00,0.000000000000000000e+00,0.000000000000000000e+00,0.000000000000000000e+00,0.000000000000000000e+00,0.000000000000000000e+00,0.000000000000000000e+00,0.000000000000000000e+00,0.000000000000000000e+00,0.000000000000000000e+00,0.000000000000000000e+00,5.005314024584265253e-04,1.395752367056758139e-03,2.214963817161014117e-03,2.889691481433317478e-03,3.379986648929892215e-03,3.677329314343006500e-03,3.798465579134834274e-03,3.774813778611904678e-03,3.643068618744539286e-03,3.440860927403666027e-03,3.207898268641167297e-03,2.989586156067600923e-03,2.838418986678886268e-03,2.809304052172223020e-03,0.000000000000000000e+00,0.000000000000000000e+00,0.000000000000000000e+00,0.000000000000000000e+00,0.000000000000000000e+00,0.000000000000000000e+00,0.000000000000000000e+00,0.000000000000000000e+00,0.000000000000000000e+00,0.000000000000000000e+00,5.492201620996295126e-04,0.000000000000000000e+00,0.000000000000000000e+00,0.000000000000000000e+00,0.000000000000000000e+00,0.000000000000000000e+00,0.000000000000000000e+00,0.000000000000000000e+00,0.000000000000000000e+00,0.000000000000000000e+00,0.000000000000000000e+00,0.000000000000000000e+00,0.000000000000000000e+00,0.000000000000000000e+00,0.000000000000000000e+00,0.000000000000000000e+00,0.000000000000000000e+00,0.000000000000000000e+00,0.000000000000000000e+00,0.000000000000000000e+00,0.000000000000000000e+00,0.000000000000000000e+00,0.000000000000000000e+00,0.000000000000000000e+00,0.000000000000000000e+00,0.000000000000000000e+00,0.000000000000000000e+00,0.000000000000000000e+00,0.000000000000000000e+00,0.000000000000000000e+00,0.000000000000000000e+00,0.000000000000000000e+00,0.000000000000000000e+00,0.000000000000000000e+00,0.000000000000000000e+00,0.000000000000000000e+00,0.000000000000000000e+00,0.000000000000000000e+00,0.000000000000000000e+00,0.000000000000000000e+00,0.000000000000000000e+00,0.000000000000000000e+00,0.000000000000000000e+00,0.000000000000000000e+00,0.000000000000000000e+00,0.000000000000000000e+00,0.000000000000000000e+00,0.000000000000000000e+00,0.000000000000000000e+00,0.000000000000000000e+00,0.000000000000000000e+00,0.000000000000000000e+00,0.000000000000000000e+00,0.000000000000000000e+00,0.000000000000000000e+00,0.000000000000000000e+00,4.362858016469092423e-03,1.806115079163813589e-03,1.511712735696332539e-03,0.000000000000000000e+00,0.000000000000000000e+00,0.000000000000000000e+00,0.000000000000000000e+00,0.000000000000000000e+00,1.437703191281415431e-04,5.966892190572499520e-04,9.296594331382741598e-04,1.105691144415697292e-03,0.000000000000000000e+00,0.000000000000000000e+00,0.000000000000000000e+00,2.668176989970855585e-04,8.645851319263084906e-04,1.300018234871668345e-03,1.531214561780642981e-03,1.548824616283130074e-03,1.375502872887802205e-03,1.059157141483534981e-03,6.614663682336976427e-04,2.443491882193439611e-04,8.445176935561198213e-05,5.388209622053709031e-04,1.693356874758289270e-03,0.000000000000000000e+00,0.000000000000000000e+00,0.000000000000000000e+00,0.000000000000000000e+00,0.000000000000000000e+00,0.000000000000000000e+00,0.000000000000000000e+00,0.000000000000000000e+00,0.000000000000000000e+00,0.000000000000000000e+00,0.000000000000000000e+00,0.000000000000000000e+00,0.000000000000000000e+00,0.000000000000000000e+00,0.000000000000000000e+00,0.000000000000000000e+00,5.932251505506929242e-05,2.424332216178874677e-04,4.120653000225339225e-04,5.845873457463625486e-04,7.617671238091952091e-04,9.282151729165536097e-04,1.057161398738251006e-03,1.121653009862834957e-03,1.105967074484554610e-03,1.012173287931313450e-03,8.591862803214222804e-04,6.750008782285173972e-04,4.856683165062703291e-04,3.057550024744248016e-04,1.341426905832057367e-04,0.000000000000000000e+00,0.000000000000000000e+00,0.000000000000000000e+00,0.000000000000000000e+00,0.000000000000000000e+00,3.184079028568612671e-06,5.628343215320686689e-04,8.445130748184570633e-04,8.839526919735020676e-04,7.586522786901620527e-04,5.632723672619392545e-04,3.795007213862504401e-04,2.508133194640411166e-04,1.714436666435737225e-04,9.363920089281693769e-05,0.000000000000000000e+00,1.098467246878802833e-05,2.194860092755041578e-04,4.364562289322858855e-04,6.600972104097258897e-04,8.884116116530695311e-04,1.119227560484799613e-03,1.350226740766455281e-03,1.578981765194335113e-03,1.802995840840797542e-03,2.019750398407101424e-03,3.331485708783594665e-03,5.828989671556225258e-03,0.000000000000000000e+00,0.000000000000000000e+00,0.000000000000000000e+00,0.000000000000000000e+00,0.000000000000000000e+00,0.000000000000000000e+00,0.000000000000000000e+00,0.000000000000000000e+00,0.000000000000000000e+00,1.148378583991909466e-04,3.133508898141912965e-04,2.850406627960009394e-04,6.662299241477100792e-05,0.000000000000000000e+00,0.000000000000000000e+00,0.000000000000000000e+00,0.000000000000000000e+00,0.000000000000000000e+00,0.000000000000000000e+00,4.200054408501466318e-04,9.981189752469113181e-04,1.440973788783774098e-03,1.692376989112834599e-03,1.727768516212153070e-03,1.554899277951333385e-03,1.209101370877566908e-03,7.451861148501799344e-04,2.276090935980095331e-04,0.000000000000000000e+00,0.000000000000000000e+00,0.000000000000000000e+00,0.000000000000000000e+00,0.000000000000000000e+00,0.000000000000000000e+00,2.462452831597347798e-04,8.899991046161599608e-04,1.634936011271018869e-03,2.370858972605278427e-03,2.995915911874739816e-03,3.445014617671583734e-03,3.706510213455101350e-03,3.822511592381336917e-03,3.873439829446422792e-03,3.952198855892400005e-03,4.135980923498576260e-03,4.463785956671673799e-03,4.925562246721921188e-03,5.465343182869872134e-03,5.996843022805237698e-03,6.426612407404225756e-03,6.677831147639573701e-03,6.707808937766253539e-03,6.514381183616871351e-03,6.130093713908326206e-03,5.607064805637692120e-03,4.998192721480866629e-03,4.341056184173399009e-03,3.649291798136528476e-03,2.913424439045755009e-03,2.110149211016821603e-03,1.216879364756981267e-03,2.272638691610298872e-04,0.000000000000000000e+00,2.844790773858490494e-06,3.526579579917865745e-04,8.994273729974041828e-04,1.583637826697305816e-03,2.325197675674660087e-03,3.040725996856225802e-03,3.661116013518709005e-03,0.000000000000000000e+00,0.000000000000000000e+00,0.000000000000000000e+00,0.000000000000000000e+00,0.000000000000000000e+00,0.000000000000000000e+00,0.000000000000000000e+00,0.000000000000000000e+00,0.000000000000000000e+00,0.000000000000000000e+00,0.000000000000000000e+00,4.959012550191986644e-04,1.046206916427910600e-03,1.620545883527235026e-03,0.000000000000000000e+00,0.000000000000000000e+00,0.000000000000000000e+00,0.000000000000000000e+00,0.000000000000000000e+00,0.000000000000000000e+00,0.000000000000000000e+00,0.000000000000000000e+00,0.000000000000000000e+00,0.000000000000000000e+00,1.413959976220574436e-04,8.535463975932174128e-04,1.412216199114908798e-03,1.741445915220389161e-03,1.793932839081283873e-03,1.568090425859239648e-03,1.116387711984249921e-03,5.403893052358054415e-04,0.000000000000000000e+00,0.000000000000000000e+00,0.000000000000000000e+00,4.020694941168577972e-04,0.000000000000000000e+00,0.000000000000000000e+00,0.000000000000000000e+00,0.000000000000000000e+00,0.000000000000000000e+00,0.000000000000000000e+00,0.000000000000000000e+00,2.584944748458689601e-04,8.226847110675515867e-04,2.161611458881568942e-03,3.342496705402491115e-03,4.276978938074539778e-03,4.926785377181925815e-03,5.298060155187356290e-03,5.427165827206637677e-03,5.364123244032955456e-03,5.159351241882561244e-03,4.856654075281486085e-03,4.491968661244932770e-03,4.094974424708865655e-03,3.690275288490735012e-03,3.296448959849950389e-03,2.923663888360290668e-03,2.572346010292766300e-03,2.235418532581041201e-03,1.904814920791656364e-03,1.580264652459932280e-03,1.276263611525216887e-03,1.023103354171118898e-03,8.600829050393672031e-04,8.226314431205109792e-04,9.281192418499006024e-04,1.166020912582523906e-03,1.496253138789180792e-03,1.856030912798845673e-03,2.172322608597508729e-03,2.375645447411164988e-03,2.596669818900853612e-03,3.268969103804618588e-03,3.925417768424898854e-03,4.496148315336161855e-03,4.908117060686167932e-03,5.096221351102454139e-03,5.014154653427123874e-03,4.641871819254922253e-03,3.987934285342238823e-03,3.087070436314930284e-03,1.994780598954078426e-03,1.344446604698790399e-03,1.356806624507499431e-03,2.136598915761869083e-03,2.779021535883008983e-03,3.200007798271791055e-03,3.354409378347097178e-03,3.237508326908649509e-03,2.878712224079035993e-03,2.330279198221618144e-03,1.654673263957333372e-03,9.139382448082264149e-04,1.632488391950589362e-04,0.000000000000000000e+00,0.000000000000000000e+00,0.000000000000000000e+00,0.000000000000000000e+00,0.000000000000000000e+00,0.000000000000000000e+00,0.000000000000000000e+00,0.000000000000000000e+00
2.098170427059300354e-08,0.000000000000000000e+00,0.000000000000000000e+00,0.000000000000000000e+00,0.000000000000000000e+00,0.000000000000000000e+00,0.000000000000000000e+00,0.000000000000000000e+00,0.000000000000000000e+00,0.000000000000000000e+00,0.000000000000000000e+00,0.000000000000000000e+00,0.000000000000000000e+00,0.000000000000000000e+00,0.000000000000000000e+00,0.000000000000000000e+00,0.000000000000000000e+00,0.000000000000000000e+00,8.472877784057784270e-05,1.730478806286567868e-04,1.119019216727589448e-04,0.000000000000000000e+00,0.000000000000000000e+00,0.000000000000000000e+00,0.000000000000000000e+00,0.000000000000000000e+00,0.000000000000000000e+00,0.000000000000000000e+00,0.000000000000000000e+00,0.000000000000000000e+00,0.000000000000000000e+00,0.000000000000000000e+00,0.000000000000000000e+00,0.000000000000000000e+00,0.000000000000000000e+00,0.000000000000000000e+00,0.000000000000000000e+00,0.000000000000000000e+00,5.938944874072813948e-04,1.905745736855001850e-03,2.965006227873971927e-03,3.681053828016427228e-03,4.011198649062760677e-03,3.965555625856321577e-03,3.602234899973348614e-03,3.013279721100956075e-03,2.304124574160711005e-03,1.571487179166361102e-03,8.856345796466691487e-04,2.820670417641048646e-04,0.000000000000000000e+00,0.000000000000000000e+00,0.000000000000000000e+00,0.000000000000000000e+00,0.000000000000000000e+00,0.000000000000000000e+00,0.000000000000000000e+00,0.000000000000000000e+00,0.000000000000000000e+00,0.000000000000000000e+00,0.000000000000000000e+00,1.604392716770256162e-04,4.238082090992976829e-04,4.728078640767580630e-04,2.989793024941258290e-04,0.000000000000000000e+00,0.000000000000000000e+00,0.000000000000000000e+00,0.000000000000000000e+00,0.000000000000000000e+00,0.000000000000000000e+00,0.000000000000000000e+00,0.000000000000000000e+00,0.000000000000000000e+00,0.000000000000000000e+00,0.000000000000000000e+00,0.000000000000000000e+00,0.000000000000000000e+00,0.000000000000000000e+00,0.000000000000000000e+00,0.000000000000000000e+00,0.000000000000000000e+00,7.028288464606771181e-04,1.727327320994525304e-03,2.406868712748279609e-03,2.648835255452720600e-03,2.404935448519412121e-03,1.684725810939064579e-03,5.577091667883217431e-04,0.000000000000000000e+00,0.000000000000000000e+00,0.000000000000000000e+00,0.000000000000000000e+00,0.000000000000000000e+00,0.000000000000000000e+00,0.000000000000000000e+00,0.000000000000000000e+00,0.000000000000000000e+00,0.000000000000000000e+00,4.736419924458770263e-05,5.150294272823769792e-04,8.305268573649708446e-04,3.212106009229450266e-03,0.000000000000000000e+00,0.000000000000000000e+00,0.000000000000000000e+00,0.000000000000000000e+00,0.000000000000000000e+00,0.000000000000000000e+00,0.000000000000000000e+00,0.000000000000000000e+00,0.000000000000000000e+00,0.000000000000000000e+00,0.000000000000000000e+00,0.000000000000000000e+00,0.000000000000000000e+00,0.000000000000000000e+00,0.000000000000000000e+00,2.806848858107943018e-03,4.436091112756781530e-04,0.000000000000000000e+00,0.000000000000000000e+00,0.000000000000000000e+00,0.000000000000000000e+00,0.000000000000000000e+00,0.000000000000000000e+00,0.000000000000000000e+00,0.000000000000000000e+00,0.000000000000000000e+00,1.921516113896985496e-04,6.001588480012055469e-04,7.958309925794610894e-04,7.204330073470514937e-04,3.596299419625029344e-04,0.000000000000000000e+00,1.031282389599386291e-03,2.589942966112879826e-03,0.000000000000000000e+00,8.340825960777070378e-05,2.554881429852786778e-04,0.000000000000000000e+00,0.000000000000000000e+00,0.000000000000000000e+00,2.838946597148476678e-04,4.577767036182695676e-03,1.580694303885900060e-03,2.109454206390201994e-03,2.517959364136014479e-03,2.782189086491686659e-03,0.000000000000000000e+00,0.000000000000000000e+00,0.000000000000000000e+00,0.000000000000000000e+00,0.000000000000000000e+00,1.480164457736516076e-04,6.759150355725550155e-04,8.386097051978301780e-04,6.103749016781075121e-04,3.066920624489695495e-05,0.000000000000000000e+00,0.000000000000000000e+00,0.000000000000000000e+00,0.000000000000000000e+00,0.000000000000000000e+00,0.000000000000000000e+00,0.000000000000000000e+00,0.000000000000000000e+00,0.000000000000000000e+00,0.000000000000000000e+00,0.000000000000000000e+00,0.000000000000000000e+00,0.000000000000000000e+00,1.372186200103550006e-04,0.000000000000000000e+00,0.000000000000000000e+00,0.000000000000000000e+00,0.000000000000000000e+00,0.000000000000000000e+00,0.000000000000000000e+00,0.000000000000000000e+00,0.000000000000000000e+00,0.000000000000000000e+00,0.000000000000000000e+00,0.000000000000000000e+00,0.000000000000000000e+00,5.521854340489573253e-04,1.160135337468688483e-03,1.504293267572104744e-03,1.523147417785592666e-03,1.228785866387913919e-03,7.047780199194178747e-04,8.494056122383468151e-05,0.000000000000000000e+00,0.000000000000000000e+00,0.000000000000000000e+00,0.000000000000000000e+00,0.000000000000000000e+00,4.430801683239994529e-05,5.159032689714153005e-04,8.347931494084141497e-04,8.956857395888431989e-04,6.412297479616582089e-04,7.276215759175777792e-05,0.000000000000000000e+00,0.000000000000000000e+00,0.000000000000000000e+00,0.000000000000000000e+00,0.000000000000000000e+00,0.000000000000000000e+00,0.000000000000000000e+00,0.000000000000000000e+00,0.000000000000000000e+00,0.000000000000000000e+00,0.000000000000000000e+00,0.000000000000000000e+00,0.000000000000000000e+00,0.000000000000000000e+00,0.000000000000000000e+00,0.000000000000000000e+00,0.000000000000000000e+00,0.000000000000000000e+00,0.000000000000000000e+00,0.000000000000000000e+00,0.000000000000000000e+00,0.000000000000000000e+00,0.000000000000000000e+00,0.000000000000000000e+00,0.000000000000000000e+00,0.000000000000000000e+00,0.000000000000000000e+00,0.000000000000000000e+00,3.672036989121895984e-04,1.090997110679388414e-03,1.565162323225202613e-03,1.752439158532800986e-03,1.673960262058802337e-03,1.410847563568020388e-04,1.121313531674489024e-03,2.042917451106548380e-03,2.787108188048495559e-03,0.000000000000000000e+00,0.000000000000000000e+00,0.000000000000000000e+00,0.000000000000000000e+00,0.000000000000000000e+00,1.108112671193528563e-03,0.000000000000000000e+00,0.000000000000000000e+00,0.000000000000000000e+00,0.000000000000000000e+00,0.000000000000000000e+00,0.000000000000000000e+00,0.000000000000000000e+00,0.000000000000000000e+00,0.000000000000000000e+00,4.024445393169474492e-04,1.861701758834630226e-03,3.069906056256564795e-03,3.950722359512348972e-03,4.474144195215974673e-03,4.646094931562457300e-03,4.495202007325779965e-03,4.061244353779909326e-03,3.388111018050321728e-03,2.522008451418822090e-03,1.513745852018624641e-03,8.031101505537858011e-04,1.000199235114022228e-03,1.235512492355066464e-03,1.526083847536217333e-03,1.888356330481172482e-03,2.334323115937050018e-03,2.866993425953260049e-03,3.476049650099279249e-03,4.134241139571796265e-03,4.795180563927530989e-03,5.393767424171577035e-03,5.850847333217364457e-03,6.083288187868754471e-03,6.019039302543998000e-03,5.614606267506937025e-03,4.870638062823834727e-03,3.840879368951372226e-03,2.630913870902540537e-03,1.976027925590647088e-03,1.945808327924297134e-03,1.910491438063949970e-03,1.870752131160940230e-03,1.827207199894813339e-03,1.780418221348192354e-03,1.730892025870800878e-03,1.679085133521360934e-03,1.747678334223932073e-03,2.453410349619008276e-03,2.872926289523174137e-03,2.939253613412721837e-03,2.652207219635243762e-03,2.073644765573993010e-03,1.310543501740738534e-03,1.221047204823721847e-03,1.161044714683269995e-03,1.100535816224475086e-03,1.039408732623262098e-03,9.775101623332943870e-04,1.725976217833351343e-03,2.822691145586681168e-03,5.906487858989739777e-03,0.000000000000000000e+00,0.000000000000000000e+00,0.000000000000000000e+00,0.000000000000000000e+00,0.000000000000000000e+00,0.000000000000000000e+00,0.000000000000000000e+00,0.000000000000000000e+00,0.000000000000000000e+00,0.000000000000000000e+00,0.000000000000000000e+00,0.000000000000000000e+00,0.000000000000000000e+00,0.000000000000000000e+00,0.000000000000000000e+00,0.000000000000000000e+00,0.000000000000000000e+00,0.000000000000000000e+00,0.000000000000000000e+00,0.000000000000000000e+00,0.000000000000000000e+00,0.000000000000000000e+00,0.000000000000000000e+00,0.000000000000000000e+00,1.126671974750691066e-03,2.103153235423900827e-03,0.000000000000000000e+00,0.000000000000000000e+00,0.000000000000000000e+00,4.514429822720401062e-04,1.253183816895426248e-03,1.997781079343259082e-03,2.518485193100611017e-03,2.689373080735097971e-03,2.446452467827047936e-03,9.427353954326904905e-04,1.015176862871984814e-04,2.113805878409322886e-04,2.467179839093857664e-03,9.925987247632961710e-04,0.000000000000000000e+00,0.000000000000000000e+00,0.000000000000000000e+00,0.000000000000000000e+00,3.092411430708860058e-04,1.064206652450348789e-03,1.890804671165975280e-03,2.706737560011469347e-03,3.425087453190426862e-03,3.965602140246916006e-03,4.264338104350549365e-03,4.279832708455327296e-03,3.995604768513320512e-03,3.420154868125000608e-03,2.585848874109844368e-03,1.547050878821696306e-03,3.765460562423776809e-04,0.000000000000000000e+00,0.000000000000000000e+00,0.000000000000000000e+00,2.763632323035004478e-04,6.816510725651364318e-04,1.048772454618833363e-03,1.400980833603880388e-03,1.761969400105820602e-03,2.149189675624858711e-03,2.572852803940834949e-03,3.039389191853318802e-03,3.555797000215743953e-03,4.131277090286191757e-03,4.774472518988515449e-03,5.487311660864930413e-03,6.258337414433414771e-03,7.058723329229072210e-03,7.843015320747085198e-03,0.000000000000000000e+00,0.000000000000000000e+00,0.000000000000000000e+00,0.000000000000000000e+00,0.000000000000000000e+00,0.000000000000000000e+00,0.000000000000000000e+00,0.000000000000000000e+00,0.000000000000000000e+00,0.000000000000000000e+00,0.000000000000000000e+00,0.000000000000000000e+00,0.000000000000000000e+00,0.000000000000000000e+00,0.000000000000000000e+00,0.000000000000000000e+00,0.000000000000000000e+00,0.000000000000000000e+00
0.000000000000000000e+00,7.331623073263724110e-06,0.000000000000000000e+00,5.081343072683096161e-05,2.610646346921526549e-04,2.380414986481969863e-03,0.000000000000000000e+00,1.650878336547021417e-04,0.000000000000000000e+00,4.300117559001817629e-05,0.000000000000000000e+00,6.222025112774262970e-04,0.000000000000000000e+00,0.000000000000000000e+00,9.281896404531249682e-05,2.839691393542398629e-04,4.400266431508992283e-04,0.000000000000000000e+00,0.000000000000000000e+00,0.000000000000000000e+00,5.695054032225741924e-06,6.237720201115338342e-04,1.358089321349716192e-03,2.122410930449439639e-03,2.801832264878759745e-03,3.274401945214419022e-03,3.437080622587422932e-03,3.229110984420604808e-03,2.646794377778883319e-03,1.746265427163537281e-03,6.341107541046084144e-04,3.411759946816443818e-04,2.514182789273732206e-04,2.070881954267779707e-04,2.428373809730245637e-04,3.861093800409581616e-04,6.504871037744828707e-04,1.029871617993385760e-03,1.494798877469401916e-03,1.992238384044938988e-03,3.094021622178769193e-03,0.000000000000000000e+00,0.000000000000000000e+00,0.000000000000000000e+00,0.000000000000000000e+00,0.000000000000000000e+00,0.000000000000000000e+00,3.274495634291486618e-04,1.457899407268008728e-03,2.540727643255169185e-03,3.488714830877288377e-03,4.235551671043790573e-03,4.739092606660917119e-03,4.980842285767147007e-03,4.963979527945288489e-03,5.344580777138364762e-03,6.409709363609919497e-03,0.000000000000000000e+00,0.000000000000000000e+00,0.000000000000000000e+00,0.000000000000000000e+00,0.000000000000000000e+00,0.000000000000000000e+00,0.000000000000000000e+00,5.261119125557761102e-03,0.000000000000000000e+00,0.000000000000000000e+00,0.000000000000000000e+00,7.387765873831667529e-04,2.408470605240124740e-03,2.977733512333304890e-03,3.559723025274802530e-03,3.823107878707476641e-03,3.810578812637596766e-03,3.597246832827259971e-03,3.278815099518328068e-03,0.000000000000000000e+00,0.000000000000000000e+00,0.000000000000000000e+00,0.000000000000000000e+00,0.000000000000000000e+00,0.000000000000000000e+00,0.000000000000000000e+00,0.000000000000000000e+00,0.000000000000000000e+00,0.000000000000000000e+00,0.000000000000000000e+00,0.000000000000000000e+00,0.000000000000000000e+00,0.000000000000000000e+00,0.000000000000000000e+00,0.000000000000000000e+00,0.000000000000000000e+00,0.000000000000000000e+00,0.000000000000000000e+00,0.000000000000000000e+00,0.000000000000000000e+00,0.000000000000000000e+00,0.000000000000000000e+00,1.327031115464439226e-04,5.115570863933397968e-04,6.809831008306919953e-03,0.000000000000000000e+00,0.000000000000000000e+00,0.000000000000000000e+00,0.000000000000000000e+00,0.000000000000000000e+00,0.000000000000000000e+00,1.177603554267262154e-04,2.667285578667658421e-04,4.109498630225972052e-04,5.484503467003007610e-04,6.775357156352506544e-04,7.968162307131738216e-04,9.052175314156497019e-04,1.001982188945243568e-03,1.154703674954669825e-03,1.245920406950751279e-03,1.219357290910276677e-03,1.267800281583834074e-03,1.304924434205149107e-03,1.331386627180395016e-03,2.689059696950391650e-03,6.685169794017534368e-03,0.000000000000000000e+00,0.000000000000000000e+00,0.000000000000000000e+00,0.000000000000000000e+00,0.000000000000000000e+00,0.000000000000000000e+00,0.000000000000000000e+00,0.000000000000000000e+00,0.000000000000000000e+00,0.000000000000000000e+00,0.000000000000000000e+00,0.000000000000000000e+00,3.359532750185010284e-04,0.000000000000000000e+00,0.000000000000000000e+00,0.000000000000000000e+00,0.000000000000000000e+00,0.000000000000000000e+00,0.000000000000000000e+00,0.000000000000000000e+00,0.000000000000000000e+00,0.000000000000000000e+00,0.000000000000000000e+00,2.939799008012892859e-04,1.077826459544153209e-03,1.716255486819738465e-03,2.177128869362436603e-03,2.444896809027018777e-03,2.512844716580713358e-03,2.377981256832470153e-03,2.041468671048840902e-03,1.513484396393495338e-03,8.181566812012243395e-04,0.000000000000000000e+00,0.000000000000000000e+00,0.000000000000000000e+00,0.000000000000000000e+00,0.000000000000000000e+00,0.000000000000000000e+00,0.000000000000000000e+00,0.000000000000000000e+00,0.000000000000000000e+00,0.000000000000000000e+00,0.000000000000000000e+00,0.000000000000000000e+00,0.000000000000000000e+00,0.000000000000000000e+00,0.000000000000000000e+00,0.000000000000000000e+00,0.000000000000000000e+00,9.022055822256029069e-04,1.802326696962048766e-03,1.304906829565513279e-03,8.742127299601620567e-04,6.274929871176454380e-04,5.578033627692731162e-04,6.230124254759313333e-04,7.598723768448252883e-04,9.046039928420378847e-04,1.013480372440658372e-03,1.076296019483955271e-03,1.117745011123355775e-03,1.186142846311648638e-03,1.333860476558094066e-03,1.597138649317509816e-03,1.982995986260269183e-03,2.467630257646235680e-03,3.810078621369866313e-03,0.000000000000000000e+00,0.000000000000000000e+00,0.000000000000000000e+00,0.000000000000000000e+00,0.000000000000000000e+00,0.000000000000000000e+00,0.000000000000000000e+00,0.000000000000000000e+00,0.000000000000000000e+00,0.000000000000000000e+00,0.000000000000000000e+00,0.000000000000000000e+00,0.000000000000000000e+00,0.000000000000000000e+00,0.000000000000000000e+00,0.000000000000000000e+00,0.000000000000000000e+00,0.000000000000000000e+00,0.000000000000000000e+00,0.000000000000000000e+00,0.000000000000000000e+00,6.117398114343095342e-04,1.617875087733092665e-03,2.703244052033706817e-03,3.812392141835585328e-03,4.889332040430799040e-03,5.875707293661095419e-03,6.707755131663007894e-03,7.316266555007189601e-03,7.632238107463376262e-03,7.598066993560861730e-03,7.181405334108994024e-03,6.387309011673971554e-03,5.264539028585746121e-03,3.903470451321404758e-03,2.925404912465875366e-03,2.729143281179369999e-03,2.414388696596722964e-03,2.010662485497432053e-03,1.586026728324588502e-03,1.233124480628436295e-03,1.044415065160134160e-03,1.084717999089720259e-03,1.370743146692781841e-03,1.865095799573480767e-03,2.487006076182569306e-03,3.135809213488257707e-03,3.718563840170589167e-03,4.172058548084413981e-03,4.472292988238942175e-03,4.629997777251276640e-03,4.676319125213889566e-03,0.000000000000000000e+00,0.000000000000000000e+00,0.000000000000000000e+00,0.000000000000000000e+00,0.000000000000000000e+00,0.000000000000000000e+00,0.000000000000000000e+00,0.000000000000000000e+00,0.000000000000000000e+00,0.000000000000000000e+00,0.000000000000000000e+00,0.000000000000000000e+00,1.660048377128347337e-05,7.331776524009748271e-04,1.482919824873865037e-03,5.687792383312147322e-03,0.000000000000000000e+00,0.000000000000000000e+00,0.000000000000000000e+00,0.000000000000000000e+00,0.000000000000000000e+00,0.000000000000000000e+00,0.000000000000000000e+00,0.000000000000000000e+00,0.000000000000000000e+00,0.000000000000000000e+00,0.000000000000000000e+00,0.000000000000000000e+00,0.000000000000000000e+00,0.000000000000000000e+00,0.000000000000000000e+00,0.000000000000000000e+00,0.000000000000000000e+00,0.000000000000000000e+00,0.000000000000000000e+00,0.000000000000000000e+00,0.000000000000000000e+00,0.000000000000000000e+00,0.000000000000000000e+00,0.000000000000000000e+00,1.361845097002428913e-04,3.645937067154631926e-04,2.746432847519251976e-04,4.132633762754989626e-04,6.460992541452843753e-04,0.000000000000000000e+00,0.000000000000000000e+00,0.000000000000000000e+00,0.000000000000000000e+00,0.000000000000000000e+00,0.000000000000000000e+00,0.000000000000000000e+00,0.000000000000000000e+00,0.000000000000000000e+00,0.000000000000000000e+00,1.961794613447353293e-04,9.672370823863681499e-04,1.575231103342465732e-03,2.004848928787901236e-03,2.271946325290911776e-03,2.417667841852971528e-03,2.498736648790993251e-03,3.029699796379970930e-03,3.634868393784441553e-03,4.251053085926001854e-03,4.828957180637812041e-03,5.303554904966190781e-03,1.628141203574127224e-03,1.326087181914890585e-03,8.583438873836910692e-04,2.835536837721827283e-04,0.000000000000000000e+00,0.000000000000000000e+00,0.000000000000000000e+00,0.000000000000000000e+00,0.000000000000000000e+00,0.000000000000000000e+00,7.177632238357476314e-04,1.825198098837474761e-03,2.697948194882381859e-03,3.248917723174831254e-03,3.429381865861823222e-03,3.233819630333719004e-03,2.698600114671747575e-03,2.180265603426944504e-03,2.739933653519561769e-03,3.206914553678619825e-03,3.528065819658306439e-03,3.650849852392892662e-03,3.538596510717699657e-03,3.186009326277355457e-03,2.629085775539293131e-03,1.944918934493072024e-03,0.000000000000000000e+00,0.000000000000000000e+00,4.197017970895000616e-03,0.000000000000000000e+00,0.000000000000000000e+00,0.000000000000000000e+00,0.000000000000000000e+00,2.427090972760159878e-04,7.304637532932061221e-04,1.217486423590866422e-03,1.651161357769501689e-03,1.996536598290668454e-03,2.235462568232557488e-03,2.363097812825204914e-03,2.382111260631225493e-03,2.295526410258690725e-03,2.100415402157417184e-03,1.785440003890742013e-03,1.334402791321035115e-03,7.354506844740336729e-04,4.680494754952864867e-04,3.663801896391759706e-04,5.614757297199630850e-05,0.000000000000000000e+00,0.000000000000000000e+00,0.000000000000000000e+00,0.000000000000000000e+00,0.000000000000000000e+00,0.000000000000000000e+00,0.000000000000000000e+00,0.000000000000000000e+00,0.000000000000000000e+00,0.000000000000000000e+00,0.000000000000000000e+00,0.000000000000000000e+00,1.371428906208568583e-04,1.543077677306203214e-03,2.719207515741318103e-03,3.528172459718504142e-03,3.889561273665249029e-03,3.795022538969510407e-03,3.307842084431865219e-03,2.548602361539743094e-03,1.671147530474732497e-03,8.339335331843189883e-04,1.715847922936846956e-04,0.000000000000000000e+00,0.000000000000000000e+00,0.000000000000000000e+00,4.735954811926368650e-05,3.171368016596856089e-04,4.516720897795360409e-04,3.430486986096723760e-04,0.000000000000000000e+00,0.000000000000000000e+00,0.000000000000000000e+00,0.000000000000000000e+00,0.000000000000000000e+00,0.000000000000000000e+00,0.000000000000000000e+00,0.000000000000000000e+00,0.000000000000000000e+00,0.000000000000000000e+00
2.926915992946142247e-08,3.494982725323956922e-04,0.000000000000000000e+00,0.000000000000000000e+00,0.000000000000000000e+00,0.000000000000000000e+00,0.000000000000000000e+00,3.307621994993296152e-04,0.000000000000000000e+00,0.000000000000000000e+00,0.000000000000000000e+00,0.000000000000000000e+00,0.000000000000000000e+00,0.000000000000000000e+00,0.000000000000000000e+00,0.000000000000000000e+00,0.000000000000000000e+00,0.000000000000000000e+00,7.784491120098277234e-05,1.482674927526952773e-04,1.892765365262415341e-04,1.871260990243067636e-04,1.258876103395094651e-04,0.000000000000000000e+00,0.000000000000000000e+00,0.000000000000000000e+00,0.000000000000000000e+00,0.000000000000000000e+00,0.000000000000000000e+00,4.523673663110587572e-04,1.102225753785527349e-03,1.801009359609459515e-03,2.487296799672773697e-03,3.091649002073132164e-03,3.547429865199239023e-03,3.800855371773148410e-03,3.818861412619292683e-03,3.593656160974123982e-03,3.143085316058112730e-03,2.506547192317199087e-03,1.737395005193772147e-03,8.941168151493564644e-04,3.331087713042677384e-05,0.000000000000000000e+00,0.000000000000000000e+00,0.000000000000000000e+00,0.000000000000000000e+00,0.000000000000000000e+00,0.000000000000000000e+00,0.000000000000000000e+00,0.000000000000000000e+00,0.000000000000000000e+00,2.115352484935055304e-04,1.256509291326577283e-03,2.225749163110855508e-03,3.026469701602637046e-03,3.594976577310324706e-03,3.903627790035715459e-03,3.960784218729552011e-03,3.804643575746917503e-03,3.492635260089043629e-03,3.088575896396240309e-03,2.650208909067984335e-03,2.219865540718361698e-03,1.820457130592771124e-03,1.457665501764272842e-03,1.127318790487242487e-03,8.251361786239245393e-04,1.853174860609575108e-03,3.138993744548089927e-03,4.312109187828111305e-03,5.272048638978398503e-03,5.943310140486354580e-03,6.291293576275775248e-03,6.328796152145270588e-03,6.111375300194783582e-03,5.723560830615214562e-03,5.260597623870163532e-03,4.811135945206473225e-03,4.445004671704708143e-03,4.207542632868591613e-03,4.119264093508616734e-03,4.178148368484078772e-03,4.362148219210542667e-03,4.631191430279072568e-03,4.929796921383777612e-03,5.192132486091997727e-03,5.350432647702963763e-03,5.345750998508804093e-03,5.138257302117275015e-03,4.713865481816065586e-03,4.085134793398710260e-03,3.286533828706934574e-03,2.537277847028127867e-03,2.411842836402749990e-03,2.279121391902120836e-03,2.141513095832199651e-03,2.001368812755286147e-03,1.860940743129508180e-03,1.722335499676870378e-03,1.587472954677177951e-03,1.458051485233539252e-03,1.335518509492458154e-03,1.221050520129917001e-03,1.115540021845636779e-03,1.019590869267059498e-03,9.335218440338049605e-04,8.573778742428099682e-04,7.909470921168138121e-04,7.337866563178079872e-04,6.852498551016175232e-04,6.445195484507081074e-04,6.106423278559727297e-04,5.825662059302263952e-04,5.591748237347938730e-04,5.393225594217247211e-04,5.218679285355186251e-04,5.057016845946613439e-04,4.897732477952441640e-04,4.731127466578054414e-04,4.548480377626142632e-04,4.342199197849876059e-04,4.105895135737528019e-04,3.834469368027178249e-04,3.524117829544632643e-04,3.172355399111893457e-04,2.777981898172446036e-04,5.634873671411199086e-04,1.043680992551637406e-03,1.423759177123285792e-03,1.647318306609959039e-03,1.667888813623870934e-03,1.459433042736365659e-03,1.023732304653052639e-03,3.924100645679270602e-04,0.000000000000000000e+00,0.000000000000000000e+00,0.000000000000000000e+00,0.000000000000000000e+00,0.000000000000000000e+00,0.000000000000000000e+00,0.000000000000000000e+00,0.000000000000000000e+00,0.000000000000000000e+00,0.000000000000000000e+00,0.000000000000000000e+00,0.000000000000000000e+00,0.000000000000000000e+00,0.000000000000000000e+00,0.000000000000000000e+00,0.000000000000000000e+00,0.000000000000000000e+00,0.000000000000000000e+00,0.000000000000000000e+00,0.000000000000000000e+00,0.000000000000000000e+00,0.000000000000000000e+00,0.000000000000000000e+00,0.000000000000000000e+00,0.000000000000000000e+00,0.000000000000000000e+00,0.000000000000000000e+00,0.000000000000000000e+00,0.000000000000000000e+00,1.958689975769088444e-05,8.633908738651653548e-05,1.504029805766801849e-04,2.111042540367790159e-04,2.678263387864070026e-04,3.200155358836977593e-04,3.671826857982063864e-04,4.089072019681157005e-04,4.448392761158995005e-04,4.747033190956993927e-04,5.388166763200785128e-04,8.548502864785167878e-04,1.046382559459850623e-03,1.107956430905942874e-03,1.051604086086732615e-03,9.005382984513851229e-04,6.814697818744984989e-04,4.888950416192158191e-04,4.653199512173359720e-04,4.374742226663829781e-04,4.059491455144247953e-04,3.713718016043606948e-04,6.106140215816995270e-04,1.386252300031346699e-03,2.086736771863757431e-03,2.610806645956221909e-03,2.890171192400701246e-03,2.903569487263712393e-03,2.678423617854940909e-03,2.280681570333621590e-03,1.796852453024509657e-03,1.313873716259825230e-03,9.019728855011210130e-04,6.036908552357267898e-04,4.298782032044244986e-04,9.051513037979512944e-04,1.194179294907779911e-03,1.292752982807847568e-03,1.246373631149439408e-03,1.117135279867053146e-03,9.650653444855253685e-04,8.330760787677272353e-04,7.387153412923236438e-04,6.733886270534145341e-04,6.076940937775785704e-04,5.005041465411685540e-04,3.093000598758574560e-04,0.000000000000000000e+00,0.000000000000000000e+00,0.000000000000000000e+00,0.000000000000000000e+00,0.000000000000000000e+00,0.000000000000000000e+00,0.000000000000000000e+00,0.000000000000000000e+00,0.000000000000000000e+00,9.170039435440944478e-05,1.060774262181346598e-04,6.528357328490913869e-07,0.000000000000000000e+00,0.000000000000000000e+00,0.000000000000000000e+00,0.000000000000000000e+00,0.000000000000000000e+00,0.000000000000000000e+00,0.000000000000000000e+00,0.000000000000000000e+00,0.000000000000000000e+00,0.000000000000000000e+00,0.000000000000000000e+00,0.000000000000000000e+00,0.000000000000000000e+00,0.000000000000000000e+00,0.000000000000000000e+00,0.000000000000000000e+00,0.000000000000000000e+00,0.000000000000000000e+00,0.000000000000000000e+00,0.000000000000000000e+00,0.000000000000000000e+00,0.000000000000000000e+00,4.928317367985378698e-04,1.152216026503050149e-03,1.865418351409828517e-03,2.591404380082200799e-03,3.286217278709610643e-03,3.906071415766576224e-03,4.411605072127984875e-03,4.772707833486980987e-03,4.972697483913884539e-03,5.010545768474579040e-03,4.900370207818102383e-03,4.668309279748534928e-03,4.347801149262499158e-03,3.974758588293142610e-03,3.583961612944805246e-03,3.207262236461355491e-03,2.873236185093969164e-03,2.607202063439588522e-03,2.430413465696055261e-03,2.357765938280196975e-03,2.394287335368030373e-03,2.531584632763905426e-03,2.745878419727412756e-03,2.999026833344915332e-03,3.243104650727476803e-03,3.427929770817207070e-03,3.509887971582961383e-03,3.459916855633674970e-03,3.268773814622538253e-03,2.948578448783207521e-03,2.530688220601631701e-03,2.060761002311785675e-03,1.592181404641406341e-03,1.178918043232439049e-03,8.686354200825977022e-04,6.967325153819921117e-04,6.819438674029401235e-04,8.240987935283463272e-04,1.104385497339301298e-03,1.488061466848908648e-03,1.929136038346282878e-03,2.376354467611146212e-03,2.779869475473159025e-03,3.098088125424769239e-03,3.304039947366948279e-03,3.390151852014323779e-03,3.369891132124013845e-03,3.276227176472946111e-03,3.469748031255701082e-03,3.356799711432907098e-03,2.949686165369740012e-03,2.895265108334134363e-03,2.870465694604134189e-03,0.000000000000000000e+00,0.000000000000000000e+00,1.714554973199549292e-04,6.078676847881748406e-04,1.144350914206684455e-03,1.738193407285586189e-03,2.323380409680599230e-03,2.262557195311463293e-03,1.824520266513328598e-03,1.501649043106020355e-03,1.356459408092014571e-03,1.413378688857871209e-03,1.655485692924926798e-03,2.030057329600701375e-03,0.000000000000000000e+00,0.000000000000000000e+00,0.000000000000000000e+00,0.000000000000000000e+00,1.943474657238705077e-04,3.453302209614860082e-04,4.005566811272133791e-04,3.824915521390267136e-04,3.191440246786947897e-04,2.404118501651152269e-04,1.743372035358449923e-04,1.435860869853366215e-04,1.625324590477938448e-04,2.353893565058123578e-04,3.559356531425892072e-04,5.093698699030851885e-04,6.764392460971745732e-04,8.391517969187314201e-04,9.863661053508719287e-04,1.116943021513915231e-03,1.238559201728015990e-03,1.361894087604366681e-03,1.492137353046757344e-03,1.621546086452659453e-03,1.726976248515836023e-03,1.774517088680290086e-03,1.730212562614709230e-03,1.572889086938348939e-03,1.303868381283054953e-03,9.495984851929281092e-04,5.563389900263166496e-04,3.338427139560033057e-04,1.167938696924492059e-04,0.000000000000000000e+00,0.000000000000000000e+00,0.000000000000000000e+00,0.000000000000000000e+00,2.715598234520947532e-04,7.312835504316204200e-04,1.266489268715952033e-03,1.840684095512124452e-03,0.000000000000000000e+00,0.000000000000000000e+00,0.000000000000000000e+00,0.000000000000000000e+00,0.000000000000000000e+00,0.000000000000000000e+00,0.000000000000000000e+00,0.000000000000000000e+00,0.000000000000000000e+00,0.000000000000000000e+00,0.000000000000000000e+00,3.838234981161535095e-04,1.716289115918751343e-03,0.000000000000000000e+00,0.000000000000000000e+00,0.000000000000000000e+00,0.000000000000000000e+00,0.000000000000000000e+00,0.000000000000000000e+00,0.000000000000000000e+00,0.000000000000000000e+00,0.000000000000000000e+00,0.000000000000000000e+00,0.000000000000000000e+00,0.000000000000000000e+00,0.000000000000000000e+00,0.000000000000000000e+00,1.181301792473855687e-03,0.000000000000000000e+00,0.000000000000000000e+00,0.000000000000000000e+00,7.280069909439284312e-05,1.679464043421302611e-04,7.053913496863347754e-04,1.124262966112105251e-03,1.318171446430389977e-03,1.199328379247106315e-03,7.136111046193707383e-04,0.000000000000000000e+00,0.000000000000000000e+00,0.000000000000000000e+00,0.000000000000000000e+00,0.000000000000000000e+00,2.093625251077110288e-05,1.365562407037879274e-04,1.215278830336344985e-04,0.000000000000000000e+00
0.000000000000000000e+00,6.155826797258888449e-05,1.060947210699252091e-04,3.126394338940353653e-04,1.952080091041925218e-03,0.000000000000000000e+00,3.115629989384976041e-04,7.258691241033410737e-04,1.213138093287585446e-03,1.731656162814762361e-03,2.225477487903910860e-03,2.632178697563780818e-03,2.893436315273288043e-03,0.000000000000000000e+00,0.000000000000000000e+00,0.000000000000000000e+00,0.000000000000000000e+00,0.000000000000000000e+00,0.000000000000000000e+00,1.018102667839775131e-03,0.000000000000000000e+00,2.446406518611618530e-04,1.018440702809565550e-03,1.857179632342384219e-03,2.712221013295707753e-03,3.520560999499250127e-03,4.217191897908296669e-03,4.749587343340000954e-03,0.000000000000000000e+00,0.000000000000000000e+00,0.000000000000000000e+00,0.000000000000000000e+00,0.000000000000000000e+00,0.000000000000000000e+00,2.619349479428514558e-04,9.097337122015337766e-04,1.530561825452268765e-03,2.137810193364486286e-03,2.746733749255696883e-03,3.363259791824936736e-03,3.974221615385985229e-03,4.543951180545372122e-03,5.020116484409615533e-03,5.347830680729589482e-03,5.487273777502404450e-03,5.428278247072660864e-03,5.196271206262288202e-03,0.000000000000000000e+00,0.000000000000000000e+00,0.000000000000000000e+00,0.000000000000000000e+00,0.000000000000000000e+00,0.000000000000000000e+00,0.000000000000000000e+00,0.000000000000000000e+00,0.000000000000000000e+00,0.000000000000000000e+00,0.000000000000000000e+00,0.000000000000000000e+00,0.000000000000000000e+00,5.225198313490641774e-04,0.000000000000000000e+00,0.000000000000000000e+00,0.000000000000000000e+00,0.000000000000000000e+00,0.000000000000000000e+00,0.000000000000000000e+00,0.000000000000000000e+00,0.000000000000000000e+00,9.867038128762934193e-04,1.273887955747691949e-03,9.828941686027257464e-04,0.000000000000000000e+00,0.000000000000000000e+00,0.000000000000000000e+00,0.000000000000000000e+00,0.000000000000000000e+00,0.000000000000000000e+00,0.000000000000000000e+00,0.000000000000000000e+00,0.000000000000000000e+00,0.000000000000000000e+00,0.000000000000000000e+00,0.000000000000000000e+00,1.146554479120949390e-04,3.968626837310344595e-04,8.341244696893815704e-04,4.576478471637921244e-04,7.692453631800675066e-04,9.068399598218620681e-04,8.926014321676335218e-04,7.599984803311204832e-04,5.403090030958855204e-04,2.520502117014270329e-04,0.000000000000000000e+00,0.000000000000000000e+00,0.000000000000000000e+00,0.000000000000000000e+00,0.000000000000000000e+00,0.000000000000000000e+00,0.000000000000000000e+00,0.000000000000000000e+00,0.000000000000000000e+00,0.000000000000000000e+00,0.000000000000000000e+00,0.000000000000000000e+00,0.000000000000000000e+00,0.000000000000000000e+00,0.000000000000000000e+00,0.000000000000000000e+00,1.058726283564388808e-04,1.917927541443176578e-03,1.967731888142375089e-03,1.884825627420256937e-03,1.829843868794179445e-03,1.804063673818371606e-03,1.793823045895422824e-03,1.775858368706646328e-03,1.728593437436247004e-03,1.644114542231508947e-03,1.534948153576572421e-03,1.431977780298514897e-03,1.373804138669564934e-03,1.391764621296012446e-03,1.496739435000318938e-03,1.673047167495160525e-03,1.881623077430784243e-03,2.070948771979136838e-03,0.000000000000000000e+00,0.000000000000000000e+00,0.000000000000000000e+00,0.000000000000000000e+00,0.000000000000000000e+00,0.000000000000000000e+00,0.000000000000000000e+00,0.000000000000000000e+00,0.000000000000000000e+00,0.000000000000000000e+00,0.000000000000000000e+00,0.000000000000000000e+00,0.000000000000000000e+00,1.503603641442647265e-04,2.455492465431477304e-04,1.786346843572821043e-04,0.000000000000000000e+00,0.000000000000000000e+00,0.000000000000000000e+00,0.000000000000000000e+00,0.000000000000000000e+00,0.000000000000000000e+00,0.000000000000000000e+00,0.000000000000000000e+00,0.000000000000000000e+00,0.000000000000000000e+00,0.000000000000000000e+00,0.000000000000000000e+00,0.000000000000000000e+00,1.047814511620262615e-04,2.506500916793732341e-04,3.857115502524268011e-04,5.093278787262929671e-04,6.211571199610146487e-04,7.211354295366266716e-04,8.094439650417455936e-04,8.864719074261034459e-04,9.527696835763912499e-04,1.009001550383385390e-03,1.055895356447766973e-03,1.094194687438279851e-03,1.124615387506312011e-03,1.147806366050918006e-03,1.164319523212007388e-03,1.174590633027892137e-03,1.178925888211670601e-03,1.177503741826087854e-03,1.170381481183099294e-03,1.157515212427162469e-03,2.191825488744791276e-03,3.186344105702182926e-03,3.972162836245915832e-03,4.492571049004188619e-03,4.726206015963714015e-03,4.686366931105541596e-03,4.417067570537767419e-03,3.986897949513757214e-03,3.480676429729419839e-03,2.988548946756615539e-03,2.592968460952812994e-03,2.355446485812932606e-03,2.306136908844892870e-03,2.439298366205683299e-03,2.716318832071074052e-03,3.075815810070622533e-03,3.448321018874584039e-03,3.771987292273900044e-03,4.005781484369550470e-03,4.137453635295961808e-03,4.184711796749854273e-03,4.189264071388778404e-03,4.204679853241179328e-03,4.280461146494165918e-03,4.446002639217687576e-03,4.698773817121738167e-03,5.000478347104568219e-03,5.283043134577590678e-03,5.463505049502766914e-03,5.464129045349816645e-03,5.232359945659206986e-03,4.755070312386150064e-03,4.063062273135588029e-03,3.224535964532657464e-03,2.329465508359471020e-03,1.469558053697708104e-03,7.197743408650882817e-04,1.266357341841652280e-04,0.000000000000000000e+00,0.000000000000000000e+00,0.000000000000000000e+00,1.580730056619718163e-04,7.616592171321120205e-04,1.256845454225835471e-03,1.569190158010335323e-03,1.649262590833699103e-03,1.478777507243149957e-03,1.069313821128057380e-03,1.445326900445706312e-03,1.968618936119579527e-03,2.515270255469499294e-03,3.065352439881277591e-03,3.595765576347454036e-03,4.080918048246939649e-03,4.492893300915335592e-03,4.801812609728604332e-03,4.978038447632185393e-03,4.997648201078877875e-03,4.850820157465749252e-03,4.550176237531508745e-03,4.134393663482803516e-03,3.663065945596455375e-03,3.202120936261202387e-03,2.803686365197893739e-03,2.487791644135534455e-03,2.233599747734578422e-03,1.984560782561327168e-03,1.666368466680893468e-03,1.211486362055157022e-03,5.816589699050917677e-04,0.000000000000000000e+00,0.000000000000000000e+00,0.000000000000000000e+00,2.513644756194410425e-05,1.188018821799921728e-04,2.009081336588509903e-04,2.708588839106417434e-04,3.282312598427847760e-04,3.727649195200726981e-04,4.043496883986493645e-04,4.230121979571069323e-04,4.289049057373142226e-04,4.222968244918899735e-04,4.035625101580715452e-04,3.731772931167643488e-04,1.056823073786869764e-03,2.085064503213157096e-03,3.037177232538450147e-03,3.825757685598969900e-03,4.362523791846904114e-03,4.580860159252441929e-03,4.455823894322187735e-03,4.013617935446433561e-03,3.687404205952232294e-03,3.769417294079180445e-03,3.600258067279939710e-03,3.155042900752363585e-03,2.432821431143371814e-03,1.459905647952691342e-03,2.903329857824842584e-04,0.000000000000000000e+00,0.000000000000000000e+00,0.000000000000000000e+00,0.000000000000000000e+00,0.000000000000000000e+00,0.000000000000000000e+00,0.000000000000000000e+00,0.000000000000000000e+00,0.000000000000000000e+00,0.000000000000000000e+00,5.144642136811628484e-03,0.000000000000000000e+00,0.000000000000000000e+00,0.000000000000000000e+00,0.000000000000000000e+00,0.000000000000000000e+00,0.000000000000000000e+00,0.000000000000000000e+00,0.000000000000000000e+00,0.000000000000000000e+00,4.410918868986351085e-04,9.070367934089914545e-04,1.086105108418964531e-03,1.872008273610930879e-03,0.000000000000000000e+00,0.000000000000000000e+00,0.000000000000000000e+00,9.655505527349142860e-04,6.011725777807753416e-04,0.000000000000000000e+00,0.000000000000000000e+00,0.000000000000000000e+00,0.000000000000000000e+00,0.000000000000000000e+00,0.000000000000000000e+00,0.000000000000000000e+00,0.000000000000000000e+00,0.000000000000000000e+00,9.384149396751784796e-05,3.738521520687738443e-04,4.451433656739702742e-04,3.116092086374333027e-04,2.233571281140110274e-04,3.314609783032692876e-04,3.704316720055230642e-04,3.118351407684377577e-04,1.460993582350121145e-04,0.000000000000000000e+00,0.000000000000000000e+00,0.000000000000000000e+00,0.000000000000000000e+00,0.000000000000000000e+00,0.000000000000000000e+00,0.000000000000000000e+00,0.000000000000000000e+00,1.957224194817024738e-05,7.738446535542216863e-04,3.081799753363808052e-03,0.000000000000000000e+00,0.000000000000000000e+00,0.000000000000000000e+00,0.000000000000000000e+00,0.000000000000000000e+00,0.000000000000000000e+00,0.000000000000000000e+00,0.000000000000000000e+00,0.000000000000000000e+00,0.000000000000000000e+00,0.000000000000000000e+00,0.000000000000000000e+00,0.000000000000000000e+00,0.000000000000000000e+00,1.791014633632247480e-04,0.000000000000000000e+00,0.000000000000000000e+00,0.000000000000000000e+00,0.000000000000000000e+00,0.000000000000000000e+00,0.000000000000000000e+00,0.000000000000000000e+00,0.000000000000000000e+00,0.000000000000000000e+00,0.000000000000000000e+00,0.000000000000000000e+00,0.000000000000000000e+00,0.000000000000000000e+00,0.000000000000000000e+00,0.000000000000000000e+00,0.000000000000000000e+00,0.000000000000000000e+00,3.442088287813987427e-04,0.000000000000000000e+00,0.000000000000000000e+00,0.000000000000000000e+00,0.000000000000000000e+00,0.000000000000000000e+00,0.000000000000000000e+00,0.000000000000000000e+00,0.000000000000000000e+00,0.000000000000000000e+00,0.000000000000000000e+00,0.000000000000000000e+00,0.000000000000000000e+00,4.513548852748121179e-04,1.591662875694738926e-03,1.806859433469746061e-03,2.401545803820718476e-03,3.072155966208831718e-03,3.800207489935619742e-03,4.542594580232260301e-03,5.239369597799284697e-03,5.825619667111792653e-03,6.243900606294270142e-03,6.453930234897546810e-03,6.437468996018417926e-03,6.198058803754165000e-03,5.756952194309724637e-03,5.147471233937341538e-03,4.409847947111816650e-03,3.587486956226664230e-03,2.724258669421318526e-03,1.861743807056935075e-03,1.035663345544440752e-03
0.000000000000000000e+00,1.339152647722624805e-03,0.000000000000000000e+00,0.000000000000000000e+00,0.000000000000000000e+00,0.000000000000000000e+00,0.000000000000000000e+00,0.000000000000000000e+00,0.000000000000000000e+00,0.000000000000000000e+00,0.000000000000000000e+00,0.000000000000000000e+00,0.000000000000000000e+00,0.000000000000000000e+00,0.000000000000000000e+00,0.000000000000000000e+00,0.000000000000000000e+00,0.000000000000000000e+00,0.000000000000000000e+00,0.000000000000000000e+00,0.000000000000000000e+00,0.000000000000000000e+00,4.240689170847027132e-04,7.114085357816957731e-04,8.008896804642750373e-04,7.193970159771587072e-04,5.074412436703247715e-04,2.058710257830274274e-04,0.000000000000000000e+00,0.000000000000000000e+00,0.000000000000000000e+00,0.000000000000000000e+00,0.000000000000000000e+00,0.000000000000000000e+00,0.000000000000000000e+00,0.000000000000000000e+00,0.000000000000000000e+00,0.000000000000000000e+00,0.000000000000000000e+00,0.000000000000000000e+00,1.018551675376036156e-04,6.463549315720924955e-04,1.266757629538897440e-03,0.000000000000000000e+00,0.000000000000000000e+00,0.000000000000000000e+00,0.000000000000000000e+00,0.000000000000000000e+00,0.000000000000000000e+00,0.000000000000000000e+00,0.000000000000000000e+00,0.000000000000000000e+00,0.000000000000000000e+00,0.000000000000000000e+00,0.000000000000000000e+00,0.000000000000000000e+00,5.756499399265059888e-05,3.698369019426435249e-04,5.229014614488750826e-04,5.369318357065774395e-04,4.444408059710324745e-04,2.773106930956496254e-04,5.779171426444162203e-05,0.000000000000000000e+00,0.000000000000000000e+00,0.000000000000000000e+00,0.000000000000000000e+00,0.000000000000000000e+00,0.000000000000000000e+00,0.000000000000000000e+00,0.000000000000000000e+00,5.890278595471050654e-05,9.575318023220628092e-04,1.836053406443962721e-03,2.599363455188592915e-03,3.161635807999809734e-03,3.463333634762355822e-03,3.482725443076206684e-03,3.238143567246287886e-03,2.780037831580610755e-03,2.175408598576722245e-03,1.490048090835450600e-03,7.748890476792299900e-04,6.101984168408453708e-05,0.000000000000000000e+00,0.000000000000000000e+00,0.000000000000000000e+00,4.107755708173371875e-04,1.069239727196366098e-03,1.781927651374833619e-03,2.538053239245045400e-03,3.301524407521962481e-03,4.015868180541498113e-03,4.613695526307822967e-03,5.028098857176831193e-03,5.204019942392197097e-03,5.108607789741263956e-03,4.740003209060301634e-03,4.133543664637417091e-03,3.363364296781975928e-03,2.896338118328562698e-03,1.504386134143803622e-03,2.317229503884726122e-03,2.692616674254225476e-03,2.582121642985950229e-03,0.000000000000000000e+00,0.000000000000000000e+00,5.531934471184910224e-05,1.203820453057080544e-03,2.185784627427484611e-03,3.235942182632825861e-03,2.923196459280308097e-03,0.000000000000000000e+00,0.000000000000000000e+00,0.000000000000000000e+00,0.000000000000000000e+00,0.000000000000000000e+00,0.000000000000000000e+00,5.534492020820287565e-04,1.208115917040530158e-03,1.838968162933785457e-03,2.362285791592512885e-03,2.700031685344325867e-03,0.000000000000000000e+00,0.000000000000000000e+00,0.000000000000000000e+00,0.000000000000000000e+00,1.180077820800696804e-03,2.526536705420503494e-03,2.857662432045303576e-03,0.000000000000000000e+00,0.000000000000000000e+00,0.000000000000000000e+00,0.000000000000000000e+00,0.000000000000000000e+00,0.000000000000000000e+00,0.000000000000000000e+00,9.887633553614253779e-05,2.413462313951486235e-04,2.886022854722965713e-04,1.302940205768262283e-03,2.160121103261000534e-03,2.790680964875685670e-03,3.159357326920017757e-03,3.265149625618717164e-03,3.144253315067810015e-03,2.864009210776920483e-03,2.508205444208029631e-03,2.157239661721229926e-03,1.868863309502697030e-03,1.665427479366949704e-03,1.531473523498284861e-03,1.421863113410915848e-03,1.277063603260106305e-03,1.040263397766621545e-03,1.283674584627300186e-03,1.693524189783197258e-03,2.654662478985698234e-03,0.000000000000000000e+00,1.076549447466882526e-04,2.434651015497871890e-04,3.671049019475233289e-04,4.784164243580864935e-04,9.911960779967179860e-04,1.590339579697644780e-03,1.920800091640938612e-03,1.912040340444730183e-03,1.539800256787963312e-03,9.113518263430842601e-04,0.000000000000000000e+00,0.000000000000000000e+00,0.000000000000000000e+00,0.000000000000000000e+00,0.000000000000000000e+00,0.000000000000000000e+00,3.910585145812084037e-03,2.259153937839381964e-03,0.000000000000000000e+00,0.000000000000000000e+00,3.321873198848695791e-04,1.425183144198053460e-03,2.373969405400759482e-03,3.155082565785400327e-03,3.766007637163479999e-03,9.890177972186539601e-04,9.911874525521989845e-04,9.694903148513043601e-04,9.320211646890388816e-04,8.937680556063096757e-04,8.778543317931971528e-04,9.104709725732582862e-04,1.011682721520655798e-03,1.186716585222060902e-03,1.422182937918095970e-03,0.000000000000000000e+00,0.000000000000000000e+00,0.000000000000000000e+00,0.000000000000000000e+00,0.000000000000000000e+00,0.000000000000000000e+00,0.000000000000000000e+00,0.000000000000000000e+00,0.000000000000000000e+00,0.000000000000000000e+00,0.000000000000000000e+00,0.000000000000000000e+00,0.000000000000000000e+00,0.000000000000000000e+00,0.000000000000000000e+00,6.300406842415426627e-04,0.000000000000000000e+00,0.000000000000000000e+00,0.000000000000000000e+00,0.000000000000000000e+00,0.000000000000000000e+00,0.000000000000000000e+00,0.000000000000000000e+00,0.000000000000000000e+00,0.000000000000000000e+00,0.000000000000000000e+00,0.000000000000000000e+00,0.000000000000000000e+00,0.000000000000000000e+00,1.111033797893766235e-03,2.612909683071718610e-03,0.000000000000000000e+00,0.000000000000000000e+00,0.000000000000000000e+00,0.000000000000000000e+00,0.000000000000000000e+00,0.000000000000000000e+00,0.000000000000000000e+00,0.000000000000000000e+00,0.000000000000000000e+00,0.000000000000000000e+00,0.000000000000000000e+00,0.000000000000000000e+00,0.000000000000000000e+00,0.000000000000000000e+00,0.000000000000000000e+00,0.000000000000000000e+00,0.000000000000000000e+00,0.000000000000000000e+00,0.000000000000000000e+00,0.000000000000000000e+00,0.000000000000000000e+00,0.000000000000000000e+00,0.000000000000000000e+00,0.000000000000000000e+00,0.000000000000000000e+00,0.000000000000000000e+00,0.000000000000000000e+00,0.000000000000000000e+00,0.000000000000000000e+00,6.526480094045617950e-04,1.108917307712600255e-03,1.281915054139991543e-03,1.157548012245319556e-03,7.770478741571244016e-04,2.261553271755340801e-04,0.000000000000000000e+00,0.000000000000000000e+00,0.000000000000000000e+00,0.000000000000000000e+00,0.000000000000000000e+00,0.000000000000000000e+00,0.000000000000000000e+00,0.000000000000000000e+00,0.000000000000000000e+00,4.708908985439992558e-04,1.051686476775546154e-03,1.673625399290096412e-03,2.333169055438577728e-03,3.008330037843161362e-03,3.655126569686860481e-03,4.213207404874155966e-03,4.618504950521309070e-03,4.818227413103707071e-03,4.783134612286751332e-03,4.858582797163293020e-03,0.000000000000000000e+00,0.000000000000000000e+00,0.000000000000000000e+00,4.121887907344964539e-04,1.559190544144739262e-03,3.491149557315712925e-03,0.000000000000000000e+00,0.000000000000000000e+00,0.000000000000000000e+00,0.000000000000000000e+00,0.000000000000000000e+00,0.000000000000000000e+00,0.000000000000000000e+00,0.000000000000000000e+00,0.000000000000000000e+00,1.908248141619880078e-03,4.395438669690709781e-03,0.000000000000000000e+00,0.000000000000000000e+00,0.000000000000000000e+00,0.000000000000000000e+00,0.000000000000000000e+00,0.000000000000000000e+00,0.000000000000000000e+00,0.000000000000000000e+00,0.000000000000000000e+00,0.000000000000000000e+00,0.000000000000000000e+00,0.000000000000000000e+00,0.000000000000000000e+00,0.000000000000000000e+00,0.000000000000000000e+00,0.000000000000000000e+00,0.000000000000000000e+00,0.000000000000000000e+00,0.000000000000000000e+00,0.000000000000000000e+00,0.000000000000000000e+00,0.000000000000000000e+00,0.000000000000000000e+00,0.000000000000000000e+00,0.000000000000000000e+00,0.000000000000000000e+00,0.000000000000000000e+00,0.000000000000000000e+00,0.000000000000000000e+00,0.000000000000000000e+00,0.000000000000000000e+00,0.000000000000000000e+00,1.115575267169454689e-03,2.630009044374439012e-03,0.000000000000000000e+00,0.000000000000000000e+00,0.000000000000000000e+00,0.000000000000000000e+00,0.000000000000000000e+00,0.000000000000000000e+00,0.000000000000000000e+00,8.434334968831642661e-04,3.462860343912751906e-03,1.953274790856665815e-03,0.000000000000000000e+00,0.000000000000000000e+00,0.000000000000000000e+00,0.000000000000000000e+00,0.000000000000000000e+00,0.000000000000000000e+00,0.000000000000000000e+00,0.000000000000000000e+00,0.000000000000000000e+00,1.515610049019092739e-03,5.318312245604722385e-05,0.000000000000000000e+00,1.723964570765620452e-04,7.523814972689047559e-04,1.563497208492322646e-03,2.466062915175498953e-03,3.312490410579457985e-03,2.532812955219994853e-03,2.672253562102486386e-03,2.576427880804730858e-03,2.271012801144874169e-03,1.811456711197232750e-03,1.268223418598973373e-03,7.140256216115520218e-04,2.145268577341656342e-04,0.000000000000000000e+00,0.000000000000000000e+00,5.345362837379089883e-04,7.493889660947383085e-04,0.000000000000000000e+00,1.981008587691665546e-03,3.046622945841485019e-04,0.000000000000000000e+00,7.022328372120764748e-04,0.000000000000000000e+00,0.000000000000000000e+00,2.856753807796084000e-03,0.000000000000000000e+00,0.000000000000000000e+00,0.000000000000000000e+00,2.168977295048879744e-03,0.000000000000000000e+00,0.000000000000000000e+00,0.000000000000000000e+00,9.855830822261403383e-04,1.060934250591163844e-03,0.000000000000000000e+00,2.753575272866125821e-03,0.000000000000000000e+00,0.000000000000000000e+00,0.000000000000000000e+00,0.000000000000000000e+00,0.000000000000000000e+00,0.000000000000000000e+00,0.000000000000000000e+00,0.000000000000000000e+00,2.389443050465123175e-03,0.000000000000000000e+00,5.932590055050639133e-04
8.296209018386570084e-08,0.000000000000000000e+00,0.000000000000000000e+00,0.000000000000000000e+00,0.000000000000000000e+00,0.000000000000000000e+00,0.000000000000000000e+00,0.000000000000000000e+00,0.000000000000000000e+00,0.000000000000000000e+00,0.000000000000000000e+00,0.000000000000000000e+00,0.000000000000000000e+00,4.174592194294829764e-03,0.000000000000000000e+00,5.146734858240755188e-04,0.000000000000000000e+00,0.000000000000000000e+00,1.842914083897073338e-04,8.595071932785510642e-04,1.442936954599961710e-03,1.930453260655365507e-03,2.316396388423417208e-03,2.594602499110051572e-03,2.762403299752195802e-03,2.825932842820607759e-03,2.804126761596840815e-03,2.728953183548924431e-03,0.000000000000000000e+00,0.000000000000000000e+00,0.000000000000000000e+00,1.036701266304763160e-04,2.862496954629418231e-04,2.812927794858300387e-04,1.538388573182414905e-04,0.000000000000000000e+00,0.000000000000000000e+00,0.000000000000000000e+00,0.000000000000000000e+00,0.000000000000000000e+00,0.000000000000000000e+00,0.000000000000000000e+00,0.000000000000000000e+00,0.000000000000000000e+00,0.000000000000000000e+00,0.000000000000000000e+00,0.000000000000000000e+00,0.000000000000000000e+00,0.000000000000000000e+00,0.000000000000000000e+00,0.000000000000000000e+00,0.000000000000000000e+00,0.000000000000000000e+00,0.000000000000000000e+00,0.000000000000000000e+00,0.000000000000000000e+00,0.000000000000000000e+00,0.000000000000000000e+00,5.917818577458206506e-04,1.644625038174924846e-03,2.513344783085280035e-03,0.000000000000000000e+00,0.000000000000000000e+00,0.000000000000000000e+00,0.000000000000000000e+00,0.000000000000000000e+00,0.000000000000000000e+00,0.000000000000000000e+00,0.000000000000000000e+00,0.000000000000000000e+00,0.000000000000000000e+00,0.000000000000000000e+00,0.000000000000000000e+00,0.000000000000000000e+00,0.000000000000000000e+00,0.000000000000000000e+00,0.000000000000000000e+00,7.782694322523384675e-04,1.827760251870649442e-03,2.905709850459812626e-03,3.866699843349800502e-03,3.702184908405941905e-03,2.010134224926127429e-03,1.430174590223276922e-03,6.587883792704870818e-04,0.000000000000000000e+00,0.000000000000000000e+00,0.000000000000000000e+00,0.000000000000000000e+00,0.000000000000000000e+00,0.000000000000000000e+00,0.000000000000000000e+00,0.000000000000000000e+00,0.000000000000000000e+00,0.000000000000000000e+00,0.000000000000000000e+00,0.000000000000000000e+00,0.000000000000000000e+00,0.000000000000000000e+00,0.000000000000000000e+00,0.000000000000000000e+00,0.000000000000000000e+00,0.000000000000000000e+00,0.000000000000000000e+00,0.000000000000000000e+00,0.000000000000000000e+00,0.000000000000000000e+00,0.000000000000000000e+00,0.000000000000000000e+00,0.000000000000000000e+00,0.000000000000000000e+00,0.000000000000000000e+00,0.000000000000000000e+00,0.000000000000000000e+00,0.000000000000000000e+00,0.000000000000000000e+00,0.000000000000000000e+00,1.202088541490249044e-04,7.369982511667694236e-05,0.000000000000000000e+00,0.000000000000000000e+00,0.000000000000000000e+00,0.000000000000000000e+00,0.000000000000000000e+00,0.000000000000000000e+00,0.000000000000000000e+00,0.000000000000000000e+00,0.000000000000000000e+00,0.000000000000000000e+00,0.000000000000000000e+00,0.000000000000000000e+00,0.000000000000000000e+00,0.000000000000000000e+00,0.000000000000000000e+00,2.012166722273903087e-04,3.527396387083451905e-04,4.270230600334306540e-04,4.156739917581594047e-04,3.315074138574090998e-04,2.130204647048250391e-04,1.203208235258727257e-04,1.225500327028692456e-04,2.803923898977869842e-04,6.293687642577009030e-04,1.169310335469894930e-03,1.862979137416801096e-03,2.643610988964447458e-03,3.428622175888763716e-03,4.135614852897141931e-03,4.697024580406946627e-03,5.070619229685041120e-03,5.244130694805270235e-03,5.233390518836401883e-03,5.074620796681747655e-03,4.812955614815704261e-03,4.490465437510140004e-03,0.000000000000000000e+00,0.000000000000000000e+00,0.000000000000000000e+00,0.000000000000000000e+00,0.000000000000000000e+00,0.000000000000000000e+00,0.000000000000000000e+00,6.985022681592395390e-04,1.482443338957709729e-03,2.088779857262406704e-03,2.442721629079935407e-03,2.465500226669705818e-03,2.097060499432798052e-03,1.321385862737204601e-03,1.854842682274201484e-04,0.000000000000000000e+00,0.000000000000000000e+00,0.000000000000000000e+00,0.000000000000000000e+00,0.000000000000000000e+00,0.000000000000000000e+00,0.000000000000000000e+00,0.000000000000000000e+00,0.000000000000000000e+00,5.206422339977938643e-03,0.000000000000000000e+00,0.000000000000000000e+00,4.087879593752321715e-04,1.410236797062793847e-03,2.571041162410784946e-03,3.695488291188502375e-03,4.597458257964711671e-03,5.133007944276655327e-03,5.222203673036792011e-03,4.857012317763938387e-03,4.095711133105276076e-03,3.047226027203829568e-03,1.850396436578435107e-03,0.000000000000000000e+00,4.052372184326300799e-04,1.727845899581583529e-04,9.758364694313524049e-04,0.000000000000000000e+00,8.836876346874578342e-04,0.000000000000000000e+00,4.651907983451119524e-04,1.765756490511743038e-03,3.175111723683053579e-03,4.255970567094549684e-03,5.343166538170051813e-03,0.000000000000000000e+00,0.000000000000000000e+00,0.000000000000000000e+00,0.000000000000000000e+00,0.000000000000000000e+00,0.000000000000000000e+00,0.000000000000000000e+00,0.000000000000000000e+00,0.000000000000000000e+00,0.000000000000000000e+00,0.000000000000000000e+00,0.000000000000000000e+00,1.020680291485985460e-03,0.000000000000000000e+00,0.000000000000000000e+00,0.000000000000000000e+00,0.000000000000000000e+00,0.000000000000000000e+00,0.000000000000000000e+00,0.000000000000000000e+00,0.000000000000000000e+00,0.000000000000000000e+00,0.000000000000000000e+00,0.000000000000000000e+00,0.000000000000000000e+00,0.000000000000000000e+00,0.000000000000000000e+00,0.000000000000000000e+00,0.000000000000000000e+00,4.540290529737354454e-03,2.952619163253174077e-03,0.000000000000000000e+00,0.000000000000000000e+00,0.000000000000000000e+00,4.679541902835342897e-04,1.599085126818675226e-03,7.907013150830044914e-04,5.996616334215739037e-04,2.547132447441533823e-04,4.414402459720095402e-05,1.163295876638762837e-03,0.000000000000000000e+00,0.000000000000000000e+00,0.000000000000000000e+00,0.000000000000000000e+00,0.000000000000000000e+00,0.000000000000000000e+00,0.000000000000000000e+00,5.660633861938236047e-03,1.573897839928056893e-03,5.973934165287483325e-04,0.000000000000000000e+00,0.000000000000000000e+00,0.000000000000000000e+00,0.000000000000000000e+00,0.000000000000000000e+00,0.000000000000000000e+00,0.000000000000000000e+00,0.000000000000000000e+00,0.000000000000000000e+00,0.000000000000000000e+00,0.000000000000000000e+00,0.000000000000000000e+00,0.000000000000000000e+00,0.000000000000000000e+00,0.000000000000000000e+00,1.416195445075777261e-04,5.360728019630905125e-04,6.921055432154243989e-04,5.993986622145014518e-04,2.585504221224556656e-04,0.000000000000000000e+00,1.977432066558317773e-03,2.081627874419215377e-03,0.000000000000000000e+00,0.000000000000000000e+00,0.000000000000000000e+00,0.000000000000000000e+00,0.000000000000000000e+00,0.000000000000000000e+00,0.000000000000000000e+00,0.000000000000000000e+00,2.502182957401834825e-03,6.295777345365613509e-03,3.430813491199814769e-03,0.000000000000000000e+00,0.000000000000000000e+00,0.000000000000000000e+00,0.000000000000000000e+00,0.000000000000000000e+00,0.000000000000000000e+00,0.000000000000000000e+00,8.821038156688194279e-05,9.492570721187815501e-04,1.766171507512919684e-03,2.525651263673854303e-03,3.219284880209727362e-03,3.837827417266937401e-03,4.365493461170510438e-03,4.775633976386255315e-03,5.028776712642071649e-03,5.074239710235033465e-03,4.856782429299677864e-03,4.328975160391566879e-03,3.467836531232487869e-03,2.291420317939403279e-03,8.690860667266057200e-04,3.072018111342098771e-04,0.000000000000000000e+00,0.000000000000000000e+00,0.000000000000000000e+00,0.000000000000000000e+00,0.000000000000000000e+00,0.000000000000000000e+00,0.000000000000000000e+00,0.000000000000000000e+00,0.000000000000000000e+00,0.000000000000000000e+00,0.000000000000000000e+00,0.000000000000000000e+00,0.000000000000000000e+00,7.918764878456485950e-04,1.748156842542980755e-03,2.499191292069351776e-03,2.989295503425228474e-03,3.208235774758399616e-03,3.191558852789921734e-03,3.009665088309485936e-03,2.747552694415301630e-03,2.480845097392703896e-03,2.255689440411036591e-03,2.079206998902559302e-03,1.923610037489890609e-03,1.742234020113839904e-03,1.491557773743497350e-03,1.151365024412687480e-03,7.361581356960136650e-04,2.941259270460673059e-04,1.887965715530065015e-04,1.457447639460458496e-03,0.000000000000000000e+00,0.000000000000000000e+00,0.000000000000000000e+00,9.696686366671574981e-04,2.184300614054821010e-03,3.435590349900866178e-03,4.625737821394993246e-03,7.484461662686876272e-03,6.556089976853222631e-03,7.225970110807539322e-03,7.683717271386896960e-03,0.000000000000000000e+00,0.000000000000000000e+00,0.000000000000000000e+00,0.000000000000000000e+00,0.000000000000000000e+00,0.000000000000000000e+00,0.000000000000000000e+00,0.000000000000000000e+00,0.000000000000000000e+00,0.000000000000000000e+00,0.000000000000000000e+00,0.000000000000000000e+00,4.067985996054088800e-04,5.469682762298797886e-04,3.231621350844479071e-04,0.000000000000000000e+00,0.000000000000000000e+00,0.000000000000000000e+00,0.000000000000000000e+00,0.000000000000000000e+00,0.000000000000000000e+00,0.000000000000000000e+00,0.000000000000000000e+00,0.000000000000000000e+00,1.229969858707497009e-04,8.583590407739492660e-04,1.713128676420970845e-03,6.397519945386565855e-03,3.464408112244576898e-03,0.000000000000000000e+00,0.000000000000000000e+00,0.000000000000000000e+00,0.000000000000000000e+00,0.000000000000000000e+00,0.000000000000000000e+00,0.000000000000000000e+00,0.000000000000000000e+00,0.000000000000000000e+00,0.000000000000000000e+00,0.000000000000000000e+00,0.000000000000000000e+00,0.000000000000000000e+00,0.000000000000000000e+00
0.000000000000000000e+00,4.900905111306187245e-04,1.312140010760464619e-03,0.000000000000000000e+00,0.000000000000000000e+00,0.000000000000000000e+00,0.000000000000000000e+00,0.000000000000000000e+00,0.000000000000000000e+00,0.000000000000000000e+00,0.000000000000000000e+00,0.000000000000000000e+00,4.718545382501470480e-04,0.000000000000000000e+00,0.000000000000000000e+00,0.000000000000000000e+00,0.000000000000000000e+00,0.000000000000000000e+00,0.000000000000000000e+00,7.897963551987166294e-04,1.611967126341870950e-03,2.329533827188500807e-03,2.915907880942936788e-03,3.335218695543962306e-03,3.549577889948673289e-03,3.528649225055430043e-03,3.258532882039602563e-03,2.747906380634540426e-03,2.540086021759892492e-03,2.329943330120116691e-03,1.909538106811829034e-03,1.385362021419047967e-03,8.468151512332160570e-04,3.515335799808208127e-04,0.000000000000000000e+00,0.000000000000000000e+00,0.000000000000000000e+00,0.000000000000000000e+00,6.548132574092588320e-05,3.986443762426595053e-03,2.758158062091294483e-03,0.000000000000000000e+00,0.000000000000000000e+00,0.000000000000000000e+00,0.000000000000000000e+00,0.000000000000000000e+00,0.000000000000000000e+00,0.000000000000000000e+00,0.000000000000000000e+00,0.000000000000000000e+00,0.000000000000000000e+00,2.701561650210180295e-04,1.220195481421523179e-03,1.967894087503466258e-03,2.465827297967186811e-03,2.691659499065037018e-03,2.651215250815294917e-03,2.376953142373917135e-03,1.921008848852025436e-03,1.344160868093851203e-03,7.039331956094286224e-04,4.554043243642099629e-05,0.000000000000000000e+00,4.900308450513335108e-04,1.115215789204495938e-03,1.579541050131668626e-03,1.849814226290539014e-03,1.926702498053488180e-03,1.839731653444864456e-03,1.636080119861258331e-03,1.368266487323076350e-03,1.084205601703252956e-03,8.204817445103373529e-04,5.980270784846458644e-04,4.195015491679145603e-04,2.689187619106193829e-04,1.149694419841754448e-04,0.000000000000000000e+00,0.000000000000000000e+00,2.727706763888223173e-04,6.685558159648812048e-04,1.049567412748779330e-03,1.413666128172533188e-03,1.745134552998459055e-03,2.018993630828392304e-03,2.208968829103527542e-03,2.295259598867207575e-03,2.268775810345676630e-03,2.130575342718601765e-03,1.887674041701736458e-03,1.548081344784178401e-03,1.118037442240923246e-03,6.031910854194637035e-04,7.777891203862012280e-05,2.100663757963261229e-04,3.332888640301129714e-04,4.469222070162979718e-04,5.505210000024987572e-04,6.437017596567119878e-04,7.261258149923126683e-04,7.974833903269803537e-04,8.574814479796862227e-04,9.058333824460475811e-04,9.422537761180031909e-04,9.664548426825426150e-04,9.781493840793590178e-04,9.770555979172323297e-04,9.629086148801101024e-04,1.373607411701839283e-03,2.376824697247364050e-03,3.405287927477718222e-03,4.406336577563460880e-03,5.317269026842859000e-03,6.070446642537665610e-03,6.600560158570747786e-03,6.854237463658483138e-03,6.800739257790310022e-03,6.440764274098686321e-03,5.809761462263927749e-03,4.973476409512037240e-03,4.016351341452156082e-03,3.026423037737524784e-03,3.393266267587703115e-03,3.552199972830604076e-03,3.373445917061115070e-03,2.867209529068550592e-03,2.098094443706767075e-03,1.182482546995962305e-03,2.722737682176292265e-04,0.000000000000000000e+00,1.500395805471128289e-04,5.399074526658056159e-04,9.167707376648173787e-04,1.209768723551926661e-03,1.362535688269441011e-03,1.486876312389164055e-03,2.153071082147592873e-03,2.589366783937617576e-03,2.753993916976533052e-03,2.667485478705216347e-03,2.399834335399034495e-03,2.047576692860965820e-03,1.707517444726933424e-03,1.454007782976824217e-03,1.325347529091426427e-03,1.322195983827314722e-03,1.417352444316207286e-03,1.572760082821224575e-03,4.796138665739068177e-03,0.000000000000000000e+00,0.000000000000000000e+00,0.000000000000000000e+00,0.000000000000000000e+00,0.000000000000000000e+00,0.000000000000000000e+00,0.000000000000000000e+00,0.000000000000000000e+00,0.000000000000000000e+00,0.000000000000000000e+00,0.000000000000000000e+00,0.000000000000000000e+00,0.000000000000000000e+00,0.000000000000000000e+00,0.000000000000000000e+00,7.945955552430092762e-04,1.587277253982332130e-03,2.316954158947081600e-03,2.970332169903979348e-03,4.998748421064037710e-03,0.000000000000000000e+00,0.000000000000000000e+00,0.000000000000000000e+00,0.000000000000000000e+00,0.000000000000000000e+00,0.000000000000000000e+00,0.000000000000000000e+00,0.000000000000000000e+00,0.000000000000000000e+00,0.000000000000000000e+00,0.000000000000000000e+00,0.000000000000000000e+00,2.398865224055926181e-03,1.618941863492686902e-03,0.000000000000000000e+00,0.000000000000000000e+00,0.000000000000000000e+00,6.201856885540781060e-04,1.925565842105858745e-03,3.234189856530494261e-03,4.449067784320575626e-03,5.496826290900212568e-03,6.327111636327637997e-03,6.906750348822154884e-03,7.213248370153934642e-03,7.231437508807867648e-03,0.000000000000000000e+00,0.000000000000000000e+00,0.000000000000000000e+00,0.000000000000000000e+00,0.000000000000000000e+00,0.000000000000000000e+00,0.000000000000000000e+00,0.000000000000000000e+00,0.000000000000000000e+00,0.000000000000000000e+00,0.000000000000000000e+00,0.000000000000000000e+00,0.000000000000000000e+00,0.000000000000000000e+00,0.000000000000000000e+00,0.000000000000000000e+00,5.693538543714125747e-04,1.619505195606628584e-03,8.960123852202896534e-04,6.174392082896560394e-04,9.875916689452635057e-05,0.000000000000000000e+00,0.000000000000000000e+00,0.000000000000000000e+00,0.000000000000000000e+00,0.000000000000000000e+00,0.000000000000000000e+00,0.000000000000000000e+00,0.000000000000000000e+00,0.000000000000000000e+00,0.000000000000000000e+00,0.000000000000000000e+00,0.000000000000000000e+00,4.298777594361771976e-04,6.031669068964269111e-04,4.629837352781577316e-04,8.003999218384257622e-06,0.000000000000000000e+00,0.000000000000000000e+00,0.000000000000000000e+00,0.000000000000000000e+00,0.000000000000000000e+00,0.000000000000000000e+00,0.000000000000000000e+00,0.000000000000000000e+00,0.000000000000000000e+00,0.000000000000000000e+00,0.000000000000000000e+00,1.128503041932957615e-04,5.456213455818529961e-04,7.313052665319475735e-04,6.534643041396153785e-04,3.294291714805836998e-04,1.470136079239417064e-05,0.000000000000000000e+00,0.000000000000000000e+00,0.000000000000000000e+00,0.000000000000000000e+00,0.000000000000000000e+00,0.000000000000000000e+00,0.000000000000000000e+00,0.000000000000000000e+00,0.000000000000000000e+00,5.632655043106167909e-06,3.085746215280581769e-04,5.430560839420744143e-04,5.115640110538125385e-04,2.610869294379980499e-03,1.905245709713886799e-04,0.000000000000000000e+00,0.000000000000000000e+00,1.585063518795118735e-04,8.818526272817354787e-04,2.551094878288167299e-03,2.043929141314597062e-03,2.339526875402784742e-03,2.548585114494584733e-03,2.436336203716935565e-03,0.000000000000000000e+00,0.000000000000000000e+00,0.000000000000000000e+00,0.000000000000000000e+00,0.000000000000000000e+00,1.985189964122988527e-03,0.000000000000000000e+00,1.123397952640639962e-05,4.602261292193307054e-06,1.066428073108203670e-04,4.012489987509175178e-04,9.137674840939070042e-04,1.242452833245219794e-03,1.361886483473899673e-03,1.294699845707595817e-03,1.099840079909903279e-03,6.514374006020938598e-04,2.861458182784683865e-04,0.000000000000000000e+00,0.000000000000000000e+00,0.000000000000000000e+00,0.000000000000000000e+00,0.000000000000000000e+00,0.000000000000000000e+00,0.000000000000000000e+00,0.000000000000000000e+00,2.954010745301352504e-04,6.242617030548444634e-04,8.503194256244584089e-04,0.000000000000000000e+00,0.000000000000000000e+00,0.000000000000000000e+00,0.000000000000000000e+00,3.826618158238455597e-04,8.431869680786109817e-04,1.249313835021730089e-03,1.537610087857326467e-03,1.665521092556889989e-03,1.621255041031535856e-03,1.426705933850211687e-03,1.421698823748928763e-03,1.648987281626012854e-03,1.651415417954530621e-03,1.446705899916884454e-03,1.081893333941548246e-03,6.242001494025739648e-04,1.490489026093025804e-04,0.000000000000000000e+00,0.000000000000000000e+00,8.530787013881911858e-04,0.000000000000000000e+00,0.000000000000000000e+00,4.291400454375378479e-04,0.000000000000000000e+00,4.433514902180830231e-05,0.000000000000000000e+00,0.000000000000000000e+00,0.000000000000000000e+00,1.167599030473727586e-04,2.235996587987665416e-04,2.519385025877900696e-04,1.373485347461677025e-04,0.000000000000000000e+00,0.000000000000000000e+00,0.000000000000000000e+00,0.000000000000000000e+00,0.000000000000000000e+00,0.000000000000000000e+00,0.000000000000000000e+00,0.000000000000000000e+00,0.000000000000000000e+00,0.000000000000000000e+00,0.000000000000000000e+00,0.000000000000000000e+00,0.000000000000000000e+00,0.000000000000000000e+00,0.000000000000000000e+00,0.000000000000000000e+00,0.000000000000000000e+00,6.267737636429064618e-04,6.344800862905549798e-04,1.215023628077842527e-03,1.990452120352355012e-03,0.000000000000000000e+00,0.000000000000000000e+00,0.000000000000000000e+00,0.000000000000000000e+00,0.000000000000000000e+00,0.000000000000000000e+00,0.000000000000000000e+00,0.000000000000000000e+00,3.290463241165029985e-04,8.466743979026456791e-04,1.306887821486544870e-03,1.666107586459322949e-03,1.876344436360865685e-03,1.890099518611939320e-03,1.670142837407682804e-03,1.201482330274918119e-03,5.019796508256110139e-04,0.000000000000000000e+00,0.000000000000000000e+00,0.000000000000000000e+00,0.000000000000000000e+00,0.000000000000000000e+00,0.000000000000000000e+00,0.000000000000000000e+00,0.000000000000000000e+00,0.000000000000000000e+00,6.586729990610458180e-04,6.874063086821290093e-04,2.362706938575364138e-03,0.000000000000000000e+00,0.000000000000000000e+00,0.000000000000000000e+00,2.042962958993445744e-04,8.303699259866377004e-04,1.426900470272597600e-03,1.939879013587297559e-03,2.350192985633240469e-03,2.662223916041585054e-03,2.888799913806650629e-03,3.040024857115658941e-03,3.119739146389271644e-03,3.128336620563686599e-03,3.067210827628143004e-03,2.940172314817694928e-03
7.941495903544876253e-08,0.000000000000000000e+00,4.629657287070151770e-05,0.000000000000000000e+00,0.000000000000000000e+00,0.000000000000000000e+00,0.000000000000000000e+00,0.000000000000000000e+00,0.000000000000000000e+00,0.000000000000000000e+00,0.000000000000000000e+00,0.000000000000000000e+00,0.000000000000000000e+00,0.000000000000000000e+00,1.758828328247757792e-03,3.687191433441925834e-03,5.411813744783153246e-03,0.000000000000000000e+00,0.000000000000000000e+00,0.000000000000000000e+00,0.000000000000000000e+00,0.000000000000000000e+00,0.000000000000000000e+00,0.000000000000000000e+00,5.702088919136574048e-05,7.188711897766629673e-04,1.106373256872741299e-03,1.382864946484306653e-03,1.518215312038265728e-03,1.490023366189369234e-03,1.288847754411113090e-03,9.235727881484658702e-04,8.827736198303852595e-04,9.675242043703141713e-04,1.060695037054583531e-03,0.000000000000000000e+00,0.000000000000000000e+00,2.646545221779848973e-04,9.313467365960193109e-04,1.521804091723741098e-03,2.024930424761317571e-03,2.434552730595153369e-03,2.748736329530731149e-03,2.968645038750731581e-03,3.096628685229953649e-03,3.134099909333596268e-03,3.080422598839962188e-03,2.933877057831591612e-03,2.694626922801950184e-03,2.368201250072954865e-03,1.967336828859784711e-03,1.510769630531685155e-03,1.019355193869612205e-03,5.115956180373566406e-04,1.112970924856397065e-06,0.000000000000000000e+00,0.000000000000000000e+00,0.000000000000000000e+00,0.000000000000000000e+00,0.000000000000000000e+00,0.000000000000000000e+00,0.000000000000000000e+00,0.000000000000000000e+00,1.889619938479931017e-04,3.563827456936087806e-04,2.674045483251165432e-04,0.000000000000000000e+00,0.000000000000000000e+00,0.000000000000000000e+00,0.000000000000000000e+00,0.000000000000000000e+00,0.000000000000000000e+00,0.000000000000000000e+00,0.000000000000000000e+00,0.000000000000000000e+00,0.000000000000000000e+00,0.000000000000000000e+00,0.000000000000000000e+00,0.000000000000000000e+00,0.000000000000000000e+00,0.000000000000000000e+00,0.000000000000000000e+00,0.000000000000000000e+00,0.000000000000000000e+00,0.000000000000000000e+00,0.000000000000000000e+00,0.000000000000000000e+00,0.000000000000000000e+00,0.000000000000000000e+00,0.000000000000000000e+00,0.000000000000000000e+00,0.000000000000000000e+00,0.000000000000000000e+00,0.000000000000000000e+00,1.212090791522363038e-04,3.968082762754533742e-04,6.388296224197431792e-04,8.373588735891255869e-04,9.949809869411795158e-04,1.126434570198731489e-03,1.253158671876715598e-03,1.394805189611820215e-03,1.560893944960363260e-03,1.745536596144540206e-03,1.926882528788607723e-03,2.071336267117503474e-03,2.141295838326339428e-03,2.104471416189588554e-03,2.356011925746307606e-03,3.313317794616647306e-03,2.916906911298834931e-03,4.094893561783607971e-03,5.084778684549029308e-03,0.000000000000000000e+00,0.000000000000000000e+00,0.000000000000000000e+00,0.000000000000000000e+00,0.000000000000000000e+00,0.000000000000000000e+00,0.000000000000000000e+00,0.000000000000000000e+00,0.000000000000000000e+00,0.000000000000000000e+00,0.000000000000000000e+00,0.000000000000000000e+00,0.000000000000000000e+00,0.000000000000000000e+00,0.000000000000000000e+00,0.000000000000000000e+00,0.000000000000000000e+00,0.000000000000000000e+00,1.066084797917827941e-04,3.880038453676925604e-05,0.000000000000000000e+00,0.000000000000000000e+00,0.000000000000000000e+00,0.000000000000000000e+00,0.000000000000000000e+00,0.000000000000000000e+00,0.000000000000000000e+00,0.000000000000000000e+00,0.000000000000000000e+00,0.000000000000000000e+00,0.000000000000000000e+00,0.000000000000000000e+00,0.000000000000000000e+00,0.000000000000000000e+00,0.000000000000000000e+00,0.000000000000000000e+00,0.000000000000000000e+00,0.000000000000000000e+00,0.000000000000000000e+00,0.000000000000000000e+00,0.000000000000000000e+00,0.000000000000000000e+00,0.000000000000000000e+00,0.000000000000000000e+00,0.000000000000000000e+00,0.000000000000000000e+00,0.000000000000000000e+00,0.000000000000000000e+00,0.000000000000000000e+00,0.000000000000000000e+00,0.000000000000000000e+00,0.000000000000000000e+00,0.000000000000000000e+00,0.000000000000000000e+00,1.294358921768722667e-04,1.419026157250837016e-03,0.000000000000000000e+00,0.000000000000000000e+00,0.000000000000000000e+00,0.000000000000000000e+00,0.000000000000000000e+00,0.000000000000000000e+00,0.000000000000000000e+00,0.000000000000000000e+00,0.000000000000000000e+00,0.000000000000000000e+00,0.000000000000000000e+00,0.000000000000000000e+00,0.000000000000000000e+00,0.000000000000000000e+00,0.000000000000000000e+00,0.000000000000000000e+00,0.000000000000000000e+00,0.000000000000000000e+00,0.000000000000000000e+00,0.000000000000000000e+00,8.710394635196881197e-04,1.827337644872131881e-03,2.546210126748673763e-03,2.002359569463716196e-03,1.798410771701599610e-03,1.572744182157473402e-03,1.377755072520131865e-03,1.250069201966841825e-03,1.204333380521486856e-03,1.232055106117793935e-03,1.305357646805452559e-03,1.384759591591776598e-03,1.739895832801084154e-03,2.273531643654484822e-03,2.682731685484067343e-03,2.920864174629335744e-03,2.952934700500767576e-03,2.766025109602970444e-03,2.376924320194310613e-03,1.833150095992007933e-03,1.205952913977384163e-03,5.770847602214818550e-04,2.352010082438916669e-05,0.000000000000000000e+00,0.000000000000000000e+00,0.000000000000000000e+00,0.000000000000000000e+00,0.000000000000000000e+00,4.887331103015998558e-05,0.000000000000000000e+00,0.000000000000000000e+00,0.000000000000000000e+00,0.000000000000000000e+00,3.039935464119531338e-04,1.064554118695046738e-03,1.960222154856899619e-03,3.008552247633008124e-03,4.196819809121656031e-03,5.472350379977107895e-03,6.743642276147396829e-03,7.893491361238786155e-03,8.801318074096729435e-03,0.000000000000000000e+00,0.000000000000000000e+00,0.000000000000000000e+00,0.000000000000000000e+00,0.000000000000000000e+00,3.593272778897241954e-04,0.000000000000000000e+00,0.000000000000000000e+00,0.000000000000000000e+00,0.000000000000000000e+00,0.000000000000000000e+00,0.000000000000000000e+00,0.000000000000000000e+00,0.000000000000000000e+00,0.000000000000000000e+00,0.000000000000000000e+00,0.000000000000000000e+00,0.000000000000000000e+00,2.116161489980416621e-04,5.260713502149826906e-04,7.707694762598614425e-04,9.794158921012290162e-04,1.170251589366745268e-03,2.736746684325741877e-03,0.000000000000000000e+00,0.000000000000000000e+00,0.000000000000000000e+00,0.000000000000000000e+00,3.762845984084877511e-04,1.052069907295117603e-03,4.314482473962725530e-03,2.159491108926402114e-03,2.506098165798720679e-03,0.000000000000000000e+00,0.000000000000000000e+00,0.000000000000000000e+00,0.000000000000000000e+00,0.000000000000000000e+00,0.000000000000000000e+00,0.000000000000000000e+00,0.000000000000000000e+00,0.000000000000000000e+00,0.000000000000000000e+00,0.000000000000000000e+00,0.000000000000000000e+00,0.000000000000000000e+00,0.000000000000000000e+00,0.000000000000000000e+00,0.000000000000000000e+00,0.000000000000000000e+00,0.000000000000000000e+00,0.000000000000000000e+00,0.000000000000000000e+00,0.000000000000000000e+00,0.000000000000000000e+00,0.000000000000000000e+00,0.000000000000000000e+00,0.000000000000000000e+00,0.000000000000000000e+00,1.585968365821883140e-04,2.873168352214279064e-04,3.275534888162117504e-04,2.627731629674572369e-04,1.013168946634452602e-04,0.000000000000000000e+00,0.000000000000000000e+00,0.000000000000000000e+00,0.000000000000000000e+00,0.000000000000000000e+00,3.421162895158087898e-04,9.454813791639766606e-04,1.618864958956827381e-03,2.277633726861977986e-03,2.851482504011766585e-03,3.298138982845184950e-03,3.605981038516315861e-03,3.786812094733030525e-03,3.863805585003067360e-03,0.000000000000000000e+00,0.000000000000000000e+00,0.000000000000000000e+00,0.000000000000000000e+00,0.000000000000000000e+00,0.000000000000000000e+00,0.000000000000000000e+00,0.000000000000000000e+00,0.000000000000000000e+00,0.000000000000000000e+00,0.000000000000000000e+00,0.000000000000000000e+00,5.629113504108901149e-04,1.554476127314030143e-03,2.506121234052731666e-03,3.529466741628244694e-03,3.518512313731545632e-03,3.506367832688851716e-03,3.271569799814326093e-03,2.895620405021219479e-03,2.473871111614029533e-03,2.090288508549016742e-03,1.798261682741155712e-03,1.613137581000597407e-03,1.517277008458950806e-03,1.473656716631926381e-03,1.441598691798701322e-03,1.388926114886358419e-03,1.297888778780930232e-03,1.165536557032943862e-03,1.001140004392843267e-03,8.230202935412843151e-04,6.556403956318316347e-04,6.846030532795280244e-04,7.571809269840595923e-04,8.263302875769709286e-04,8.915236768939202236e-04,9.523652016510778277e-04,1.046679418401518956e-03,1.350467955194250462e-03,1.663112142574771661e-03,1.950116982496706173e-03,2.175419559818124633e-03,2.302356975830926241e-03,2.297150911883548245e-03,2.136358242054838073e-03,1.817242588289871190e-03,1.367302229185769248e-03,1.329942146435147401e-03,1.343117213315266718e-03,1.353883403908032841e-03,1.362413875569968126e-03,1.368838233356127216e-03,1.118535878428654831e-03,5.540597699480619880e-04,0.000000000000000000e+00,0.000000000000000000e+00,0.000000000000000000e+00,0.000000000000000000e+00,0.000000000000000000e+00,0.000000000000000000e+00,0.000000000000000000e+00,4.483644246712748492e-04,1.175672572706498329e-03,6.405493673108837716e-04,6.920735129755519821e-04,6.689216704221896074e-04,5.845834160874362716e-04,4.582976372735814326e-04,3.078814391746837365e-04,1.450888978864834028e-04,0.000000000000000000e+00,0.000000000000000000e+00,0.000000000000000000e+00,0.000000000000000000e+00,0.000000000000000000e+00,0.000000000000000000e+00,0.000000000000000000e+00,0.000000000000000000e+00,0.000000000000000000e+00,0.000000000000000000e+00,1.730192422354211797e-04,3.565190834202646396e-04,4.897694894334207998e-04,0.000000000000000000e+00,0.000000000000000000e+00,0.000000000000000000e+00,0.000000000000000000e+00,0.000000000000000000e+00,0.000000000000000000e+00,3.792813552511611243e-06
0.000000000000000000e+00,7.252874947240575340e-04,0.000000000000000000e+00,0.000000000000000000e+00,0.000000000000000000e+00,0.000000000000000000e+00,0.000000000000000000e+00,0.000000000000000000e+00,0.000000000000000000e+00,0.000000000000000000e+00,0.000000000000000000e+00,0.000000000000000000e+00,0.000000000000000000e+00,0.000000000000000000e+00,0.000000000000000000e+00,0.000000000000000000e+00,0.000000000000000000e+00,0.000000000000000000e+00,0.000000000000000000e+00,0.000000000000000000e+00,0.000000000000000000e+00,0.000000000000000000e+00,0.000000000000000000e+00,0.000000000000000000e+00,0.000000000000000000e+00,0.000000000000000000e+00,0.000000000000000000e+00,0.000000000000000000e+00,7.846298357092537645e-04,2.274319183108961494e-03,1.144631279763000864e-03,1.489443724679176059e-03,1.785610886956365533e-03,1.980199582801656089e-03,2.028622529455043934e-03,1.906508695258958379e-03,1.615658434696343008e-03,1.183612697750541926e-03,6.586631521808437514e-04,1.027724056818791196e-04,0.000000000000000000e+00,0.000000000000000000e+00,0.000000000000000000e+00,0.000000000000000000e+00,0.000000000000000000e+00,0.000000000000000000e+00,0.000000000000000000e+00,4.831396497593817125e-04,1.000350052054247091e-03,1.358882640582575541e-03,1.472268215306721988e-03,1.294891956217170169e-03,8.318846486029880154e-04,1.362256701694194343e-04,0.000000000000000000e+00,0.000000000000000000e+00,3.127565539157780173e-04,7.691795625783594834e-04,1.254043567036502429e-03,1.756456076289567101e-03,2.244409274538668002e-03,2.670526749898383297e-03,2.984491239788056739e-03,3.148503458926863504e-03,3.149952608796538055e-03,3.005731096330883142e-03,2.755724485575767289e-03,2.447755916283946096e-03,2.120293305979003944e-03,1.790424495006147278e-03,1.452299296534937658e-03,1.086471394335509003e-03,6.757472655392471458e-04,2.204130326520541345e-04,0.000000000000000000e+00,0.000000000000000000e+00,0.000000000000000000e+00,0.000000000000000000e+00,0.000000000000000000e+00,0.000000000000000000e+00,0.000000000000000000e+00,4.616441588706651994e-04,1.062357482572712144e-03,1.666431000222973668e-03,2.269426256670398212e-03,2.875944683480000531e-03,3.497419277913786477e-03,4.141099763196412833e-03,4.795218057355958054e-03,5.417924587395223784e-03,5.936655668906813503e-03,6.260613897555531576e-03,6.303660450886332603e-03,6.010494432564242144e-03,5.377275479667259842e-03,4.459482138909417678e-03,3.363945706557146254e-03,2.227031493600635601e-03,1.185041230150336682e-03,1.297943889688051499e-03,1.626631681832146426e-03,1.657817321930349580e-03,1.308596151962243548e-03,5.523152293730145598e-04,0.000000000000000000e+00,0.000000000000000000e+00,0.000000000000000000e+00,0.000000000000000000e+00,0.000000000000000000e+00,0.000000000000000000e+00,0.000000000000000000e+00,0.000000000000000000e+00,0.000000000000000000e+00,0.000000000000000000e+00,5.264933547959505964e-04,1.390259090220547205e-03,2.281351600083989049e-03,3.101099009356443961e-03,3.762008838276983264e-03,4.206129674652987413e-03,4.416400061692779370e-03,4.417544463086406706e-03,4.266589341462377789e-03,4.036478412959919326e-03,3.798109955181004638e-03,3.605853700250766670e-03,3.489636314283599532e-03,3.454109930860305849e-03,3.483290744557542788e-03,3.548062391862917379e-03,3.666775897802767616e-03,3.964791972794767111e-03,3.284543493906689538e-04,7.862562805932729701e-05,0.000000000000000000e+00,0.000000000000000000e+00,0.000000000000000000e+00,0.000000000000000000e+00,0.000000000000000000e+00,0.000000000000000000e+00,5.712931313078171519e-05,2.906334926650292090e-04,4.177490590791254634e-04,4.374303161399941656e-04,3.493237582872276217e-04,1.526469371595262669e-04,0.000000000000000000e+00,0.000000000000000000e+00,1.611838423056415406e-04,1.515988740934616952e-04,0.000000000000000000e+00,0.000000000000000000e+00,0.000000000000000000e+00,0.000000000000000000e+00,0.000000000000000000e+00,0.000000000000000000e+00,0.000000000000000000e+00,0.000000000000000000e+00,0.000000000000000000e+00,1.356225013851154293e-04,5.104565224361785804e-04,1.019384356418510940e-03,1.392654176081994368e-03,1.585164034963297899e-03,1.625965303428334374e-03,1.631844161797178002e-03,2.011358354475594259e-03,9.985607294336130198e-04,1.539698469875252357e-03,2.077137610240824619e-03,0.000000000000000000e+00,0.000000000000000000e+00,0.000000000000000000e+00,0.000000000000000000e+00,0.000000000000000000e+00,0.000000000000000000e+00,0.000000000000000000e+00,6.531944620544459816e-05,3.089238467587242915e-04,5.441191849198176575e-04,7.682595497981301773e-04,9.786970227230510321e-04,1.172827825856437474e-03,1.348144476531123711e-03,1.502288925272806134e-03,1.633110831611756138e-03,1.738727241878677268e-03,1.817577217354546379e-03,1.868478947985717942e-03,1.890676772083820043e-03,1.883886216344001288e-03,1.848322899388845633e-03,1.784726373505780275e-03,1.694368426590602602e-03,1.579045048495896159e-03,1.441057336790225411e-03,1.283174643142554394e-03,1.108583672457549504e-03,9.208232407697075324e-04,7.237110804310281946e-04,5.212543118496457909e-04,3.175581205236507496e-04,1.167297630145637088e-04,0.000000000000000000e+00,0.000000000000000000e+00,0.000000000000000000e+00,0.000000000000000000e+00,0.000000000000000000e+00,0.000000000000000000e+00,0.000000000000000000e+00,0.000000000000000000e+00,0.000000000000000000e+00,0.000000000000000000e+00,0.000000000000000000e+00,0.000000000000000000e+00,9.229462811025588556e-05,3.089236667242437496e-04,4.281078470646214069e-04,4.180124817621650411e-04,2.564667471158701539e-04,0.000000000000000000e+00,0.000000000000000000e+00,8.474325771663568222e-05,2.617496910380614399e-04,4.411212520209938028e-04,6.205715341386649304e-04,7.980102560036167816e-04,9.715724272949393140e-04,1.139640215394430080e-03,1.300859852225871817e-03,1.454147543969312338e-03,1.598695017471464834e-03,1.733960535302131283e-03,1.859662148249876341e-03,1.975758413786317912e-03,2.082428804545223295e-03,2.180044926847143644e-03,2.269142509910346186e-03,0.000000000000000000e+00,0.000000000000000000e+00,0.000000000000000000e+00,0.000000000000000000e+00,0.000000000000000000e+00,0.000000000000000000e+00,0.000000000000000000e+00,0.000000000000000000e+00,0.000000000000000000e+00,0.000000000000000000e+00,0.000000000000000000e+00,0.000000000000000000e+00,0.000000000000000000e+00,4.073183909195676505e-04,1.310897130924013705e-03,2.069624656490279616e-03,2.616098321615452447e-03,2.887907623771376886e-03,2.837179305180402653e-03,2.444226823019077233e-03,1.729503866838670361e-03,7.574273349065126486e-04,0.000000000000000000e+00,2.350813336129556417e-04,2.792901545988133697e-04,5.438172339851832671e-05,0.000000000000000000e+00,0.000000000000000000e+00,0.000000000000000000e+00,0.000000000000000000e+00,0.000000000000000000e+00,0.000000000000000000e+00,0.000000000000000000e+00,0.000000000000000000e+00,0.000000000000000000e+00,1.011181367369678834e-03,7.995390625337528076e-03,5.513828104502177876e-03,0.000000000000000000e+00,0.000000000000000000e+00,4.575058551306392367e-05,2.309732301346047179e-04,4.003932636327004412e-04,5.512172361210167324e-04,6.808979579198400989e-04,1.859304246957591954e-03,3.152938015886263753e-03,4.262648440454754224e-03,4.165557588209306203e-03,4.721334150106960489e-03,5.004066381309104673e-03,5.044452629558103182e-03,4.897525847370102700e-03,4.629404259724047982e-03,4.303765616375387557e-03,1.098040852107229869e-02,0.000000000000000000e+00,0.000000000000000000e+00,0.000000000000000000e+00,0.000000000000000000e+00,0.000000000000000000e+00,0.000000000000000000e+00,0.000000000000000000e+00,0.000000000000000000e+00,1.195786728088525999e-03,0.000000000000000000e+00,0.000000000000000000e+00,0.000000000000000000e+00,0.000000000000000000e+00,0.000000000000000000e+00,0.000000000000000000e+00,0.000000000000000000e+00,1.040352250394868932e-03,0.000000000000000000e+00,0.000000000000000000e+00,0.000000000000000000e+00,0.000000000000000000e+00,0.000000000000000000e+00,0.000000000000000000e+00,0.000000000000000000e+00,0.000000000000000000e+00,0.000000000000000000e+00,0.000000000000000000e+00,0.000000000000000000e+00,0.000000000000000000e+00,1.668780566283382298e-03,5.750672229227928164e-04,1.004354098895125866e-03,9.896060604248286315e-04,7.486404817181600054e-04,2.305533572132881237e-03,3.998045638157493413e-03,5.610414780846702601e-03,6.933139082863151725e-03,7.799159065974020470e-03,8.112932388531647609e-03,7.865524697364225867e-03,7.132108365571179949e-03,6.052604170052606168e-03,4.800219796760088128e-03,3.545296707313867063e-03,2.422695726684265163e-03,1.509989799017627228e-03,8.210658357584411319e-04,3.158195673938686034e-04,1.575576098213543391e-04,5.537642056075623266e-04,8.015410553584786674e-04,8.586585219437948158e-04,7.460414798628108588e-04,5.328852880104818692e-04,3.053128909994789705e-04,1.320316873056087855e-04,4.057470345062494778e-05,1.226011247139166610e-05,0.000000000000000000e+00,0.000000000000000000e+00,0.000000000000000000e+00,0.000000000000000000e+00,0.000000000000000000e+00,0.000000000000000000e+00,0.000000000000000000e+00,0.000000000000000000e+00,0.000000000000000000e+00,4.898269254768961234e-05,2.458716453414894394e-04,8.984947302041473719e-04,1.528345108329662045e-03,2.322826508480113541e-03,0.000000000000000000e+00,0.000000000000000000e+00,0.000000000000000000e+00,0.000000000000000000e+00,0.000000000000000000e+00,0.000000000000000000e+00,0.000000000000000000e+00,1.501449856849822347e-04,3.067485226899832260e-04,4.896149726706138438e-04,7.173297025430817094e-04,9.941671383442163019e-04,1.305842286952530297e-03,1.621373889489538620e-03,0.000000000000000000e+00,0.000000000000000000e+00,0.000000000000000000e+00,0.000000000000000000e+00,0.000000000000000000e+00,0.000000000000000000e+00,0.000000000000000000e+00,0.000000000000000000e+00,0.000000000000000000e+00,0.000000000000000000e+00,3.391183061841899962e-04,1.097122068716994405e-03,0.000000000000000000e+00,0.000000000000000000e+00,0.000000000000000000e+00,0.000000000000000000e+00,0.000000000000000000e+00,0.000000000000000000e+00,0.000000000000000000e+00
1.247969063534311996e-07,1.751531620013594900e-03,0.000000000000000000e+00,0.000000000000000000e+00,0.000000000000000000e+00,0.000000000000000000e+00,0.000000000000000000e+00,0.000000000000000000e+00,0.000000000000000000e+00,0.000000000000000000e+00,0.000000000000000000e+00,0.000000000000000000e+00,0.000000000000000000e+00,0.000000000000000000e+00,0.000000000000000000e+00,0.000000000000000000e+00,0.000000000000000000e+00,0.000000000000000000e+00,0.000000000000000000e+00,0.000000000000000000e+00,0.000000000000000000e+00,0.000000000000000000e+00,7.961476391167148252e-04,5.275543934786560384e-03,7.951093335063560020e-04,0.000000000000000000e+00,1.373064334793203873e-05,2.427815477134660175e-04,4.802235575269950566e-04,1.136503037512427055e-03,2.841878993620169155e-03,4.532372524493915103e-03,6.099167845690900078e-03,7.432391948501764108e-03,8.436063288149425049e-03,9.045491756514980122e-03,9.241209709513767412e-03,9.054224737606454687e-03,8.560146672667303183e-03,7.863203579421338199e-03,7.074070719564275363e-03,6.286977215280414172e-03,5.561705756497637224e-03,4.914848287707052933e-03,4.322333740451478161e-03,3.732200920061025384e-03,3.083710916624833685e-03,2.327193906169106302e-03,1.439189364252847943e-03,4.294330715787614793e-04,0.000000000000000000e+00,0.000000000000000000e+00,0.000000000000000000e+00,0.000000000000000000e+00,0.000000000000000000e+00,0.000000000000000000e+00,0.000000000000000000e+00,0.000000000000000000e+00,6.935338633637293335e-04,1.609193439772378534e-03,2.215195186843454001e-03,2.485025989592677849e-03,2.455697696803717332e-03,2.300579665268716930e-03,8.853272136293865221e-04,2.106603281732842645e-03,3.320013891363115394e-03,4.000267943554779507e-03,4.055821136239079298e-03,3.490525625603543326e-03,2.407521727677856046e-03,9.952699544670410084e-04,0.000000000000000000e+00,0.000000000000000000e+00,0.000000000000000000e+00,0.000000000000000000e+00,0.000000000000000000e+00,0.000000000000000000e+00,0.000000000000000000e+00,0.000000000000000000e+00,0.000000000000000000e+00,0.000000000000000000e+00,0.000000000000000000e+00,0.000000000000000000e+00,0.000000000000000000e+00,0.000000000000000000e+00,0.000000000000000000e+00,8.166477352965932418e-04,1.960128588086858942e-03,3.336090838522347800e-03,3.199121420264614858e-03,2.666701355452019435e-03,2.002545625591423389e-03,1.300283468129468734e-03,6.533845911223129001e-04,1.406475246991599178e-04,0.000000000000000000e+00,0.000000000000000000e+00,0.000000000000000000e+00,1.966268117633618090e-04,7.637966003208179755e-04,1.522679306050653009e-03,2.442633788630896741e-03,3.481886262014618778e-03,0.000000000000000000e+00,0.000000000000000000e+00,0.000000000000000000e+00,0.000000000000000000e+00,0.000000000000000000e+00,0.000000000000000000e+00,0.000000000000000000e+00,0.000000000000000000e+00,0.000000000000000000e+00,0.000000000000000000e+00,0.000000000000000000e+00,0.000000000000000000e+00,0.000000000000000000e+00,0.000000000000000000e+00,0.000000000000000000e+00,0.000000000000000000e+00,2.279437050186398049e-04,9.631269232222257944e-04,1.333374473201784198e-03,1.313389599328350929e-03,9.125414698857078205e-04,1.780757845568432167e-04,0.000000000000000000e+00,0.000000000000000000e+00,0.000000000000000000e+00,0.000000000000000000e+00,0.000000000000000000e+00,0.000000000000000000e+00,0.000000000000000000e+00,4.133941704658950140e-04,2.017984078303515592e-03,3.264484652988304710e-03,4.037054655270088180e-03,4.301065571060439137e-03,4.099291187485388024e-03,3.533855105557244611e-03,2.740460899356972693e-03,1.861332082225144926e-03,1.743032991912135156e-03,2.156577061950005689e-03,2.251300955453386030e-03,2.032510904451473310e-03,1.537136212808004436e-03,8.251956042884729149e-04,0.000000000000000000e+00,0.000000000000000000e+00,0.000000000000000000e+00,0.000000000000000000e+00,0.000000000000000000e+00,0.000000000000000000e+00,0.000000000000000000e+00,0.000000000000000000e+00,0.000000000000000000e+00,0.000000000000000000e+00,1.405112526234354080e-03,1.905337703007851371e-03,1.150173841705622946e-03,0.000000000000000000e+00,2.884210577275346009e-05,4.318765782337195694e-04,5.702661997792205124e-03,8.386879278068617907e-04,8.826399003444201702e-04,0.000000000000000000e+00,0.000000000000000000e+00,0.000000000000000000e+00,2.774727199902734718e-04,7.049441129134380313e-04,5.001175020588542438e-04,4.741541157244249030e-04,4.263085507879908168e-04,3.589237571510659440e-04,2.746564312646545972e-04,1.764127425530556963e-04,1.477871657081286476e-03,0.000000000000000000e+00,0.000000000000000000e+00,0.000000000000000000e+00,0.000000000000000000e+00,0.000000000000000000e+00,6.747310865091202085e-05,4.921937522420835468e-04,9.117300969383633968e-04,1.321496372564575890e-03,1.721955024423342962e-03,2.120351881949171166e-03,2.527817908857542522e-03,2.951095637095384194e-03,3.381156759849284800e-03,3.783369352728735077e-03,4.094388250969220253e-03,4.229073848016295066e-03,4.096998935649553628e-03,3.624152667028600165e-03,2.773112385334158131e-03,1.555433055594578366e-03,3.308025824537500344e-05,0.000000000000000000e+00,0.000000000000000000e+00,0.000000000000000000e+00,0.000000000000000000e+00,0.000000000000000000e+00,0.000000000000000000e+00,0.000000000000000000e+00,0.000000000000000000e+00,0.000000000000000000e+00,0.000000000000000000e+00,0.000000000000000000e+00,0.000000000000000000e+00,2.201686163907178202e-03,1.017765402014484972e-03,7.243776388150336473e-04,7.438067015609643381e-04,1.099072514165779380e-03,1.383774597330733862e-03,1.666190297423495240e-03,0.000000000000000000e+00,0.000000000000000000e+00,0.000000000000000000e+00,0.000000000000000000e+00,0.000000000000000000e+00,0.000000000000000000e+00,0.000000000000000000e+00,0.000000000000000000e+00,5.096975763690990771e-05,5.122179709484143669e-04,9.836532006930725353e-04,1.412854856592864194e-03,1.738113793460333142e-03,0.000000000000000000e+00,0.000000000000000000e+00,0.000000000000000000e+00,2.153024698426773845e-04,1.035342634952310208e-03,0.000000000000000000e+00,0.000000000000000000e+00,0.000000000000000000e+00,1.000740147017916819e-04,3.940395495731672474e-04,5.592935635078806434e-04,5.724282534081093178e-04,4.418198690358118787e-04,2.034480044452640973e-04,2.202672176577892636e-04,9.132033078919071919e-04,1.307991889959286705e-03,1.360214978772976728e-03,1.083384198434455235e-03,5.370663312825695165e-04,0.000000000000000000e+00,0.000000000000000000e+00,0.000000000000000000e+00,0.000000000000000000e+00,0.000000000000000000e+00,2.624313966823770523e-05,2.735351272178103855e-04,5.501614446780505327e-04,8.473042761106565866e-04,1.154333648001614398e-03,1.463013181368120813e-03,1.770267181697113149e-03,2.077858916657251542e-03,2.388617122714975331e-03,2.700331057690600819e-03,2.999540975128645558e-03,3.257767960163053186e-03,3.432083748630678985e-03,3.470550024928354717e-03,3.321558146367677156e-03,2.945157805036397250e-03,2.324293142393962352e-03,1.474224809978620524e-03,4.550247028193111034e-04,6.400050076720162568e-04,8.404683542251086947e-04,1.055790044164069781e-03,1.285022121064824862e-03,1.526905130738126113e-03,4.890457226767069496e-03,3.744058377026123732e-04,1.262358255007324276e-04,0.000000000000000000e+00,0.000000000000000000e+00,0.000000000000000000e+00,0.000000000000000000e+00,1.784766915046221759e-04,5.783277891952374886e-04,1.051311613979318861e-03,1.536013122082086329e-03,1.963914229414614673e-03,2.269303635251992361e-03,0.000000000000000000e+00,0.000000000000000000e+00,0.000000000000000000e+00,0.000000000000000000e+00,0.000000000000000000e+00,0.000000000000000000e+00,0.000000000000000000e+00,3.159899598320924682e-04,4.697111441055457364e-04,4.045894481350209657e-04,1.271554728887292038e-04,0.000000000000000000e+00,0.000000000000000000e+00,0.000000000000000000e+00,1.324175430672418219e-03,2.791310914899702844e-03,3.902617996169725420e-03,4.572080969383534449e-03,4.764563220117003055e-03,4.502707171875890146e-03,3.863712569662647832e-03,2.966104730301438470e-03,1.948726372711232988e-03,9.461439787610173135e-04,6.592218115148015204e-05,0.000000000000000000e+00,0.000000000000000000e+00,0.000000000000000000e+00,0.000000000000000000e+00,0.000000000000000000e+00,0.000000000000000000e+00,0.000000000000000000e+00,1.875191077719813235e-03,1.655057179043329784e-03,1.469792027693678444e-03,0.000000000000000000e+00,0.000000000000000000e+00,0.000000000000000000e+00,2.133918292318922813e-03,6.589295517541337481e-04,9.931583564064816461e-04,1.889545386074183327e-03,1.569065840235822889e-03,2.655733133670794884e-03,3.537281554953398532e-03,4.118774648897676437e-03,4.362531989416945297e-03,4.294044882838723466e-03,3.993537453269081251e-03,0.000000000000000000e+00,0.000000000000000000e+00,4.234079301720168105e-05,2.048316543211903956e-03,3.698238643823862672e-03,4.855199758100692611e-03,5.456453447376839565e-03,5.512597205024586007e-03,5.093516892736463936e-03,4.305736454712161265e-03,3.269067527939825604e-03,2.100600903526056700e-03,9.103408736869772998e-04,0.000000000000000000e+00,0.000000000000000000e+00,0.000000000000000000e+00,0.000000000000000000e+00,0.000000000000000000e+00,0.000000000000000000e+00,7.778961597366601316e-04,2.390985662882600792e-03,0.000000000000000000e+00,0.000000000000000000e+00,0.000000000000000000e+00,0.000000000000000000e+00,0.000000000000000000e+00,0.000000000000000000e+00,0.000000000000000000e+00,0.000000000000000000e+00,0.000000000000000000e+00,1.009426389680225054e-03,3.936364018148362509e-03,3.140619294403144534e-03,0.000000000000000000e+00,0.000000000000000000e+00,0.000000000000000000e+00,0.000000000000000000e+00,0.000000000000000000e+00,0.000000000000000000e+00,2.250649153557328331e-04,8.610160211706221513e-04,3.038459276583139503e-03,0.000000000000000000e+00,0.000000000000000000e+00,0.000000000000000000e+00,0.000000000000000000e+00,0.000000000000000000e+00,0.000000000000000000e+00,0.000000000000000000e+00,6.779872515200318652e-05,5.022761097120160157e-04,8.242490297178442765e-04,9.987190113653172333e-04,1.004195156943990834e-03,8.323444451297201370e-04,4.871776459781327348e-04
1.548315307397709504e-07,3.060668088442113554e-04,0.000000000000000000e+00,1.241909098874911051e-04,0.000000000000000000e+00,3.122623187932061883e-04,0.000000000000000000e+00,0.000000000000000000e+00,0.000000000000000000e+00,0.000000000000000000e+00,0.000000000000000000e+00,0.000000000000000000e+00,0.000000000000000000e+00,0.000000000000000000e+00,0.000000000000000000e+00,0.000000000000000000e+00,0.000000000000000000e+00,0.000000000000000000e+00,0.000000000000000000e+00,0.000000000000000000e+00,0.000000000000000000e+00,0.000000000000000000e+00,0.000000000000000000e+00,1.026614004812248385e-03,2.098444372808725387e-03,3.040792783247557151e-03,3.782967093623679916e-03,4.244600785306706231e-03,0.000000000000000000e+00,0.000000000000000000e+00,0.000000000000000000e+00,0.000000000000000000e+00,0.000000000000000000e+00,0.000000000000000000e+00,0.000000000000000000e+00,2.353194429856011105e-05,4.731156053709806926e-04,8.628549913991501955e-04,1.236394556230936996e-03,1.608322315297268032e-03,1.954076024438933853e-03,2.217462658870927774e-03,2.331549822610162748e-03,2.243487107418052923e-03,1.933404999007693956e-03,1.421647890779375234e-03,7.647054412904070661e-04,4.462054799577028550e-05,0.000000000000000000e+00,0.000000000000000000e+00,0.000000000000000000e+00,0.000000000000000000e+00,0.000000000000000000e+00,0.000000000000000000e+00,4.008846080000218626e-04,1.561322777213757732e-03,2.785483352476093074e-03,3.934066536289373972e-03,4.887271150213817403e-03,0.000000000000000000e+00,0.000000000000000000e+00,0.000000000000000000e+00,0.000000000000000000e+00,0.000000000000000000e+00,0.000000000000000000e+00,0.000000000000000000e+00,0.000000000000000000e+00,0.000000000000000000e+00,0.000000000000000000e+00,0.000000000000000000e+00,0.000000000000000000e+00,0.000000000000000000e+00,0.000000000000000000e+00,0.000000000000000000e+00,0.000000000000000000e+00,0.000000000000000000e+00,0.000000000000000000e+00,0.000000000000000000e+00,0.000000000000000000e+00,0.000000000000000000e+00,1.320650830750454087e-04,1.390491702682591793e-03,0.000000000000000000e+00,0.000000000000000000e+00,0.000000000000000000e+00,0.000000000000000000e+00,0.000000000000000000e+00,0.000000000000000000e+00,0.000000000000000000e+00,0.000000000000000000e+00,2.778625362066244019e-03,1.443427983042720470e-04,3.887768488991485863e-04,6.195963199448513556e-04,1.785395728884919169e-03,2.747845314020191422e-03,3.411928340628776323e-03,3.731289704722185168e-03,3.712802556435849076e-03,3.409793560923578791e-03,0.000000000000000000e+00,0.000000000000000000e+00,0.000000000000000000e+00,0.000000000000000000e+00,0.000000000000000000e+00,0.000000000000000000e+00,0.000000000000000000e+00,0.000000000000000000e+00,0.000000000000000000e+00,0.000000000000000000e+00,0.000000000000000000e+00,0.000000000000000000e+00,0.000000000000000000e+00,0.000000000000000000e+00,0.000000000000000000e+00,0.000000000000000000e+00,1.371328874951895441e-03,2.685652699986479982e-03,3.719619484432544823e-03,4.416433198124534130e-03,5.692645566588825853e-03,0.000000000000000000e+00,0.000000000000000000e+00,0.000000000000000000e+00,0.000000000000000000e+00,0.000000000000000000e+00,0.000000000000000000e+00,0.000000000000000000e+00,0.000000000000000000e+00,2.928752865737260704e-04,1.296098966522692044e-03,2.319982625894682383e-03,3.296947992921301328e-03,2.549727948653679813e-03,2.773360203893688713e-03,2.854200291404408729e-03,2.786071849606716784e-03,2.567880708939045305e-03,2.202224844823593049e-03,1.698209682281667365e-03,1.076210267293304648e-03,3.707813167862686441e-04,0.000000000000000000e+00,0.000000000000000000e+00,0.000000000000000000e+00,0.000000000000000000e+00,0.000000000000000000e+00,0.000000000000000000e+00,0.000000000000000000e+00,2.278633340484875714e-04,6.672185010514478576e-04,1.035144256030744126e-03,1.343082390682577435e-03,1.600348864632769380e-03,1.808401314952741467e-03,1.960895775372905030e-03,2.048446398478075397e-03,2.065083693243202970e-03,2.013250141403915769e-03,1.905364192392530829e-03,1.761660668125562866e-03,1.605242675867112707e-03,1.455875137986311534e-03,1.389522632449243390e-03,2.491426054103825297e-03,3.359927513224643739e-03,3.953746623588963623e-03,4.268699105539833748e-03,4.336353465689148090e-03,4.215646276674652783e-03,3.978956676492259419e-03,3.695619603266511646e-03,3.416708016845270476e-03,3.164978805420133514e-03,2.932979413573001421e-03,2.690419214005609558e-03,2.399123263465874085e-03,2.030994067290303479e-03,1.582702361167599150e-03,1.081459798890377572e-03,0.000000000000000000e+00,5.347116084471945346e-04,0.000000000000000000e+00,0.000000000000000000e+00,0.000000000000000000e+00,0.000000000000000000e+00,0.000000000000000000e+00,0.000000000000000000e+00,2.674192041356905896e-03,1.046475792469019062e-03,1.462750142110445014e-03,0.000000000000000000e+00,0.000000000000000000e+00,0.000000000000000000e+00,0.000000000000000000e+00,0.000000000000000000e+00,0.000000000000000000e+00,0.000000000000000000e+00,0.000000000000000000e+00,0.000000000000000000e+00,0.000000000000000000e+00,0.000000000000000000e+00,0.000000000000000000e+00,0.000000000000000000e+00,0.000000000000000000e+00,0.000000000000000000e+00,0.000000000000000000e+00,2.335012028414458311e-03,0.000000000000000000e+00,0.000000000000000000e+00,4.883993348683759729e-05,1.413182312235847986e-04,3.587710749826298847e-04,7.283579918391705878e-04,1.084756454925616146e-03,1.361361280521961080e-03,1.506075074131145832e-03,6.583257581706964410e-04,1.440078514913292361e-03,2.007474867082969204e-03,2.306665872348443759e-03,2.323491904431807670e-03,0.000000000000000000e+00,5.514657824959588771e-04,1.317049966709601082e-03,1.943921305479003568e-03,2.683912040617950513e-03,0.000000000000000000e+00,0.000000000000000000e+00,0.000000000000000000e+00,0.000000000000000000e+00,0.000000000000000000e+00,0.000000000000000000e+00,0.000000000000000000e+00,0.000000000000000000e+00,0.000000000000000000e+00,0.000000000000000000e+00,0.000000000000000000e+00,0.000000000000000000e+00,0.000000000000000000e+00,0.000000000000000000e+00,0.000000000000000000e+00,0.000000000000000000e+00,5.829963413034012446e-04,1.036020538049480313e-03,1.269835763979138173e-03,1.299608952512908882e-03,1.172071749433057503e-03,9.563887110227932333e-04,7.291704183038290885e-04,5.565743492205395314e-04,4.780905353887995629e-04,4.969823111265094092e-04,1.032387089853735842e-03,1.621675834937164051e-03,2.081295223355769577e-03,2.345934117028805957e-03,2.367990130823111397e-03,2.126864597829123890e-03,1.634693742561886109e-03,9.364467228836217353e-04,1.035128535617075148e-04,0.000000000000000000e+00,0.000000000000000000e+00,0.000000000000000000e+00,0.000000000000000000e+00,0.000000000000000000e+00,0.000000000000000000e+00,0.000000000000000000e+00,0.000000000000000000e+00,0.000000000000000000e+00,0.000000000000000000e+00,0.000000000000000000e+00,0.000000000000000000e+00,0.000000000000000000e+00,0.000000000000000000e+00,0.000000000000000000e+00,0.000000000000000000e+00,4.889698339573990285e-04,1.372108169217297431e-03,2.070489874138726691e-03,2.510769700550734979e-03,2.657215160674100424e-03,1.391567575910831415e-03,1.602313993714242415e-04,0.000000000000000000e+00,0.000000000000000000e+00,0.000000000000000000e+00,0.000000000000000000e+00,0.000000000000000000e+00,0.000000000000000000e+00,0.000000000000000000e+00,0.000000000000000000e+00,0.000000000000000000e+00,0.000000000000000000e+00,0.000000000000000000e+00,0.000000000000000000e+00,0.000000000000000000e+00,0.000000000000000000e+00,0.000000000000000000e+00,0.000000000000000000e+00,0.000000000000000000e+00,0.000000000000000000e+00,0.000000000000000000e+00,0.000000000000000000e+00,0.000000000000000000e+00,0.000000000000000000e+00,1.637675700951356965e-04,2.506271459186797113e-03,4.496863040795246770e-03,0.000000000000000000e+00,0.000000000000000000e+00,0.000000000000000000e+00,1.487430568094517914e-04,6.266901566525408251e-04,9.062970202157412175e-04,9.422637803920102780e-04,7.316012098421464981e-04,3.155261735831990308e-04,2.569260450127013363e-05,2.316815454501099038e-04,2.846984086845472540e-04,1.870280804614264203e-04,0.000000000000000000e+00,0.000000000000000000e+00,0.000000000000000000e+00,1.866037936291066023e-03,1.566556228598398439e-03,0.000000000000000000e+00,0.000000000000000000e+00,1.884720382325297662e-04,7.687044671262337897e-04,1.244085303410144474e-03,1.547625069963397011e-03,1.627843184279780800e-03,1.456314003754406511e-03,1.031521836106313395e-03,7.291107540383257469e-04,1.830390295248174315e-03,0.000000000000000000e+00,0.000000000000000000e+00,0.000000000000000000e+00,0.000000000000000000e+00,0.000000000000000000e+00,0.000000000000000000e+00,0.000000000000000000e+00,0.000000000000000000e+00,0.000000000000000000e+00,0.000000000000000000e+00,0.000000000000000000e+00,0.000000000000000000e+00,0.000000000000000000e+00,0.000000000000000000e+00,0.000000000000000000e+00,0.000000000000000000e+00,0.000000000000000000e+00,0.000000000000000000e+00,0.000000000000000000e+00,0.000000000000000000e+00,0.000000000000000000e+00,0.000000000000000000e+00,0.000000000000000000e+00,5.274106553022477398e-03,0.000000000000000000e+00,5.925384754916994921e-04,8.685056250836835920e-04,1.101386630783995988e-03,0.000000000000000000e+00,0.000000000000000000e+00,0.000000000000000000e+00,2.935548617448121883e-04,0.000000000000000000e+00,0.000000000000000000e+00,0.000000000000000000e+00,0.000000000000000000e+00,0.000000000000000000e+00,0.000000000000000000e+00,0.000000000000000000e+00,0.000000000000000000e+00,0.000000000000000000e+00,0.000000000000000000e+00,0.000000000000000000e+00,2.887645778719794909e-04,5.324871875137438980e-04,5.985360784000017583e-04,4.409200221594064984e-04,4.259217988664876404e-05,0.000000000000000000e+00,0.000000000000000000e+00,0.000000000000000000e+00,0.000000000000000000e+00,0.000000000000000000e+00,0.000000000000000000e+00,0.000000000000000000e+00,0.000000000000000000e+00,0.000000000000000000e+00,0.000000000000000000e+00,0.000000000000000000e+00,0.000000000000000000e+00,0.000000000000000000e+00
2.159090026778357720e-07,9.542896255844123609e-06,0.000000000000000000e+00,0.000000000000000000e+00,0.000000000000000000e+00,0.000000000000000000e+00,0.000000000000000000e+00,0.000000000000000000e+00,0.000000000000000000e+00,0.000000000000000000e+00,0.000000000000000000e+00,0.000000000000000000e+00,8.309415635708448022e-05,5.872100341577023933e-04,1.114634164704383142e-03,1.655256408801259469e-03,2.199505622469748092e-03,1.177185147294318749e-03,8.463638122504228874e-04,6.541693144267971168e-04,5.490310836914124790e-04,4.761262297092551995e-04,3.931316920336809712e-04,2.777298291224857799e-04,1.266139481527764549e-04,0.000000000000000000e+00,0.000000000000000000e+00,0.000000000000000000e+00,0.000000000000000000e+00,0.000000000000000000e+00,0.000000000000000000e+00,0.000000000000000000e+00,0.000000000000000000e+00,0.000000000000000000e+00,0.000000000000000000e+00,0.000000000000000000e+00,0.000000000000000000e+00,0.000000000000000000e+00,0.000000000000000000e+00,0.000000000000000000e+00,0.000000000000000000e+00,0.000000000000000000e+00,0.000000000000000000e+00,0.000000000000000000e+00,0.000000000000000000e+00,0.000000000000000000e+00,0.000000000000000000e+00,0.000000000000000000e+00,2.455762449115287825e-04,4.254900315875569995e-04,5.087305671101332574e-04,5.421299990816565162e-04,5.673911600591246890e-04,6.089560868918151562e-04,6.669273925459821492e-04,7.164153081891651374e-04,7.130797269102159743e-04,8.757057133246501672e-04,9.390489350065355737e-04,7.125162888526300267e-04,2.020514120680029231e-04,0.000000000000000000e+00,0.000000000000000000e+00,0.000000000000000000e+00,0.000000000000000000e+00,0.000000000000000000e+00,0.000000000000000000e+00,0.000000000000000000e+00,0.000000000000000000e+00,0.000000000000000000e+00,0.000000000000000000e+00,0.000000000000000000e+00,0.000000000000000000e+00,0.000000000000000000e+00,0.000000000000000000e+00,0.000000000000000000e+00,0.000000000000000000e+00,0.000000000000000000e+00,1.249459814226611338e-04,6.779922247931958676e-04,1.098646110425316458e-03,1.310225572586863705e-03,1.261663218416296658e-03,9.410934874140909102e-04,3.795923195458800387e-04,0.000000000000000000e+00,0.000000000000000000e+00,0.000000000000000000e+00,0.000000000000000000e+00,0.000000000000000000e+00,0.000000000000000000e+00,0.000000000000000000e+00,0.000000000000000000e+00,9.648838264230419630e-05,3.075951020798107214e-04,5.305992740924918467e-04,7.623889925614368152e-04,9.996545526435353119e-04,1.238975783606434747e-03,1.476911102367825393e-03,1.710090256861766930e-03,1.935300401235608148e-03,2.149571173350745511e-03,2.350248935715267516e-03,2.535060129055448624e-03,2.702164493628179519e-03,2.850190184296155435e-03,2.978256342203813769e-03,3.085975978444318972e-03,8.292232638106272757e-03,2.930966127312443917e-04,7.986958729944352957e-04,1.318286076298895264e-03,1.812710876927428388e-03,2.231094736323102623e-03,2.509148970738027395e-03,2.574167927886522860e-03,2.358239164478356537e-03,1.817300625607479007e-03,9.502538732214551838e-04,0.000000000000000000e+00,0.000000000000000000e+00,0.000000000000000000e+00,0.000000000000000000e+00,0.000000000000000000e+00,0.000000000000000000e+00,0.000000000000000000e+00,0.000000000000000000e+00,0.000000000000000000e+00,0.000000000000000000e+00,0.000000000000000000e+00,0.000000000000000000e+00,3.102505089628961672e-04,9.484794771394984949e-04,1.568243225713782498e-03,2.169906792381796987e-03,2.734941875724566061e-03,3.232527685661555975e-03,3.631950171582435868e-03,3.915009255524806719e-03,4.083289379580709241e-03,3.971353814973501394e-03,0.000000000000000000e+00,0.000000000000000000e+00,0.000000000000000000e+00,0.000000000000000000e+00,0.000000000000000000e+00,0.000000000000000000e+00,0.000000000000000000e+00,0.000000000000000000e+00,0.000000000000000000e+00,0.000000000000000000e+00,0.000000000000000000e+00,0.000000000000000000e+00,0.000000000000000000e+00,3.075187080242162475e-04,9.609447365195446060e-04,1.423254361006843008e-03,1.625016053371219947e-03,1.536581451114574703e-03,1.180192687093668466e-03,6.292338736207843137e-04,0.000000000000000000e+00,0.000000000000000000e+00,0.000000000000000000e+00,0.000000000000000000e+00,0.000000000000000000e+00,0.000000000000000000e+00,0.000000000000000000e+00,3.121502286225322264e-04,0.000000000000000000e+00,0.000000000000000000e+00,1.996979893264177813e-04,0.000000000000000000e+00,0.000000000000000000e+00,0.000000000000000000e+00,0.000000000000000000e+00,0.000000000000000000e+00,0.000000000000000000e+00,0.000000000000000000e+00,0.000000000000000000e+00,0.000000000000000000e+00,0.000000000000000000e+00,0.000000000000000000e+00,0.000000000000000000e+00,0.000000000000000000e+00,0.000000000000000000e+00,0.000000000000000000e+00,0.000000000000000000e+00,0.000000000000000000e+00,8.006663700900641797e-05,1.901439348951925780e-04,2.906642842169182778e-04,3.806948071250834545e-04,4.594466182826621205e-04,5.262773970605966580e-04,5.806967292362381385e-04,6.223720654227435541e-04,6.511305115676758971e-04,6.669661189120163662e-04,6.700451627733438210e-04,6.607090172052296380e-04,6.394770149989186143e-04,6.070477325535648906e-04,5.642960916032863095e-04,5.122674781385675368e-04,4.521685315845050098e-04,3.853507307308081265e-04,3.132929558856255444e-04,2.375770841585124265e-04,1.598600927824637096e-04,8.184488813941091681e-05,5.246701287984957229e-06,9.112212677485670808e-06,5.123842769763811266e-04,1.094580387400504850e-03,1.716234278300600956e-03,2.329885788076961183e-03,2.890218276165923417e-03,3.360666376257188601e-03,3.714664587815400855e-03,3.933136177909669039e-03,4.002099125215614200e-03,1.662344277150670097e-03,1.236069878768371235e-03,8.296252274996114475e-04,5.186634451979662110e-04,3.714442342552698212e-04,4.425789588742025903e-04,7.692338580482879383e-04,0.000000000000000000e+00,0.000000000000000000e+00,0.000000000000000000e+00,0.000000000000000000e+00,0.000000000000000000e+00,0.000000000000000000e+00,0.000000000000000000e+00,0.000000000000000000e+00,0.000000000000000000e+00,0.000000000000000000e+00,0.000000000000000000e+00,0.000000000000000000e+00,0.000000000000000000e+00,0.000000000000000000e+00,0.000000000000000000e+00,0.000000000000000000e+00,0.000000000000000000e+00,0.000000000000000000e+00,0.000000000000000000e+00,0.000000000000000000e+00,1.912729440801524679e-04,4.477600042679226672e-04,0.000000000000000000e+00,0.000000000000000000e+00,0.000000000000000000e+00,0.000000000000000000e+00,0.000000000000000000e+00,0.000000000000000000e+00,0.000000000000000000e+00,0.000000000000000000e+00,0.000000000000000000e+00,0.000000000000000000e+00,0.000000000000000000e+00,0.000000000000000000e+00,0.000000000000000000e+00,0.000000000000000000e+00,0.000000000000000000e+00,0.000000000000000000e+00,0.000000000000000000e+00,0.000000000000000000e+00,0.000000000000000000e+00,0.000000000000000000e+00,0.000000000000000000e+00,0.000000000000000000e+00,0.000000000000000000e+00,0.000000000000000000e+00,0.000000000000000000e+00,0.000000000000000000e+00,1.304935475757038001e-04,2.771114949740402403e-04,3.888617631202808908e-04,4.722711013435187738e-04,5.416951907406560409e-04,6.166927714499639791e-04,7.162846177927591988e-04,8.532257614279559416e-04,1.031243066785274623e-03,1.246271353476004293e-03,1.490157737466438377e-03,1.753721352049734603e-03,2.026480713778065074e-03,2.590311491868050285e-03,0.000000000000000000e+00,0.000000000000000000e+00,0.000000000000000000e+00,0.000000000000000000e+00,0.000000000000000000e+00,9.451347492993371303e-05,5.632036182006415785e-04,1.117587332125839598e-03,2.405258788901782404e-03,3.529851562658825430e-03,1.923872353922121076e-03,2.234617030064568830e-03,2.318852542025939042e-03,2.210335547374888375e-03,1.962077330552538038e-03,1.628720168481108789e-03,1.254145597525833196e-03,8.684897546102461011e-04,4.939539506773396853e-04,1.543139691330139903e-04,0.000000000000000000e+00,4.541098015818964523e-05,1.871657820739829547e-04,5.392926159629019131e-04,4.457631850493771965e-04,5.628883348951208530e-04,6.722163964938539195e-04,7.740309260283915419e-04,8.686082481699096327e-04,9.561791650565181844e-04,1.036897802356963154e-03,1.110809493213038481e-03,1.177828934865142885e-03,1.237722935583641286e-03,1.290102955303121766e-03,1.334422258533228068e-03,1.369986543884288855e-03,1.395968522730719422e-03,1.411431565194148962e-03,1.415358700526507052e-03,1.406687647286434303e-03,1.384348628948621138e-03,1.347303434742851309e-03,1.294586656155348502e-03,1.225343893867500682e-03,1.138868018346967954e-03,1.034631893725928165e-03,9.123160689681082810e-04,7.718314194238928101e-04,6.133359279620078080e-04,4.372432273656460329e-04,2.442297345051784628e-04,2.008311867332240462e-04,5.604872934404125148e-04,6.684512323505061590e-04,6.211462540894200149e-04,5.022337535380890644e-04,3.697477995538412353e-04,2.527139768858556327e-04,1.552658803667573571e-04,6.496750501752117260e-05,0.000000000000000000e+00,0.000000000000000000e+00,0.000000000000000000e+00,0.000000000000000000e+00,0.000000000000000000e+00,0.000000000000000000e+00,0.000000000000000000e+00,0.000000000000000000e+00,0.000000000000000000e+00,0.000000000000000000e+00,0.000000000000000000e+00,1.604065974206276527e-04,7.328904957526367892e-04,1.245999165054202749e-03,1.598118505309345299e-03,1.704179662483040541e-03,1.517076724260561045e-03,1.042172919138432529e-03,3.390861671860797037e-04,0.000000000000000000e+00,0.000000000000000000e+00,9.756661464259345617e-04,2.665094029580058251e-03,2.723360867557788386e-03,0.000000000000000000e+00,5.216237756892123690e-05,1.660120420961589652e-04,0.000000000000000000e+00,2.959309433370831653e-03,1.160137530010694291e-03,0.000000000000000000e+00,0.000000000000000000e+00,0.000000000000000000e+00,1.249329975413897851e-04,5.741163639209714321e-04,0.000000000000000000e+00,0.000000000000000000e+00,0.000000000000000000e+00,0.000000000000000000e+00,0.000000000000000000e+00,0.000000000000000000e+00,0.000000000000000000e+00,0.000000000000000000e+00,0.000000000000000000e+00,0.000000000000000000e+00,0.000000000000000000e+00,0.000000000000000000e+00
2.928958370114450781e-07,1.063200686820603685e-03,2.119890914931689581e-03,3.138854975075747525e-03,4.080308234225531704e-03,4.895222009891298139e-03,5.529034080642838273e-03,5.929499959898418965e-03,6.056679250749193687e-03,5.892227977696120125e-03,5.445168808802017778e-03,4.752245796785138296e-03,3.872321933094768735e-03,2.875888852435400100e-03,1.832230395213046981e-03,7.976490945777791946e-04,0.000000000000000000e+00,0.000000000000000000e+00,3.284081172187911825e-04,4.319903750117250587e-04,2.379440862459895412e-04,0.000000000000000000e+00,0.000000000000000000e+00,0.000000000000000000e+00,0.000000000000000000e+00,0.000000000000000000e+00,0.000000000000000000e+00,0.000000000000000000e+00,0.000000000000000000e+00,0.000000000000000000e+00,0.000000000000000000e+00,0.000000000000000000e+00,0.000000000000000000e+00,0.000000000000000000e+00,1.412359306737540445e-04,3.645984379400234328e-04,5.892005938841958458e-04,8.135257597034108038e-04,1.036113509410515904e-03,2.034328074495942145e-03,6.708023094534287974e-03,0.000000000000000000e+00,4.486472294793661625e-04,1.256644214631803119e-03,1.975208460108549783e-03,2.539855244604162163e-03,2.888233884225506216e-03,2.969835661157448330e-03,2.753495871738731449e-03,2.232327984744460116e-03,1.426280612167293025e-03,3.821327574504401314e-04,0.000000000000000000e+00,2.122407472841835330e-03,0.000000000000000000e+00,6.164946507108077026e-03,0.000000000000000000e+00,0.000000000000000000e+00,0.000000000000000000e+00,0.000000000000000000e+00,0.000000000000000000e+00,6.417547649461210514e-03,0.000000000000000000e+00,0.000000000000000000e+00,0.000000000000000000e+00,0.000000000000000000e+00,4.146655125850265931e-03,7.466967603623235949e-04,1.813623847134995500e-03,2.561776394529625099e-03,2.948216951714302016e-03,2.987181194921213496e-03,2.750027421399336806e-03,2.355113507489937485e-03,1.949626833891373581e-03,1.686116669899445251e-03,1.910629492990065931e-03,2.490290015505354417e-03,3.081378425460903556e-03,3.916976032931814358e-03,5.223658619289622135e-03,6.574404140914758866e-03,7.774570462356343928e-03,8.639547850046802938e-03,9.026580303230547636e-03,8.858955875942112201e-03,8.138520631638916300e-03,6.944700057602668126e-03,5.420392729912664603e-03,3.747237020985962151e-03,2.114806736610234071e-03,6.898300689672585539e-04,0.000000000000000000e+00,0.000000000000000000e+00,0.000000000000000000e+00,0.000000000000000000e+00,0.000000000000000000e+00,0.000000000000000000e+00,0.000000000000000000e+00,0.000000000000000000e+00,1.378748827274066478e-04,1.867785922619390020e-04,5.474428346670201186e-05,0.000000000000000000e+00,0.000000000000000000e+00,0.000000000000000000e+00,0.000000000000000000e+00,0.000000000000000000e+00,0.000000000000000000e+00,0.000000000000000000e+00,2.545569545042522422e-04,6.167519073273746008e-04,6.741283655035026478e-04,9.844928224126119759e-04,1.667728708203127051e-03,0.000000000000000000e+00,0.000000000000000000e+00,0.000000000000000000e+00,0.000000000000000000e+00,0.000000000000000000e+00,0.000000000000000000e+00,0.000000000000000000e+00,0.000000000000000000e+00,0.000000000000000000e+00,0.000000000000000000e+00,6.642706506683823545e-04,4.411313734206770941e-03,0.000000000000000000e+00,0.000000000000000000e+00,0.000000000000000000e+00,0.000000000000000000e+00,6.118073127185582076e-04,1.266556127594130419e-03,1.644225078629077451e-03,1.744532534297645650e-03,1.602453901762855787e-03,1.275197798219306023e-03,8.268284552357213447e-04,1.390789261417949485e-03,2.783788399399822824e-03,0.000000000000000000e+00,0.000000000000000000e+00,0.000000000000000000e+00,0.000000000000000000e+00,0.000000000000000000e+00,0.000000000000000000e+00,0.000000000000000000e+00,0.000000000000000000e+00,0.000000000000000000e+00,0.000000000000000000e+00,8.737260450936660140e-04,0.000000000000000000e+00,2.356689466071251174e-04,6.611859584252903098e-04,0.000000000000000000e+00,0.000000000000000000e+00,0.000000000000000000e+00,2.515306396628176947e-04,1.064093398896924720e-03,1.878868120138155184e-03,2.629252230201436363e-03,3.255351910120166375e-03,3.720021841033125960e-03,4.020345453251850804e-03,4.188032856791155771e-03,4.276521103429872447e-03,4.338841980530346552e-03,4.405357912112242008e-03,4.471293673182573369e-03,4.499661877532911206e-03,4.437755838168019190e-03,4.238858610277225318e-03,3.878807565875741405e-03,3.360551669278891672e-03,2.706742981536670780e-03,1.946691354751051194e-03,1.106358449111377856e-03,2.074490144053407834e-04,0.000000000000000000e+00,0.000000000000000000e+00,0.000000000000000000e+00,0.000000000000000000e+00,0.000000000000000000e+00,0.000000000000000000e+00,0.000000000000000000e+00,0.000000000000000000e+00,2.673746685138336538e-03,0.000000000000000000e+00,0.000000000000000000e+00,0.000000000000000000e+00,0.000000000000000000e+00,0.000000000000000000e+00,0.000000000000000000e+00,0.000000000000000000e+00,0.000000000000000000e+00,0.000000000000000000e+00,0.000000000000000000e+00,0.000000000000000000e+00,0.000000000000000000e+00,1.299616388291115372e-03,3.100581008753580583e-03,4.787004883144645173e-03,6.304903547339553611e-03,7.577711723299093358e-03,8.503441848170723363e-03,8.968026725125191265e-03,8.872857670410237360e-03,8.168011183810391582e-03,6.879229642206042411e-03,5.118088903609524683e-03,3.070355398229138340e-03,9.649138306437326932e-04,0.000000000000000000e+00,0.000000000000000000e+00,0.000000000000000000e+00,0.000000000000000000e+00,0.000000000000000000e+00,0.000000000000000000e+00,0.000000000000000000e+00,0.000000000000000000e+00,0.000000000000000000e+00,0.000000000000000000e+00,0.000000000000000000e+00,0.000000000000000000e+00,0.000000000000000000e+00,0.000000000000000000e+00,0.000000000000000000e+00,0.000000000000000000e+00,4.017558435354377127e-05,5.245760750671534618e-04,8.459865404139984505e-04,8.963576679096371810e-04,6.005480054202115992e-04,0.000000000000000000e+00,0.000000000000000000e+00,0.000000000000000000e+00,0.000000000000000000e+00,0.000000000000000000e+00,0.000000000000000000e+00,0.000000000000000000e+00,0.000000000000000000e+00,0.000000000000000000e+00,0.000000000000000000e+00,0.000000000000000000e+00,0.000000000000000000e+00,0.000000000000000000e+00,0.000000000000000000e+00,0.000000000000000000e+00,0.000000000000000000e+00,0.000000000000000000e+00,8.056965617607894756e-05,4.709804390596540515e-04,8.625943776068516590e-04,1.232825951603341375e-03,1.550195116055378287e-03,1.786647769144137201e-03,1.924517781101788439e-03,1.956432270509643901e-03,1.880662685919480027e-03,1.696430720784204531e-03,1.402614826932578346e-03,1.000352215753933524e-03,4.973250678331845578e-04,0.000000000000000000e+00,0.000000000000000000e+00,1.398150472970077730e-03,0.000000000000000000e+00,4.483016046771891305e-03,0.000000000000000000e+00,0.000000000000000000e+00,0.000000000000000000e+00,0.000000000000000000e+00,0.000000000000000000e+00,0.000000000000000000e+00,0.000000000000000000e+00,0.000000000000000000e+00,0.000000000000000000e+00,0.000000000000000000e+00,0.000000000000000000e+00,0.000000000000000000e+00,0.000000000000000000e+00,0.000000000000000000e+00,3.828398687550061807e-03,0.000000000000000000e+00,0.000000000000000000e+00,0.000000000000000000e+00,2.101907924190924391e-04,9.366237589545012765e-04,1.608031468041673778e-03,2.283347305557933797e-03,1.210003707472978064e-03,1.189164005581595449e-03,1.134310349155345397e-03,1.020020386043876725e-03,7.926865957957332986e-04,3.952494302461203300e-04,0.000000000000000000e+00,0.000000000000000000e+00,0.000000000000000000e+00,0.000000000000000000e+00,0.000000000000000000e+00,0.000000000000000000e+00,0.000000000000000000e+00,0.000000000000000000e+00,0.000000000000000000e+00,0.000000000000000000e+00,0.000000000000000000e+00,0.000000000000000000e+00,0.000000000000000000e+00,0.000000000000000000e+00,0.000000000000000000e+00,0.000000000000000000e+00,0.000000000000000000e+00,2.649421069887878229e-05,2.087084713040926985e-04,3.816688988968765760e-04,5.426175844128154624e-04,6.890499452798209534e-04,8.187970215570583446e-04,9.300931319728280655e-04,1.021634385280092983e-03,1.092619921725001414e-03,1.142775104130355334e-03,1.172358373764993862e-03,1.182147258234657761e-03,1.173411593217248833e-03,1.147864319848510483e-03,2.684279080123355785e-03,4.526804127258042369e-03,5.996730688433074899e-03,6.959705167790640815e-03,7.347427973277100531e-03,7.159316119690675544e-03,6.452135096242741542e-03,5.322635408957511992e-03,3.888562045490775998e-03,2.271970533287835225e-03,5.867490521385262600e-04,4.360573147039111539e-04,4.127200550054724456e-04,4.009715715124597193e-04,4.006099470026795750e-04,4.110036150253933607e-04,4.311149622486813086e-04,4.595302988234037248e-04,4.944983598429621846e-04,5.339762858584138966e-04,5.756800643495168894e-04,6.171376115044128856e-04,6.557480885158810911e-04,6.888414013156131605e-04,7.137377252314450887e-04,8.598025908356374735e-04,2.014659995218721043e-03,2.797834147866465945e-03,3.151868910159797733e-03,3.197844094198409523e-03,3.966607166658774920e-03,4.551429857708192729e-03,4.924563106347267655e-03,5.081923506926583518e-03,5.043820624571756367e-03,4.855165656813883492e-03,4.582891438602030958e-03,4.307457563982114261e-03,4.107128787759463384e-03,4.037622420349695415e-03,4.113476192387376454e-03,4.298833549914479572e-03,4.513119850904836507e-03,4.651996792985471814e-03,4.618041840226128070e-03,4.351421272584296562e-03,3.850042306633920646e-03,3.171825957262218356e-03,2.417671708847987828e-03,1.700347330446307960e-03,1.109505920910688849e-03,6.844627440974848480e-04,4.037306442108319084e-04,1.945108971525681435e-04,0.000000000000000000e+00,0.000000000000000000e+00,0.000000000000000000e+00,0.000000000000000000e+00,0.000000000000000000e+00,0.000000000000000000e+00,0.000000000000000000e+00,0.000000000000000000e+00,0.000000000000000000e+00,0.000000000000000000e+00,3.862033529539069887e-04,4.592028810360300191e-04,2.928952257783491893e-04,0.000000000000000000e+00,0.000000000000000000e+00,0.000000000000000000e+00,0.000000000000000000e+00,0.000000000000000000e+00,0.000000000000000000e+00
0.000000000000000000e+00,8.006123300171091514e-04,0.000000000000000000e+00,0.000000000000000000e+00,7.297797472085371573e-05,1.504858115396706490e-03,1.481862962418009459e-03,2.267888351492492252e-03,2.850167416619486544e-03,3.060823038096607308e-03,2.799618812924285858e-03,2.055706193003549367e-03,9.063440608716432376e-04,0.000000000000000000e+00,0.000000000000000000e+00,0.000000000000000000e+00,0.000000000000000000e+00,0.000000000000000000e+00,0.000000000000000000e+00,0.000000000000000000e+00,0.000000000000000000e+00,0.000000000000000000e+00,0.000000000000000000e+00,0.000000000000000000e+00,0.000000000000000000e+00,0.000000000000000000e+00,0.000000000000000000e+00,0.000000000000000000e+00,0.000000000000000000e+00,3.652208766965281753e-04,8.994773180183287739e-04,1.376176956782587625e-03,1.739001276625682648e-03,1.936407548037641108e-03,1.932790179104292797e-03,1.720040212951670991e-03,1.325661762616736584e-03,8.135392695947095713e-04,2.750234691479702003e-04,0.000000000000000000e+00,0.000000000000000000e+00,0.000000000000000000e+00,0.000000000000000000e+00,0.000000000000000000e+00,4.024173536369394133e-04,9.445292977402175135e-04,1.489558710703458091e-03,2.006019569997776354e-03,2.493784427381377008e-03,2.975472954188362711e-03,3.479409021192843201e-03,4.020609261711032695e-03,4.586660320706841508e-03,5.133470117164567331e-03,5.592517880709975409e-03,5.887518744925003197e-03,5.955454753163898218e-03,5.765492214893143744e-03,5.329834473627451802e-03,4.702979389124983464e-03,4.488311662951654547e-03,4.875510002931129731e-03,5.011535331455931400e-03,4.920351462763471531e-03,4.661910627259360784e-03,4.314586145445492918e-03,3.952343035604232759e-03,3.623600561721860690e-03,3.338414702936617819e-03,3.068019219981101865e-03,2.756620137956014224e-03,1.608574639304413863e-03,9.718845684974644974e-04,1.884986978456955060e-04,0.000000000000000000e+00,0.000000000000000000e+00,0.000000000000000000e+00,0.000000000000000000e+00,0.000000000000000000e+00,0.000000000000000000e+00,0.000000000000000000e+00,0.000000000000000000e+00,0.000000000000000000e+00,0.000000000000000000e+00,2.435816020312040180e-03,5.978955680224324991e-03,2.566305544730717193e-04,3.885255992338314712e-04,5.133371368397314895e-04,7.480290544892019859e-04,7.837455641134223952e-04,2.047730207871228253e-03,4.447044132789815425e-03,5.853540691853736586e-03,7.929798915901431142e-03,9.610690696103896605e-03,1.077530966966792382e-02,1.136452907244937457e-02,1.138040772948091355e-02,1.087727974035433524e-02,9.949025012191024461e-03,8.493646732040059308e-03,5.925357850473013215e-03,3.313323322916008565e-03,8.846453497232283341e-04,0.000000000000000000e+00,0.000000000000000000e+00,0.000000000000000000e+00,0.000000000000000000e+00,0.000000000000000000e+00,0.000000000000000000e+00,0.000000000000000000e+00,0.000000000000000000e+00,0.000000000000000000e+00,0.000000000000000000e+00,0.000000000000000000e+00,0.000000000000000000e+00,0.000000000000000000e+00,0.000000000000000000e+00,0.000000000000000000e+00,0.000000000000000000e+00,0.000000000000000000e+00,0.000000000000000000e+00,0.000000000000000000e+00,0.000000000000000000e+00,1.404343533683793943e-03,0.000000000000000000e+00,0.000000000000000000e+00,0.000000000000000000e+00,0.000000000000000000e+00,0.000000000000000000e+00,0.000000000000000000e+00,0.000000000000000000e+00,0.000000000000000000e+00,0.000000000000000000e+00,0.000000000000000000e+00,0.000000000000000000e+00,0.000000000000000000e+00,0.000000000000000000e+00,0.000000000000000000e+00,0.000000000000000000e+00,0.000000000000000000e+00,7.111911798650047412e-04,1.477304289742819177e-03,2.012158327681662622e-03,2.302912130812111418e-03,2.375679897462131419e-03,2.285925864287771843e-03,2.104026028946412268e-03,1.899353945299944550e-03,1.726033466953138997e-03,1.613170636100574266e-03,1.561817319075902268e-03,1.549783790934762019e-03,1.543354043535766608e-03,1.512373284926741288e-03,1.443206219938254070e-03,1.343968807695425371e-03,1.238942730280798111e-03,1.153549762372046376e-03,1.095898139975759163e-03,1.043371112382580857e-03,9.414820760729773405e-04,7.174164573662299756e-04,3.043545943008192298e-04,2.027545422424435501e-04,1.679754696089854639e-04,1.271364927227885109e-04,8.139285914706784284e-05,3.197263963782318811e-05,0.000000000000000000e+00,0.000000000000000000e+00,0.000000000000000000e+00,0.000000000000000000e+00,0.000000000000000000e+00,0.000000000000000000e+00,0.000000000000000000e+00,0.000000000000000000e+00,0.000000000000000000e+00,4.440770109338235865e-04,1.206771115579235564e-03,1.831898489455443613e-03,2.339779726725056165e-03,2.761000731746167999e-03,3.121298277290691925e-03,3.430200260544638818e-03,3.677285428060825256e-03,3.836710989502584591e-03,3.877367731145300606e-03,3.774239331661851174e-03,3.516925201949890143e-03,3.113323903852899515e-03,2.588921231710593525e-03,1.983687959336449726e-03,1.348613936683420306e-03,7.426048980949815281e-04,2.287856736318730601e-04,4.354819032097313855e-04,7.034492754466439889e-04,8.505321367114632028e-04,8.523326611496228125e-04,7.031224657581860689e-04,1.006086940968737176e-03,1.442868086878320655e-03,1.689460385564456714e-03,1.644980849887791967e-03,1.255612277117014149e-03,5.253933676468837237e-04,0.000000000000000000e+00,0.000000000000000000e+00,0.000000000000000000e+00,0.000000000000000000e+00,0.000000000000000000e+00,0.000000000000000000e+00,6.096942978287568220e-05,1.456889521852316950e-04,5.049699720941094958e-04,7.876068976214919406e-04,8.914191453618432875e-04,7.864791824517794634e-04,7.295942124982382655e-04,8.730842024098581797e-04,1.022593291215428968e-03,1.176492725256941211e-03,2.718947735667478962e-03,6.408259367164361765e-03,0.000000000000000000e+00,0.000000000000000000e+00,0.000000000000000000e+00,0.000000000000000000e+00,0.000000000000000000e+00,0.000000000000000000e+00,0.000000000000000000e+00,0.000000000000000000e+00,0.000000000000000000e+00,0.000000000000000000e+00,0.000000000000000000e+00,0.000000000000000000e+00,0.000000000000000000e+00,0.000000000000000000e+00,0.000000000000000000e+00,0.000000000000000000e+00,0.000000000000000000e+00,0.000000000000000000e+00,0.000000000000000000e+00,0.000000000000000000e+00,0.000000000000000000e+00,3.050749233498304194e-04,1.114380170951763047e-03,2.066154071566731008e-03,3.027757915193503291e-03,3.847695043935783765e-03,4.389742824786799051e-03,3.856415162938437672e-03,3.110991492699389550e-03,2.073266399099687150e-03,8.816759198764117546e-04,0.000000000000000000e+00,0.000000000000000000e+00,0.000000000000000000e+00,0.000000000000000000e+00,0.000000000000000000e+00,0.000000000000000000e+00,0.000000000000000000e+00,0.000000000000000000e+00,0.000000000000000000e+00,7.256623560485825093e-05,4.729715534967416941e-04,8.406995155754812699e-04,9.138243676502443794e-04,6.529099610609417860e-04,7.667236491272422445e-05,0.000000000000000000e+00,0.000000000000000000e+00,0.000000000000000000e+00,0.000000000000000000e+00,0.000000000000000000e+00,0.000000000000000000e+00,0.000000000000000000e+00,5.237409188869913414e-05,2.614545369196747846e-04,4.060426688312779721e-04,5.184134133039240830e-04,6.566017196561396230e-04,1.035209860436394919e-03,2.153544923501955321e-03,3.278977503850957244e-03,3.860868261644546679e-03,4.360729461034487317e-03,0.000000000000000000e+00,0.000000000000000000e+00,0.000000000000000000e+00,0.000000000000000000e+00,0.000000000000000000e+00,0.000000000000000000e+00,0.000000000000000000e+00,0.000000000000000000e+00,0.000000000000000000e+00,0.000000000000000000e+00,0.000000000000000000e+00,0.000000000000000000e+00,0.000000000000000000e+00,0.000000000000000000e+00,3.612322304248717967e-04,9.262007874971902492e-04,1.400043793839530256e-03,1.825109477885197883e-03,2.238359192305921282e-03,2.663287012488998844e-03,3.105875099557184240e-03,1.835894960057206501e-03,1.025075155981588181e-03,2.009277261979868043e-04,0.000000000000000000e+00,0.000000000000000000e+00,0.000000000000000000e+00,0.000000000000000000e+00,0.000000000000000000e+00,0.000000000000000000e+00,0.000000000000000000e+00,0.000000000000000000e+00,0.000000000000000000e+00,0.000000000000000000e+00,0.000000000000000000e+00,0.000000000000000000e+00,0.000000000000000000e+00,0.000000000000000000e+00,4.502229666171195851e-04,9.836484751449086055e-04,1.406772614965282617e-03,1.702649372639572067e-03,1.864859222913316673e-03,2.027732556535440100e-03,2.603032396857109590e-03,3.041314993435701147e-03,3.332221373603456993e-03,3.470398467756976787e-03,3.453733651659639942e-03,3.285110105012568459e-03,2.976061239459057515e-03,2.549397859050220837e-03,2.038366979680246004e-03,1.481712194496464770e-03,9.159950249315555867e-04,3.676729498848255130e-04,1.432572789338260836e-04,7.316598455064388451e-06,0.000000000000000000e+00,0.000000000000000000e+00,0.000000000000000000e+00,0.000000000000000000e+00,0.000000000000000000e+00,0.000000000000000000e+00,0.000000000000000000e+00,0.000000000000000000e+00,0.000000000000000000e+00,0.000000000000000000e+00,0.000000000000000000e+00,0.000000000000000000e+00,0.000000000000000000e+00,0.000000000000000000e+00,0.000000000000000000e+00,0.000000000000000000e+00,0.000000000000000000e+00,0.000000000000000000e+00,0.000000000000000000e+00,0.000000000000000000e+00,0.000000000000000000e+00,0.000000000000000000e+00,0.000000000000000000e+00,0.000000000000000000e+00,0.000000000000000000e+00,0.000000000000000000e+00,0.000000000000000000e+00,0.000000000000000000e+00,0.000000000000000000e+00,0.000000000000000000e+00,4.560885267788757839e-04,1.614369121207378599e-03,2.572993971301655407e-03,3.288556941111953763e-03,3.731490179578025694e-03,3.881667424847521849e-03,3.729521796230734088e-03,3.418829507767755758e-03,3.918482104147493622e-03,4.333340536182898189e-03,4.634337034397729982e-03,4.790755660312387941e-03,4.774376719843942581e-03,4.564124489942396681e-03,4.151355821060064358e-03,3.545227143000706082e-03,2.776701485716231901e-03,1.899412151521977753e-03,9.861585796318184539e-04,1.210637616424731602e-04,0.000000000000000000e+00,0.000000000000000000e+00,0.000000000000000000e+00
0.000000000000000000e+00,0.000000000000000000e+00,0.000000000000000000e+00,0.000000000000000000e+00,0.000000000000000000e+00,0.000000000000000000e+00,0.000000000000000000e+00,0.000000000000000000e+00,0.000000000000000000e+00,0.000000000000000000e+00,0.000000000000000000e+00,0.000000000000000000e+00,0.000000000000000000e+00,0.000000000000000000e+00,0.000000000000000000e+00,0.000000000000000000e+00,0.000000000000000000e+00,0.000000000000000000e+00,4.321117640448447501e-05,6.376417590114004863e-04,1.092823929828856634e-03,1.403104042720646318e-03,1.575449883244396058e-03,1.622081820733206701e-03,1.557034330941663288e-03,1.398030172311449156e-03,1.171748165454944250e-03,9.180834724024337793e-04,6.888017226632209928e-04,1.112009227695516479e-03,1.598122746750142839e-03,1.914997366444282350e-03,2.008421496139915861e-03,1.850609429344982548e-03,1.450081149609058415e-03,1.631595232847928446e-03,1.704569604512526588e-03,1.627537375206302523e-03,1.421993993434694618e-03,1.141850398930895072e-03,8.592433850124906250e-04,6.472187936407288421e-04,5.637458841279743274e-04,6.401694867682020292e-04,8.755215826209192644e-04,1.236846802946748800e-03,1.665027979383985500e-03,2.085274030414169689e-03,2.420915154205720288e-03,2.608241787403849446e-03,2.609169888641962691e-03,2.418248962515986197e-03,2.061613226979393514e-03,1.587779901521301721e-03,1.052903510071162172e-03,5.050070407254949418e-04,0.000000000000000000e+00,0.000000000000000000e+00,0.000000000000000000e+00,0.000000000000000000e+00,0.000000000000000000e+00,0.000000000000000000e+00,0.000000000000000000e+00,0.000000000000000000e+00,0.000000000000000000e+00,0.000000000000000000e+00,0.000000000000000000e+00,0.000000000000000000e+00,0.000000000000000000e+00,0.000000000000000000e+00,0.000000000000000000e+00,0.000000000000000000e+00,0.000000000000000000e+00,1.137395393528018984e-04,6.624675788478388274e-04,1.031429145104634411e-03,1.263513878928887099e-03,1.415638904831215692e-03,1.543526136190557238e-03,1.689831013510821513e-03,1.877155432293995015e-03,2.106480389438539561e-03,2.360638028752332952e-03,2.611488692904437737e-03,2.828673350553053464e-03,2.987661662567041992e-03,3.075428652303317540e-03,3.093202517032237527e-03,3.056544226190117432e-03,2.993192191407776336e-03,2.938737888144347856e-03,2.930018745244085572e-03,2.996668557364768563e-03,3.152465693182773462e-03,3.389125978288951360e-03,3.675048312276238058e-03,3.959962206991573218e-03,4.184156897487750423e-03,4.289333894291829166e-03,4.228065649053418251e-03,3.970264268773606928e-03,3.506859587407009076e-03,2.851742683400047482e-03,2.042458042750084322e-03,1.138768615925256182e-03,2.173230851223715329e-04,0.000000000000000000e+00,0.000000000000000000e+00,0.000000000000000000e+00,0.000000000000000000e+00,0.000000000000000000e+00,0.000000000000000000e+00,0.000000000000000000e+00,0.000000000000000000e+00,0.000000000000000000e+00,0.000000000000000000e+00,0.000000000000000000e+00,0.000000000000000000e+00,0.000000000000000000e+00,0.000000000000000000e+00,0.000000000000000000e+00,0.000000000000000000e+00,0.000000000000000000e+00,0.000000000000000000e+00,1.065650482410118461e-04,5.100930339299402207e-04,8.890190488660181184e-04,1.264790211829646283e-03,1.663326760739544403e-03,2.101672127466675845e-03,2.577231520281827309e-03,3.063758719764530288e-03,3.515745193717880954e-03,3.879483882034821893e-03,4.106446524848763116e-03,4.164070428380475808e-03,4.040849294923304531e-03,3.745678387988192904e-03,3.303786540517104561e-03,2.752016641447717349e-03,2.134746614155513637e-03,1.499844693521633961e-03,8.933457859806675193e-04,3.527063910679760104e-04,0.000000000000000000e+00,0.000000000000000000e+00,0.000000000000000000e+00,0.000000000000000000e+00,0.000000000000000000e+00,0.000000000000000000e+00,0.000000000000000000e+00,0.000000000000000000e+00,0.000000000000000000e+00,0.000000000000000000e+00,0.000000000000000000e+00,0.000000000000000000e+00,0.000000000000000000e+00,0.000000000000000000e+00,0.000000000000000000e+00,0.000000000000000000e+00,0.000000000000000000e+00,0.000000000000000000e+00,0.000000000000000000e+00,0.000000000000000000e+00,0.000000000000000000e+00,0.000000000000000000e+00,0.000000000000000000e+00,5.813699837514401010e-04,1.283360328759735247e-03,1.621224766125753869e-03,1.539832142595000354e-03,1.046166018621320698e-03,9.818719881273419315e-04,1.668386791344123694e-03,2.245563883277527407e-03,2.691270756779124123e-03,2.980904796067297951e-03,3.096500672375962927e-03,0.000000000000000000e+00,0.000000000000000000e+00,0.000000000000000000e+00,0.000000000000000000e+00,1.833282329599529678e-04,9.373191814790319317e-04,5.007070166859126092e-03,0.000000000000000000e+00,0.000000000000000000e+00,0.000000000000000000e+00,0.000000000000000000e+00,0.000000000000000000e+00,0.000000000000000000e+00,0.000000000000000000e+00,0.000000000000000000e+00,3.213856860229358193e-05,5.926572852941193979e-04,1.029036481699304242e-03,1.335920348518806035e-03,1.545697475461179282e-03,1.722793447098475671e-03,7.093925855401571681e-03,0.000000000000000000e+00,0.000000000000000000e+00,0.000000000000000000e+00,0.000000000000000000e+00,0.000000000000000000e+00,0.000000000000000000e+00,0.000000000000000000e+00,0.000000000000000000e+00,0.000000000000000000e+00,0.000000000000000000e+00,0.000000000000000000e+00,0.000000000000000000e+00,0.000000000000000000e+00,0.000000000000000000e+00,0.000000000000000000e+00,0.000000000000000000e+00,0.000000000000000000e+00,0.000000000000000000e+00,0.000000000000000000e+00,5.001316861171161516e-04,1.397481456682323148e-03,0.000000000000000000e+00,0.000000000000000000e+00,0.000000000000000000e+00,0.000000000000000000e+00,0.000000000000000000e+00,0.000000000000000000e+00,0.000000000000000000e+00,0.000000000000000000e+00,0.000000000000000000e+00,0.000000000000000000e+00,0.000000000000000000e+00,0.000000000000000000e+00,0.000000000000000000e+00,0.000000000000000000e+00,2.364238202238413847e-04,1.572121060580282869e-03,2.863914754938425965e-03,0.000000000000000000e+00,0.000000000000000000e+00,0.000000000000000000e+00,0.000000000000000000e+00,0.000000000000000000e+00,4.945585385769754204e-04,0.000000000000000000e+00,0.000000000000000000e+00,0.000000000000000000e+00,0.000000000000000000e+00,0.000000000000000000e+00,0.000000000000000000e+00,0.000000000000000000e+00,0.000000000000000000e+00,0.000000000000000000e+00,0.000000000000000000e+00,0.000000000000000000e+00,0.000000000000000000e+00,0.000000000000000000e+00,0.000000000000000000e+00,0.000000000000000000e+00,0.000000000000000000e+00,0.000000000000000000e+00,1.318376728469128345e-04,2.642062176247267900e-04,3.078413076249563742e-04,2.602437891002015854e-04,1.253252292692431274e-04,0.000000000000000000e+00,0.000000000000000000e+00,0.000000000000000000e+00,1.089611937753688165e-03,1.390122716800373977e-03,1.162634852158182433e-04,5.044462733255383107e-05,2.187230377672457512e-04,0.000000000000000000e+00,0.000000000000000000e+00,0.000000000000000000e+00,0.000000000000000000e+00,0.000000000000000000e+00,0.000000000000000000e+00,0.000000000000000000e+00,0.000000000000000000e+00,0.000000000000000000e+00,0.000000000000000000e+00,0.000000000000000000e+00,0.000000000000000000e+00,0.000000000000000000e+00,0.000000000000000000e+00,0.000000000000000000e+00,0.000000000000000000e+00,8.659741795763831824e-05,1.289350065647387354e-03,2.260518956521460118e-03,2.940659094036273975e-03,3.306961232612754334e-03,3.370499293261368639e-03,3.165948228281452361e-03,2.737497386523925040e-03,2.126174925303871924e-03,1.363042864745260280e-03,4.700306042453401487e-04,0.000000000000000000e+00,0.000000000000000000e+00,1.539727572881424006e-04,5.810523714616039684e-04,1.041136693931597745e-03,1.457747731667326891e-03,1.754138728352701640e-03,1.874556534718223571e-03,1.799883661111583615e-03,1.551874291117316413e-03,1.184459195760030484e-03,7.656284110683994485e-04,3.567669829392781000e-04,0.000000000000000000e+00,0.000000000000000000e+00,0.000000000000000000e+00,0.000000000000000000e+00,0.000000000000000000e+00,0.000000000000000000e+00,0.000000000000000000e+00,0.000000000000000000e+00,0.000000000000000000e+00,0.000000000000000000e+00,0.000000000000000000e+00,0.000000000000000000e+00,0.000000000000000000e+00,0.000000000000000000e+00,0.000000000000000000e+00,0.000000000000000000e+00,0.000000000000000000e+00,0.000000000000000000e+00,0.000000000000000000e+00,0.000000000000000000e+00,0.000000000000000000e+00,0.000000000000000000e+00,0.000000000000000000e+00,0.000000000000000000e+00,0.000000000000000000e+00,0.000000000000000000e+00,0.000000000000000000e+00,0.000000000000000000e+00,1.827012761224906063e-04,6.400509114623181362e-04,1.037891083530058075e-03,1.347199228413076526e-03,1.541374412488776728e-03,1.594798443685569974e-03,1.486549556733316553e-03,1.208675381110658857e-03,7.753830787863005489e-04,2.283250126184739809e-04,0.000000000000000000e+00,0.000000000000000000e+00,0.000000000000000000e+00,0.000000000000000000e+00,0.000000000000000000e+00,0.000000000000000000e+00,0.000000000000000000e+00,0.000000000000000000e+00,0.000000000000000000e+00,0.000000000000000000e+00,1.471443774546107928e-04,1.208892407779689178e-03,2.425392092478253526e-03,4.293827548316372401e-03,0.000000000000000000e+00,0.000000000000000000e+00,0.000000000000000000e+00,0.000000000000000000e+00,0.000000000000000000e+00,0.000000000000000000e+00,0.000000000000000000e+00,0.000000000000000000e+00,0.000000000000000000e+00,0.000000000000000000e+00,0.000000000000000000e+00,0.000000000000000000e+00,0.000000000000000000e+00,0.000000000000000000e+00,0.000000000000000000e+00,0.000000000000000000e+00,0.000000000000000000e+00,0.000000000000000000e+00,0.000000000000000000e+00,3.643217400298240545e-03,0.000000000000000000e+00,0.000000000000000000e+00,0.000000000000000000e+00,0.000000000000000000e+00,0.000000000000000000e+00,0.000000000000000000e+00,0.000000000000000000e+00,0.000000000000000000e+00,4.843214443835998102e-04,1.744288957426848828e-03,2.905470519068572254e-03,3.906671944672535958e-03,4.678109031332472814e-03,5.146191569624868588e-03
1.005074113416758690e-07,0.000000000000000000e+00,0.000000000000000000e+00,0.000000000000000000e+00,0.000000000000000000e+00,0.000000000000000000e+00,0.000000000000000000e+00,0.000000000000000000e+00,0.000000000000000000e+00,0.000000000000000000e+00,0.000000000000000000e+00,0.000000000000000000e+00,0.000000000000000000e+00,0.000000000000000000e+00,0.000000000000000000e+00,0.000000000000000000e+00,0.000000000000000000e+00,0.000000000000000000e+00,1.415315798396735061e-04,1.591694693424810516e-04,1.700927232160326201e-03,1.746969675144896224e-04,8.131773576755196246e-04,1.741818067822862789e-03,2.867599711270736075e-03,4.053436285851009201e-03,5.139295340362989850e-03,5.969514816511502925e-03,6.419938289153628158e-03,6.418856812785695212e-03,5.957587230167924949e-03,5.089249048530281906e-03,3.917072635668436033e-03,4.264268911104018497e-03,5.236737971928057123e-03,5.964330241287231840e-03,7.451140599320419007e-03,0.000000000000000000e+00,0.000000000000000000e+00,0.000000000000000000e+00,0.000000000000000000e+00,0.000000000000000000e+00,0.000000000000000000e+00,0.000000000000000000e+00,0.000000000000000000e+00,0.000000000000000000e+00,3.079483598108487589e-04,6.745566011705261041e-04,6.000658770683079497e-04,7.377535657279747020e-05,0.000000000000000000e+00,0.000000000000000000e+00,0.000000000000000000e+00,0.000000000000000000e+00,0.000000000000000000e+00,0.000000000000000000e+00,0.000000000000000000e+00,0.000000000000000000e+00,0.000000000000000000e+00,0.000000000000000000e+00,0.000000000000000000e+00,0.000000000000000000e+00,0.000000000000000000e+00,0.000000000000000000e+00,0.000000000000000000e+00,3.389005108954829806e-04,1.041333683340074602e-03,1.742926109577905237e-03,6.859019526542808106e-04,0.000000000000000000e+00,0.000000000000000000e+00,0.000000000000000000e+00,0.000000000000000000e+00,0.000000000000000000e+00,0.000000000000000000e+00,0.000000000000000000e+00,0.000000000000000000e+00,0.000000000000000000e+00,0.000000000000000000e+00,0.000000000000000000e+00,0.000000000000000000e+00,3.251963968367698604e-04,1.407882423515890817e-03,2.449763049013050763e-03,3.362969189880394769e-03,4.058702575692946408e-03,4.463551607876546472e-03,4.532907723108510652e-03,1.227921887481403561e-03,5.050452179058942566e-04,0.000000000000000000e+00,0.000000000000000000e+00,0.000000000000000000e+00,0.000000000000000000e+00,0.000000000000000000e+00,0.000000000000000000e+00,0.000000000000000000e+00,0.000000000000000000e+00,0.000000000000000000e+00,0.000000000000000000e+00,0.000000000000000000e+00,0.000000000000000000e+00,0.000000000000000000e+00,0.000000000000000000e+00,0.000000000000000000e+00,0.000000000000000000e+00,2.142651741682645368e-05,5.611336183973251643e-05,1.022436226399462105e-04,1.618442679636133117e-04,2.366263180973034695e-04,3.279181106119431754e-04,5.705880088109832127e-04,9.355474511156676139e-04,1.488767823883252852e-03,2.003205322626139435e-03,2.459428248595876138e-03,2.847904863462889357e-03,0.000000000000000000e+00,0.000000000000000000e+00,0.000000000000000000e+00,0.000000000000000000e+00,0.000000000000000000e+00,0.000000000000000000e+00,5.892974483520084527e-05,8.058012191468495169e-04,1.584653505038630811e-03,4.409881609203118551e-03,0.000000000000000000e+00,0.000000000000000000e+00,0.000000000000000000e+00,0.000000000000000000e+00,0.000000000000000000e+00,0.000000000000000000e+00,0.000000000000000000e+00,0.000000000000000000e+00,0.000000000000000000e+00,0.000000000000000000e+00,0.000000000000000000e+00,0.000000000000000000e+00,1.892158661406574975e-04,6.992501013741797772e-04,1.039883104365247040e-03,1.222500855051957035e-03,1.261132697249538583e-03,1.168150022914000953e-03,9.570738988918335967e-04,6.491400416609401959e-04,2.783986803148258632e-04,0.000000000000000000e+00,0.000000000000000000e+00,3.054817325294420369e-05,1.213458507414032174e-03,1.391569735256570958e-03,6.248170571712613822e-04,7.733493450961569440e-04,8.943432111723383223e-04,0.000000000000000000e+00,0.000000000000000000e+00,0.000000000000000000e+00,0.000000000000000000e+00,0.000000000000000000e+00,0.000000000000000000e+00,0.000000000000000000e+00,0.000000000000000000e+00,0.000000000000000000e+00,0.000000000000000000e+00,0.000000000000000000e+00,0.000000000000000000e+00,1.140887157135388728e-04,2.988182953500924301e-04,5.276293764856807922e-04,7.605511832639237201e-04,9.433002957935092588e-04,1.110373100379682216e-03,1.342786707268522938e-03,1.572478052742829618e-03,1.797302405462092908e-03,2.015274955180970402e-03,3.240596249261982684e-03,1.809608585881756614e-03,2.534381576881332247e-03,2.785823556417391534e-03,2.946878178723732426e-03,3.093653571639653609e-03,3.225769128426768211e-03,3.343098188907261004e-03,3.445756305712489517e-03,3.534091709529723659e-03,3.608666750357735105e-03,0.000000000000000000e+00,0.000000000000000000e+00,0.000000000000000000e+00,0.000000000000000000e+00,0.000000000000000000e+00,0.000000000000000000e+00,0.000000000000000000e+00,0.000000000000000000e+00,0.000000000000000000e+00,2.109278657541363176e-04,4.001809061989580838e-04,3.789516538878543827e-04,1.184974266094418515e-04,0.000000000000000000e+00,0.000000000000000000e+00,0.000000000000000000e+00,0.000000000000000000e+00,0.000000000000000000e+00,0.000000000000000000e+00,0.000000000000000000e+00,0.000000000000000000e+00,0.000000000000000000e+00,0.000000000000000000e+00,0.000000000000000000e+00,0.000000000000000000e+00,0.000000000000000000e+00,0.000000000000000000e+00,0.000000000000000000e+00,0.000000000000000000e+00,0.000000000000000000e+00,0.000000000000000000e+00,0.000000000000000000e+00,0.000000000000000000e+00,0.000000000000000000e+00,0.000000000000000000e+00,6.146250974663329016e-04,1.286340553870280769e-03,1.838579721130518922e-03,2.187717926964729415e-03,2.283631723418484347e-03,2.118521023793380840e-03,1.724719780490436812e-03,1.162422790237230448e-03,5.018365607702282918e-04,0.000000000000000000e+00,0.000000000000000000e+00,0.000000000000000000e+00,3.124197642232409830e-04,1.375955205728023045e-03,2.164170395866500587e-03,5.932046903284791430e-03,0.000000000000000000e+00,0.000000000000000000e+00,0.000000000000000000e+00,0.000000000000000000e+00,0.000000000000000000e+00,0.000000000000000000e+00,0.000000000000000000e+00,0.000000000000000000e+00,0.000000000000000000e+00,0.000000000000000000e+00,0.000000000000000000e+00,0.000000000000000000e+00,0.000000000000000000e+00,0.000000000000000000e+00,0.000000000000000000e+00,0.000000000000000000e+00,1.904153371058198933e-03,0.000000000000000000e+00,0.000000000000000000e+00,0.000000000000000000e+00,0.000000000000000000e+00,0.000000000000000000e+00,0.000000000000000000e+00,0.000000000000000000e+00,0.000000000000000000e+00,0.000000000000000000e+00,0.000000000000000000e+00,1.082090136402276154e-03,5.184168232662430403e-03,0.000000000000000000e+00,0.000000000000000000e+00,0.000000000000000000e+00,0.000000000000000000e+00,0.000000000000000000e+00,0.000000000000000000e+00,0.000000000000000000e+00,0.000000000000000000e+00,0.000000000000000000e+00,0.000000000000000000e+00,0.000000000000000000e+00,0.000000000000000000e+00,0.000000000000000000e+00,0.000000000000000000e+00,0.000000000000000000e+00,0.000000000000000000e+00,0.000000000000000000e+00,0.000000000000000000e+00,0.000000000000000000e+00,0.000000000000000000e+00,0.000000000000000000e+00,0.000000000000000000e+00,0.000000000000000000e+00,0.000000000000000000e+00,0.000000000000000000e+00,0.000000000000000000e+00,0.000000000000000000e+00,0.000000000000000000e+00,0.000000000000000000e+00,0.000000000000000000e+00,0.000000000000000000e+00,0.000000000000000000e+00,0.000000000000000000e+00,0.000000000000000000e+00,0.000000000000000000e+00,0.000000000000000000e+00,0.000000000000000000e+00,0.000000000000000000e+00,0.000000000000000000e+00,0.000000000000000000e+00,0.000000000000000000e+00,0.000000000000000000e+00,0.000000000000000000e+00,0.000000000000000000e+00,0.000000000000000000e+00,0.000000000000000000e+00,0.000000000000000000e+00,0.000000000000000000e+00,0.000000000000000000e+00,0.000000000000000000e+00,0.000000000000000000e+00,0.000000000000000000e+00,0.000000000000000000e+00,0.000000000000000000e+00,0.000000000000000000e+00,0.000000000000000000e+00,0.000000000000000000e+00,0.000000000000000000e+00,0.000000000000000000e+00,0.000000000000000000e+00,2.517019095340356600e-04,1.087395237276847157e-03,1.974346190214703450e-03,2.824684873938185323e-03,3.538628011197710553e-03,4.026003996748145179e-03,4.226956312670678007e-03,4.126044288113949951e-03,3.755645160128821391e-03,3.187518663322434168e-03,2.514725370710120794e-03,1.828812067789591187e-03,1.198677845246098796e-03,6.573238054872027839e-04,2.006812401542033527e-04,3.491548216780038336e-05,2.639254774374779310e-05,2.208406134174265337e-05,2.411000481788960184e-05,3.444035018106792210e-05,5.484146686712521962e-05,8.682882779993568434e-05,1.316243473892539178e-04,1.901245411737999302e-04,2.628762201070216340e-04,3.500649095203445379e-04,4.515151539207688607e-04,5.667001825103034794e-04,2.624492258088391775e-03,1.548636096968109260e-03,0.000000000000000000e+00,0.000000000000000000e+00,0.000000000000000000e+00,5.847324538882505774e-04,9.953855180474281954e-04,1.123140281167764754e-03,9.490551381989934540e-04,5.031860191961065945e-04,0.000000000000000000e+00,0.000000000000000000e+00,2.755310970210743090e-04,6.758483547764331098e-04,1.008399063544764170e-03,1.261454190718896582e-03,1.414670041838049768e-03,1.438083107097964768e-03,1.297103581438426023e-03,9.627341391632520231e-04,4.239229850617263866e-04,0.000000000000000000e+00,0.000000000000000000e+00,0.000000000000000000e+00,0.000000000000000000e+00,0.000000000000000000e+00,0.000000000000000000e+00,0.000000000000000000e+00,0.000000000000000000e+00,0.000000000000000000e+00,0.000000000000000000e+00,3.953352162722153281e-04,2.075280434485181433e-03,0.000000000000000000e+00,0.000000000000000000e+00,0.000000000000000000e+00,0.000000000000000000e+00,0.000000000000000000e+00,0.000000000000000000e+00,0.000000000000000000e+00,0.000000000000000000e+00,0.000000000000000000e+00
7.913414549874731517e-08,6.898179908830033742e-04,1.668090267051936014e-03,2.826079032814853703e-03,4.023217695510348905e-03,5.103831014858663424e-03,5.919319044625498752e-03,6.351869194366292597e-03,6.335141954431529332e-03,5.867402201619797975e-03,5.013581060286029234e-03,3.894766047210982979e-03,2.666362968508394389e-03,1.488882964188136850e-03,4.973776043880241303e-04,4.939331758637741749e-04,5.959558373312138146e-04,7.010763458958174351e-04,1.671444803509071356e-03,1.049910626622025007e-02,0.000000000000000000e+00,0.000000000000000000e+00,0.000000000000000000e+00,0.000000000000000000e+00,0.000000000000000000e+00,0.000000000000000000e+00,0.000000000000000000e+00,0.000000000000000000e+00,0.000000000000000000e+00,0.000000000000000000e+00,0.000000000000000000e+00,0.000000000000000000e+00,0.000000000000000000e+00,0.000000000000000000e+00,0.000000000000000000e+00,0.000000000000000000e+00,0.000000000000000000e+00,0.000000000000000000e+00,0.000000000000000000e+00,0.000000000000000000e+00,0.000000000000000000e+00,0.000000000000000000e+00,0.000000000000000000e+00,0.000000000000000000e+00,0.000000000000000000e+00,0.000000000000000000e+00,0.000000000000000000e+00,0.000000000000000000e+00,0.000000000000000000e+00,0.000000000000000000e+00,0.000000000000000000e+00,0.000000000000000000e+00,0.000000000000000000e+00,0.000000000000000000e+00,0.000000000000000000e+00,0.000000000000000000e+00,0.000000000000000000e+00,1.070748740160035145e-05,1.090526308227849142e-03,1.946059460886395871e-03,2.604660267059360698e-03,3.143107026111444623e-03,3.657249078415373156e-03,4.226430822678663678e-03,4.883330309803286286e-03,5.598991379530546091e-03,6.288389334672542415e-03,6.834872527491166715e-03,7.125047222984400713e-03,7.082001086885572616e-03,6.685936343553878884e-03,5.976688839061262276e-03,5.039775038157542041e-03,3.983206647743158142e-03,2.914204997801058891e-03,1.922737071531472686e-03,1.074270043872189951e-03,4.097124978420807755e-04,1.074232897655882884e-05,1.941154676462618711e-05,3.691715392564151902e-04,6.201567135274265591e-04,6.699431297480087704e-04,5.685625849202736700e-04,3.747329249732572385e-04,5.859859200999922033e-04,7.382477841208931425e-04,8.199285261994573122e-04,8.281114042867321031e-04,7.642971024903274678e-04,6.330633931612171311e-04,4.442394154394283283e-04,2.165288106949205210e-04,0.000000000000000000e+00,0.000000000000000000e+00,0.000000000000000000e+00,0.000000000000000000e+00,0.000000000000000000e+00,0.000000000000000000e+00,0.000000000000000000e+00,0.000000000000000000e+00,0.000000000000000000e+00,0.000000000000000000e+00,0.000000000000000000e+00,0.000000000000000000e+00,0.000000000000000000e+00,0.000000000000000000e+00,0.000000000000000000e+00,0.000000000000000000e+00,0.000000000000000000e+00,0.000000000000000000e+00,1.495299432219843476e-04,1.344297537201409381e-03,1.202707245810627186e-03,1.679216093653486527e-03,2.043995196984491058e-03,2.289941016726148009e-03,2.436585608264538357e-03,2.516000711471951239e-03,2.557083638977964649e-03,2.573907085927921307e-03,2.560963226951000395e-03,0.000000000000000000e+00,0.000000000000000000e+00,0.000000000000000000e+00,4.839502915202830379e-04,6.067301805339441172e-04,0.000000000000000000e+00,0.000000000000000000e+00,0.000000000000000000e+00,1.004526783035651020e-03,0.000000000000000000e+00,1.361382375127610626e-04,7.123968404767743465e-04,1.224785118229419897e-03,1.641402874642545594e-03,0.000000000000000000e+00,0.000000000000000000e+00,0.000000000000000000e+00,0.000000000000000000e+00,0.000000000000000000e+00,0.000000000000000000e+00,0.000000000000000000e+00,3.421855536223845397e-03,0.000000000000000000e+00,0.000000000000000000e+00,1.275784760711027774e-04,9.977130448727733643e-04,1.409184433734081377e-03,0.000000000000000000e+00,0.000000000000000000e+00,0.000000000000000000e+00,0.000000000000000000e+00,0.000000000000000000e+00,0.000000000000000000e+00,7.924193043190073211e-04,2.553550423467357017e-03,3.064337034924344977e-03,4.125080709559536714e-03,5.041711825592373915e-03,5.756766825990039353e-03,6.230555153470393979e-03,6.448209704442426152e-03,0.000000000000000000e+00,0.000000000000000000e+00,0.000000000000000000e+00,0.000000000000000000e+00,0.000000000000000000e+00,0.000000000000000000e+00,0.000000000000000000e+00,0.000000000000000000e+00,0.000000000000000000e+00,0.000000000000000000e+00,0.000000000000000000e+00,0.000000000000000000e+00,1.868431683563993102e-04,2.183041434275756454e-04,6.301608645518359624e-05,0.000000000000000000e+00,0.000000000000000000e+00,0.000000000000000000e+00,0.000000000000000000e+00,0.000000000000000000e+00,0.000000000000000000e+00,0.000000000000000000e+00,2.226150739779583440e-04,6.872918708674515334e-04,1.233908508864002291e-03,1.865267149957332022e-03,2.576065502946919567e-03,3.343092597139458739e-03,4.120057072705485615e-03,0.000000000000000000e+00,0.000000000000000000e+00,0.000000000000000000e+00,0.000000000000000000e+00,0.000000000000000000e+00,0.000000000000000000e+00,0.000000000000000000e+00,1.271648689916635708e-04,8.526076422796592712e-04,1.530700518488490713e-03,2.110198756994502000e-03,2.556563251462003975e-03,2.859930853050894790e-03,4.325793638163776683e-03,0.000000000000000000e+00,0.000000000000000000e+00,0.000000000000000000e+00,0.000000000000000000e+00,0.000000000000000000e+00,0.000000000000000000e+00,0.000000000000000000e+00,0.000000000000000000e+00,0.000000000000000000e+00,0.000000000000000000e+00,1.519416311973497866e-04,7.871717503949639694e-04,1.264305645559928937e-03,1.537610954106075848e-03,1.584880526129655567e-03,1.413736148660092555e-03,1.064975228331719757e-03,6.101551294343844634e-04,1.417718565991720283e-04,2.472535331042179010e-04,1.041330664982814290e-03,0.000000000000000000e+00,0.000000000000000000e+00,0.000000000000000000e+00,0.000000000000000000e+00,0.000000000000000000e+00,0.000000000000000000e+00,0.000000000000000000e+00,0.000000000000000000e+00,0.000000000000000000e+00,0.000000000000000000e+00,0.000000000000000000e+00,0.000000000000000000e+00,0.000000000000000000e+00,0.000000000000000000e+00,0.000000000000000000e+00,0.000000000000000000e+00,0.000000000000000000e+00,0.000000000000000000e+00,0.000000000000000000e+00,0.000000000000000000e+00,0.000000000000000000e+00,6.019364313426211989e-04,1.172854787706371135e-03,5.749896064257464801e-03,1.474996409431556270e-03,1.312289192578527898e-03,1.044981154785159898e-03,7.598383371923251531e-04,5.365948370506458572e-04,4.387957086645831407e-04,5.073835833101703790e-04,7.568896490465618944e-04,1.174073905477431403e-03,1.719520316319820153e-03,2.333032006337251978e-03,2.943083962381249329e-03,0.000000000000000000e+00,0.000000000000000000e+00,0.000000000000000000e+00,0.000000000000000000e+00,0.000000000000000000e+00,0.000000000000000000e+00,0.000000000000000000e+00,0.000000000000000000e+00,0.000000000000000000e+00,0.000000000000000000e+00,0.000000000000000000e+00,4.595579607098377781e-04,1.133275750513111938e-03,1.625577706965467516e-03,1.887374092555461381e-03,1.902262324960077126e-03,1.692022185779985420e-03,1.313032133333238332e-03,8.441979034527286258e-04,6.018198052037082536e-04,7.586754504900103087e-04,8.796521867375889066e-04,9.627339550229602498e-04,1.006642098335596910e-03,1.010863966658232492e-03,9.756610411090111150e-04,9.020518803944488177e-04,7.917778856248691407e-04,6.472417079487781649e-04,4.714380270218809029e-04,5.316471294971031455e-04,7.697590243631463342e-04,1.008326851494126437e-03,1.225365434785343106e-03,1.388338719143387230e-03,1.455650920971143271e-03,1.381826233933912016e-03,1.126459682502410718e-03,6.652693438310719205e-04,7.556240817462246857e-04,1.011436412951357893e-03,1.109425878000998766e-03,1.053697166155633013e-03,8.485833593966090205e-04,5.001581487277214407e-04,2.166242077350240592e-05,0.000000000000000000e+00,0.000000000000000000e+00,0.000000000000000000e+00,0.000000000000000000e+00,0.000000000000000000e+00,0.000000000000000000e+00,2.224260506833658578e-04,7.463897653994132006e-04,9.954201212003820944e-04,9.744032001364100366e-04,7.095610501026792128e-04,2.326818954128007533e-04,0.000000000000000000e+00,0.000000000000000000e+00,0.000000000000000000e+00,0.000000000000000000e+00,0.000000000000000000e+00,0.000000000000000000e+00,0.000000000000000000e+00,0.000000000000000000e+00,0.000000000000000000e+00,6.936284358443828898e-04,1.846979485183583526e-03,2.841914959529404355e-03,3.570604903409007116e-03,3.958242482454340204e-03,3.974377583222343975e-03,3.634299258472462307e-03,2.992083273739704931e-03,2.128763505529757474e-03,1.139206078133586653e-03,1.201446890301309864e-04,0.000000000000000000e+00,0.000000000000000000e+00,0.000000000000000000e+00,0.000000000000000000e+00,0.000000000000000000e+00,0.000000000000000000e+00,0.000000000000000000e+00,0.000000000000000000e+00,0.000000000000000000e+00,0.000000000000000000e+00,0.000000000000000000e+00,0.000000000000000000e+00,0.000000000000000000e+00,4.953396774624802066e-05,1.404272947606774978e-04,2.314590332896758061e-04,3.224571624364429919e-04,4.132434709812141940e-04,3.343239220806694563e-03,3.350887462694380082e-03,0.000000000000000000e+00,0.000000000000000000e+00,0.000000000000000000e+00,0.000000000000000000e+00,6.332150604919686539e-04,1.416621816505985289e-03,2.137822119728639489e-03,2.754886075708516940e-03,3.221936357823354177e-03,3.493930785105403992e-03,3.532771129342574933e-03,3.313825400196847293e-03,2.831383443234326228e-03,2.101661452341839226e-03,1.373875001478189629e-03,1.531318099461332662e-03,1.650450013156165097e-03,1.743731758995152419e-03,1.832771239885889981e-03,1.939881601223491419e-03,2.080660080072471458e-03,2.259755171789446827e-03,2.470535259716117368e-03,2.697993150859568420e-03,2.923338302137851348e-03,3.128468621437468893e-03,3.298844594568100912e-03,3.424074403426986303e-03,3.496435819268551865e-03,3.508419494324920007e-03,3.450879650028641169e-03,3.313334623921022730e-03,3.087275151690280130e-03,2.772014473055283475e-03,2.381020557171949822e-03,1.945518601624076542e-03,1.512291774977721779e-03,1.134434385468742782e-03,8.569931148236469140e-04
1.194455333478716103e-07,6.544182359655527289e-06,6.756595314991139568e-05,5.451212276874371288e-04,4.594735529621071031e-04,0.000000000000000000e+00,0.000000000000000000e+00,0.000000000000000000e+00,0.000000000000000000e+00,0.000000000000000000e+00,0.000000000000000000e+00,0.000000000000000000e+00,0.000000000000000000e+00,0.000000000000000000e+00,8.477316044094634559e-04,0.000000000000000000e+00,0.000000000000000000e+00,0.000000000000000000e+00,0.000000000000000000e+00,0.000000000000000000e+00,0.000000000000000000e+00,0.000000000000000000e+00,0.000000000000000000e+00,0.000000000000000000e+00,0.000000000000000000e+00,0.000000000000000000e+00,0.000000000000000000e+00,0.000000000000000000e+00,2.774545566464399916e-04,1.748779312672545626e-03,3.122614631448209378e-03,4.333115742719463419e-03,5.331521630486520287e-03,6.083294468339888947e-03,6.563499306345564784e-03,6.753835152182107761e-03,6.643877595362368202e-03,6.236955389957136650e-03,5.558498732726401513e-03,4.662885479035322120e-03,3.634628540250280267e-03,2.581304223019273165e-03,1.618431091375644500e-03,2.022505662047851399e-03,2.580317731275241690e-03,3.155160454380316094e-03,3.666219955082085976e-03,4.044972509408596879e-03,4.249031324029535310e-03,4.269729421131274703e-03,4.131283447370345113e-03,3.881583699114088317e-03,2.558220622341233607e-03,2.632084108455102350e-03,2.809441995071776475e-03,0.000000000000000000e+00,0.000000000000000000e+00,0.000000000000000000e+00,0.000000000000000000e+00,0.000000000000000000e+00,0.000000000000000000e+00,1.242716208787955504e-03,2.529841426191775568e-03,2.562220420534326581e-03,3.001006360507616454e-03,3.181300757433686704e-03,3.113533093100237514e-03,2.837673020989844603e-03,2.408034337012256946e-03,1.880428238062582845e-03,1.304761097031538171e-03,7.231313190170180014e-04,5.464279914517564595e-04,1.317750668064257471e-03,2.056203642132714993e-03,2.700681401518184067e-03,3.202403883012200619e-03,3.531959278220689422e-03,3.682879996860740669e-03,3.670924012596270269e-03,3.529225648550599927e-03,3.300523510145281138e-03,3.028321531487802604e-03,2.748853769483895326e-03,2.485139561904927460e-03,2.243712089675901824e-03,2.014175062342487936e-03,1.771680860517712728e-03,1.482389045587425734e-03,1.984578437743424271e-03,2.613150287251234799e-03,3.106820546334313881e-03,3.412886959967185128e-03,3.518022254351910183e-03,3.448537579202470057e-03,3.259146080269165972e-03,3.014095673806520617e-03,2.766678063226443891e-03,2.543541678824623106e-03,2.338858366774014888e-03,2.120439706526186952e-03,1.846003014815162692e-03,1.484133436138701870e-03,1.032485846700482816e-03,5.264759305065713074e-04,3.516069492313599856e-05,0.000000000000000000e+00,0.000000000000000000e+00,0.000000000000000000e+00,0.000000000000000000e+00,3.933986751194328414e-04,1.198277622816520342e-03,2.155449479254786284e-03,3.184000846573302977e-03,4.199756691090799840e-03,5.123764756906506491e-03,5.889340158113198602e-03,6.447200508076482081e-03,6.767813201284412876e-03,6.840442836500567995e-03,6.669637683560381003e-03,7.498907937377194063e-03,0.000000000000000000e+00,0.000000000000000000e+00,0.000000000000000000e+00,0.000000000000000000e+00,0.000000000000000000e+00,1.223892316055224605e-03,0.000000000000000000e+00,0.000000000000000000e+00,0.000000000000000000e+00,0.000000000000000000e+00,0.000000000000000000e+00,3.454414015765856121e-04,9.953727801618205730e-04,2.638623995578967454e-03,0.000000000000000000e+00,0.000000000000000000e+00,0.000000000000000000e+00,0.000000000000000000e+00,0.000000000000000000e+00,0.000000000000000000e+00,0.000000000000000000e+00,0.000000000000000000e+00,0.000000000000000000e+00,0.000000000000000000e+00,0.000000000000000000e+00,0.000000000000000000e+00,0.000000000000000000e+00,0.000000000000000000e+00,0.000000000000000000e+00,0.000000000000000000e+00,0.000000000000000000e+00,0.000000000000000000e+00,0.000000000000000000e+00,0.000000000000000000e+00,0.000000000000000000e+00,0.000000000000000000e+00,0.000000000000000000e+00,0.000000000000000000e+00,0.000000000000000000e+00,0.000000000000000000e+00,0.000000000000000000e+00,0.000000000000000000e+00,0.000000000000000000e+00,0.000000000000000000e+00,4.981619617821945794e-04,9.597116943546453146e-04,1.224159550614735501e-03,1.265227397224880654e-03,1.097343919805595378e-03,7.712187583797334165e-04,8.296788485980096045e-04,1.485671966900763922e-03,2.200543858111034604e-03,2.927530140101350462e-03,3.611182513941085977e-03,4.195383427305377291e-03,4.631819751557572813e-03,4.887587402872485033e-03,4.950861013097876927e-03,4.833711773800513332e-03,4.571249864058732001e-03,4.216533653151914238e-03,3.831427926084602330e-03,3.474811688886867214e-03,3.190837647782763815e-03,3.000568390117359756e-03,2.899660778125580981e-03,2.862832390772937930e-03,2.853395047399036408e-03,2.834335122269869035e-03,2.777184148842219182e-03,2.666302990354191618e-03,2.498438398908795280e-03,2.279291034462672862e-03,2.019554204225862144e-03,1.732233127436130565e-03,1.431676425721301960e-03,1.133490804991159036e-03,9.598898468704428156e-04,1.299382749727592476e-03,1.421377559789665504e-03,1.272899313302145157e-03,8.488594369321303271e-04,1.990100173127081862e-04,6.132126577208000748e-05,2.486396173764264124e-05,0.000000000000000000e+00,0.000000000000000000e+00,0.000000000000000000e+00,0.000000000000000000e+00,0.000000000000000000e+00,0.000000000000000000e+00,0.000000000000000000e+00,0.000000000000000000e+00,0.000000000000000000e+00,0.000000000000000000e+00,0.000000000000000000e+00,0.000000000000000000e+00,1.673506746333546348e-04,5.238252597906918953e-04,8.392747783765505936e-04,1.060860729886783016e-03,1.137531451595046083e-03,1.036717429558089987e-03,7.570560688825037424e-04,3.323536377787571282e-04,0.000000000000000000e+00,0.000000000000000000e+00,0.000000000000000000e+00,0.000000000000000000e+00,0.000000000000000000e+00,0.000000000000000000e+00,0.000000000000000000e+00,0.000000000000000000e+00,0.000000000000000000e+00,0.000000000000000000e+00,0.000000000000000000e+00,0.000000000000000000e+00,0.000000000000000000e+00,0.000000000000000000e+00,0.000000000000000000e+00,0.000000000000000000e+00,0.000000000000000000e+00,0.000000000000000000e+00,0.000000000000000000e+00,0.000000000000000000e+00,0.000000000000000000e+00,0.000000000000000000e+00,0.000000000000000000e+00,0.000000000000000000e+00,0.000000000000000000e+00,0.000000000000000000e+00,0.000000000000000000e+00,0.000000000000000000e+00,0.000000000000000000e+00,0.000000000000000000e+00,0.000000000000000000e+00,0.000000000000000000e+00,0.000000000000000000e+00,0.000000000000000000e+00,6.168809044166087053e-05,3.955907906328465988e-04,5.583130968442045908e-04,5.604052713716409099e-04,4.413331755401430473e-04,2.591917605296045497e-04,7.917731071938463388e-05,0.000000000000000000e+00,0.000000000000000000e+00,1.600920388983747590e-03,0.000000000000000000e+00,0.000000000000000000e+00,0.000000000000000000e+00,0.000000000000000000e+00,0.000000000000000000e+00,0.000000000000000000e+00,0.000000000000000000e+00,0.000000000000000000e+00,0.000000000000000000e+00,0.000000000000000000e+00,0.000000000000000000e+00,0.000000000000000000e+00,0.000000000000000000e+00,0.000000000000000000e+00,0.000000000000000000e+00,0.000000000000000000e+00,0.000000000000000000e+00,0.000000000000000000e+00,0.000000000000000000e+00,0.000000000000000000e+00,0.000000000000000000e+00,0.000000000000000000e+00,0.000000000000000000e+00,0.000000000000000000e+00,0.000000000000000000e+00,0.000000000000000000e+00,0.000000000000000000e+00,0.000000000000000000e+00,0.000000000000000000e+00,0.000000000000000000e+00,1.945416129297654340e-04,5.506427857230745525e-04,7.560093182099026331e-04,7.804591670766375215e-04,6.251899842318659915e-04,3.216666710700761557e-04,0.000000000000000000e+00,0.000000000000000000e+00,0.000000000000000000e+00,0.000000000000000000e+00,0.000000000000000000e+00,0.000000000000000000e+00,0.000000000000000000e+00,6.112009198722020671e-04,1.263761252895334196e-03,1.725113295933423073e-03,1.875983705286212800e-03,1.648757916825713699e-03,1.048113616142820181e-03,1.513485492230580529e-04,0.000000000000000000e+00,0.000000000000000000e+00,0.000000000000000000e+00,0.000000000000000000e+00,0.000000000000000000e+00,0.000000000000000000e+00,0.000000000000000000e+00,0.000000000000000000e+00,0.000000000000000000e+00,0.000000000000000000e+00,0.000000000000000000e+00,0.000000000000000000e+00,0.000000000000000000e+00,0.000000000000000000e+00,0.000000000000000000e+00,0.000000000000000000e+00,0.000000000000000000e+00,0.000000000000000000e+00,9.024095134568231602e-05,1.333569142880822352e-03,2.478870138706876919e-03,0.000000000000000000e+00,0.000000000000000000e+00,9.709597665475975582e-05,5.884984981840612941e-04,1.087073734679957311e-03,1.572011474909060322e-03,0.000000000000000000e+00,0.000000000000000000e+00,0.000000000000000000e+00,0.000000000000000000e+00,0.000000000000000000e+00,0.000000000000000000e+00,0.000000000000000000e+00,0.000000000000000000e+00,0.000000000000000000e+00,0.000000000000000000e+00,0.000000000000000000e+00,0.000000000000000000e+00,0.000000000000000000e+00,0.000000000000000000e+00,0.000000000000000000e+00,0.000000000000000000e+00,0.000000000000000000e+00,1.350714916905914947e-03,8.835116410674313629e-04,9.953112772488298225e-04,0.000000000000000000e+00,1.752856025175515437e-04,6.437054878210511904e-04,0.000000000000000000e+00,0.000000000000000000e+00,0.000000000000000000e+00,0.000000000000000000e+00,0.000000000000000000e+00,0.000000000000000000e+00,0.000000000000000000e+00,6.377482609319821234e-04,1.509265736053481705e-03,2.462998982023953138e-03,3.413800110605550147e-03,0.000000000000000000e+00,0.000000000000000000e+00,0.000000000000000000e+00,0.000000000000000000e+00,0.000000000000000000e+00,0.000000000000000000e+00,0.000000000000000000e+00,0.000000000000000000e+00,0.000000000000000000e+00,0.000000000000000000e+00,0.000000000000000000e+00,0.000000000000000000e+00,0.000000000000000000e+00,0.000000000000000000e+00,0.000000000000000000e+00,0.000000000000000000e+00,5.449096292832139674e-04
1.750973595933544690e-07,4.746576455591868557e-04,0.000000000000000000e+00,0.000000000000000000e+00,0.000000000000000000e+00,0.000000000000000000e+00,0.000000000000000000e+00,0.000000000000000000e+00,0.000000000000000000e+00,0.000000000000000000e+00,0.000000000000000000e+00,0.000000000000000000e+00,0.000000000000000000e+00,0.000000000000000000e+00,0.000000000000000000e+00,0.000000000000000000e+00,0.000000000000000000e+00,0.000000000000000000e+00,0.000000000000000000e+00,0.000000000000000000e+00,0.000000000000000000e+00,0.000000000000000000e+00,1.215740943173540149e-04,5.669625931887631483e-04,7.507581068096551118e-04,7.098881206071362476e-04,4.854883604863534526e-04,1.098363578544752159e-04,0.000000000000000000e+00,0.000000000000000000e+00,0.000000000000000000e+00,0.000000000000000000e+00,0.000000000000000000e+00,0.000000000000000000e+00,0.000000000000000000e+00,0.000000000000000000e+00,0.000000000000000000e+00,0.000000000000000000e+00,0.000000000000000000e+00,0.000000000000000000e+00,0.000000000000000000e+00,0.000000000000000000e+00,0.000000000000000000e+00,0.000000000000000000e+00,0.000000000000000000e+00,0.000000000000000000e+00,0.000000000000000000e+00,1.624798485677945504e-04,4.626452321116336511e-04,6.044250517955297936e-04,6.598732474663413124e-04,6.928821610073394302e-04,7.453264006089751776e-04,8.319748892721787626e-04,9.437264656986462958e-04,1.056054251034874158e-03,1.138518506559819303e-03,1.162219968756280416e-03,1.104257485988168310e-03,9.503578193842963972e-04,6.975766457652131033e-04,3.578914816903371325e-04,0.000000000000000000e+00,0.000000000000000000e+00,0.000000000000000000e+00,9.207244420045059561e-04,1.670714660408320054e-03,2.163968615286894406e-03,2.396446472609501006e-03,2.414973281800501716e-03,2.309574582319381085e-03,2.194158003316015737e-03,2.179725699548223580e-03,2.347150986756635707e-03,2.726897956846296035e-03,3.290915138634879777e-03,3.958262824181084209e-03,4.612368665900271926e-03,5.125239792496308344e-03,5.382999857271329736e-03,5.307494218524952748e-03,4.870003567357672480e-03,4.094863392795731506e-03,4.243317351659567707e-03,0.000000000000000000e+00,5.918750547685573725e-04,0.000000000000000000e+00,0.000000000000000000e+00,0.000000000000000000e+00,0.000000000000000000e+00,0.000000000000000000e+00,0.000000000000000000e+00,0.000000000000000000e+00,0.000000000000000000e+00,0.000000000000000000e+00,0.000000000000000000e+00,0.000000000000000000e+00,0.000000000000000000e+00,0.000000000000000000e+00,0.000000000000000000e+00,0.000000000000000000e+00,0.000000000000000000e+00,0.000000000000000000e+00,0.000000000000000000e+00,0.000000000000000000e+00,0.000000000000000000e+00,0.000000000000000000e+00,0.000000000000000000e+00,0.000000000000000000e+00,0.000000000000000000e+00,0.000000000000000000e+00,0.000000000000000000e+00,0.000000000000000000e+00,0.000000000000000000e+00,3.003105834258086712e-04,8.596164133375308733e-04,1.351112273725243226e-03,1.750101429605693901e-03,0.000000000000000000e+00,0.000000000000000000e+00,0.000000000000000000e+00,0.000000000000000000e+00,0.000000000000000000e+00,0.000000000000000000e+00,0.000000000000000000e+00,8.826829488960372420e-04,0.000000000000000000e+00,0.000000000000000000e+00,0.000000000000000000e+00,0.000000000000000000e+00,5.212341417155156448e-03,0.000000000000000000e+00,1.208874015904116755e-03,0.000000000000000000e+00,0.000000000000000000e+00,0.000000000000000000e+00,0.000000000000000000e+00,0.000000000000000000e+00,0.000000000000000000e+00,0.000000000000000000e+00,0.000000000000000000e+00,0.000000000000000000e+00,0.000000000000000000e+00,0.000000000000000000e+00,0.000000000000000000e+00,2.530787072770020532e-03,0.000000000000000000e+00,0.000000000000000000e+00,0.000000000000000000e+00,0.000000000000000000e+00,8.631273252911208539e-04,2.574260203691028977e-03,4.472375936789473906e-03,6.353107969752263932e-03,0.000000000000000000e+00,0.000000000000000000e+00,0.000000000000000000e+00,0.000000000000000000e+00,0.000000000000000000e+00,0.000000000000000000e+00,0.000000000000000000e+00,0.000000000000000000e+00,0.000000000000000000e+00,0.000000000000000000e+00,0.000000000000000000e+00,5.621306053865106562e-04,1.210538127377509300e-03,1.563041513517329827e-03,1.595719726573825627e-03,1.271565581251505369e-03,5.557573302046430732e-04,0.000000000000000000e+00,0.000000000000000000e+00,0.000000000000000000e+00,0.000000000000000000e+00,0.000000000000000000e+00,0.000000000000000000e+00,0.000000000000000000e+00,0.000000000000000000e+00,0.000000000000000000e+00,0.000000000000000000e+00,0.000000000000000000e+00,0.000000000000000000e+00,0.000000000000000000e+00,0.000000000000000000e+00,6.534685138504759349e-05,6.865637866906706748e-04,1.379735805299525837e-03,2.097157295575270090e-03,3.236264967779325843e-03,0.000000000000000000e+00,0.000000000000000000e+00,0.000000000000000000e+00,0.000000000000000000e+00,0.000000000000000000e+00,0.000000000000000000e+00,0.000000000000000000e+00,0.000000000000000000e+00,8.850925314807498069e-06,0.000000000000000000e+00,0.000000000000000000e+00,0.000000000000000000e+00,0.000000000000000000e+00,0.000000000000000000e+00,0.000000000000000000e+00,0.000000000000000000e+00,0.000000000000000000e+00,2.368730679361787843e-04,9.779111168582014287e-04,2.877730605090188677e-03,1.696117139781620981e-03,2.528266988627169646e-03,3.350715561650910446e-03,4.069108459674046323e-03,4.581652121061089399e-03,4.800058817201563639e-03,4.670252013592469768e-03,4.186616927553322119e-03,3.395536207806330083e-03,2.387268434640129992e-03,1.278650122888419808e-03,1.915092416773776264e-04,0.000000000000000000e+00,0.000000000000000000e+00,0.000000000000000000e+00,0.000000000000000000e+00,0.000000000000000000e+00,0.000000000000000000e+00,0.000000000000000000e+00,0.000000000000000000e+00,0.000000000000000000e+00,5.530545570647700526e-04,1.531671276545301056e-03,0.000000000000000000e+00,0.000000000000000000e+00,0.000000000000000000e+00,0.000000000000000000e+00,0.000000000000000000e+00,0.000000000000000000e+00,0.000000000000000000e+00,4.050807858225845119e-04,8.269772169543356888e-04,1.090976726421114679e-03,1.164828325695880769e-03,1.047596415948498332e-03,7.683931313316748378e-04,3.807688650292171718e-04,0.000000000000000000e+00,0.000000000000000000e+00,0.000000000000000000e+00,0.000000000000000000e+00,0.000000000000000000e+00,0.000000000000000000e+00,0.000000000000000000e+00,0.000000000000000000e+00,3.021903678753443687e-04,6.111645693451475030e-04,8.319404621046096572e-04,9.293670287844234745e-04,8.732763629021156717e-04,6.380752514282604735e-04,2.068004342303097348e-04,0.000000000000000000e+00,0.000000000000000000e+00,0.000000000000000000e+00,0.000000000000000000e+00,0.000000000000000000e+00,0.000000000000000000e+00,6.390045194687837262e-04,1.131972223459545325e-03,1.383303341110768327e-03,1.408475895604150048e-03,1.250154515657041655e-03,9.672929251991246912e-04,6.236230376195294692e-04,2.789078384944356187e-04,1.543665957404902970e-04,7.267008526111937150e-04,9.800930904563371054e-04,8.982296530939087691e-04,5.123238579898446114e-04,4.687894001858124941e-04,1.010969171568111948e-03,1.611833387995303219e-03,2.179904540948716680e-03,2.614180909391726655e-03,2.824750290689420455e-03,2.753665134904643205e-03,2.390405511883856877e-03,1.777858435598129831e-03,1.007374275232009826e-03,2.040021438343540166e-04,0.000000000000000000e+00,8.884944863121612302e-05,3.608988143031828391e-04,7.617683414424995065e-04,1.581546009971334819e-03,2.677495263558999933e-03,0.000000000000000000e+00,0.000000000000000000e+00,0.000000000000000000e+00,0.000000000000000000e+00,0.000000000000000000e+00,0.000000000000000000e+00,0.000000000000000000e+00,0.000000000000000000e+00,0.000000000000000000e+00,0.000000000000000000e+00,0.000000000000000000e+00,0.000000000000000000e+00,0.000000000000000000e+00,0.000000000000000000e+00,0.000000000000000000e+00,0.000000000000000000e+00,0.000000000000000000e+00,0.000000000000000000e+00,0.000000000000000000e+00,0.000000000000000000e+00,0.000000000000000000e+00,0.000000000000000000e+00,0.000000000000000000e+00,0.000000000000000000e+00,0.000000000000000000e+00,0.000000000000000000e+00,0.000000000000000000e+00,0.000000000000000000e+00,0.000000000000000000e+00,0.000000000000000000e+00,0.000000000000000000e+00,0.000000000000000000e+00,0.000000000000000000e+00,0.000000000000000000e+00,0.000000000000000000e+00,0.000000000000000000e+00,0.000000000000000000e+00,0.000000000000000000e+00,5.256107772933731439e-04,1.842843182565211905e-03,2.854825188230037097e-03,3.542030340410178609e-03,3.915558426930893822e-03,4.007570258628280480e-03,3.860916668089712719e-03,3.519693899872526708e-03,3.022355348307409397e-03,2.398652288060564367e-03,1.670711448845555629e-03,8.572865141896156543e-04,0.000000000000000000e+00,0.000000000000000000e+00,0.000000000000000000e+00,0.000000000000000000e+00,0.000000000000000000e+00,0.000000000000000000e+00,0.000000000000000000e+00,0.000000000000000000e+00,0.000000000000000000e+00,0.000000000000000000e+00,0.000000000000000000e+00,0.000000000000000000e+00,0.000000000000000000e+00,1.015474753573619617e-04,2.979445928566914386e-04,3.735062965246518495e-04,3.180074728920010904e-04,1.444260771710249305e-04,0.000000000000000000e+00,0.000000000000000000e+00,0.000000000000000000e+00,0.000000000000000000e+00,0.000000000000000000e+00,0.000000000000000000e+00,0.000000000000000000e+00,9.884324702620538787e-05,6.156743161242792884e-04,1.156699707324658878e-03,1.680060832112791796e-03,2.158078142967324083e-03,2.573703680618614521e-03,2.912375915596616786e-03,3.154877561323057855e-03,3.275951780660318977e-03,3.250167224583913952e-03,3.062625095216518507e-03,2.719603298395890587e-03,2.254132421085368668e-03,1.723594185209215320e-03,1.199564937000448337e-03,7.529273434485043602e-04,4.386830659861813502e-04,2.846809414871987408e-04,2.869186772884029261e-04,4.119987936257755654e-04,6.053749742870769002e-04,8.028997857055247692e-04,9.428828681456380900e-04,9.764003058360965631e-04,8.745054654206116948e-04,6.318957476889653681e-04,3.252826798626854430e-04
1.861866355842143974e-07,2.430050913026394891e-04,1.789432906947853116e-04,0.000000000000000000e+00,0.000000000000000000e+00,0.000000000000000000e+00,0.000000000000000000e+00,0.000000000000000000e+00,0.000000000000000000e+00,0.000000000000000000e+00,0.000000000000000000e+00,0.000000000000000000e+00,0.000000000000000000e+00,0.000000000000000000e+00,0.000000000000000000e+00,0.000000000000000000e+00,0.000000000000000000e+00,4.184207596910351993e-04,2.503632442483120883e-04,3.947867399273959901e-04,7.704544337530226010e-04,1.123041564113603239e-03,1.467910004940972983e-03,0.000000000000000000e+00,0.000000000000000000e+00,0.000000000000000000e+00,0.000000000000000000e+00,0.000000000000000000e+00,0.000000000000000000e+00,0.000000000000000000e+00,0.000000000000000000e+00,0.000000000000000000e+00,0.000000000000000000e+00,0.000000000000000000e+00,0.000000000000000000e+00,0.000000000000000000e+00,0.000000000000000000e+00,0.000000000000000000e+00,0.000000000000000000e+00,0.000000000000000000e+00,0.000000000000000000e+00,0.000000000000000000e+00,0.000000000000000000e+00,0.000000000000000000e+00,0.000000000000000000e+00,5.035466000178607073e-04,1.617995024691911386e-03,2.720609983665045820e-03,3.697065701887754761e-03,4.103807141981323514e-03,4.077361651250605359e-03,3.758220991347889679e-03,3.146483769589646616e-03,2.266813770141549826e-03,1.170914837153209280e-03,0.000000000000000000e+00,0.000000000000000000e+00,0.000000000000000000e+00,0.000000000000000000e+00,0.000000000000000000e+00,0.000000000000000000e+00,4.816608301969674526e-04,1.007629107489627345e-03,1.394991900001237755e-03,1.617348686515822712e-03,1.671504160113240897e-03,1.575811721946775677e-03,1.366001447812796761e-03,1.089196481227991658e-03,7.965282088946338103e-04,5.347656851170886922e-04,3.378777929267392870e-04,2.200971768894059179e-04,1.723924204909747749e-04,1.638330696883790111e-04,2.501619105777146222e-04,2.109923549258838646e-04,4.633596194048541963e-05,0.000000000000000000e+00,0.000000000000000000e+00,0.000000000000000000e+00,0.000000000000000000e+00,0.000000000000000000e+00,0.000000000000000000e+00,0.000000000000000000e+00,0.000000000000000000e+00,0.000000000000000000e+00,0.000000000000000000e+00,0.000000000000000000e+00,0.000000000000000000e+00,0.000000000000000000e+00,0.000000000000000000e+00,0.000000000000000000e+00,0.000000000000000000e+00,0.000000000000000000e+00,0.000000000000000000e+00,0.000000000000000000e+00,0.000000000000000000e+00,0.000000000000000000e+00,0.000000000000000000e+00,0.000000000000000000e+00,0.000000000000000000e+00,0.000000000000000000e+00,0.000000000000000000e+00,2.480434777767947271e-04,1.081995712469029178e-03,1.697341426416112270e-03,2.025997175602620420e-03,2.043624556988219831e-03,1.767661769690639581e-03,1.247985653345916714e-03,6.773562409859288551e-04,1.179927826375782142e-03,0.000000000000000000e+00,0.000000000000000000e+00,0.000000000000000000e+00,0.000000000000000000e+00,0.000000000000000000e+00,5.868989414588833228e-05,2.738624975284678479e-04,3.615341675661144652e-04,3.165056467877034392e-04,1.476245304279330843e-04,0.000000000000000000e+00,0.000000000000000000e+00,0.000000000000000000e+00,0.000000000000000000e+00,0.000000000000000000e+00,0.000000000000000000e+00,0.000000000000000000e+00,0.000000000000000000e+00,0.000000000000000000e+00,0.000000000000000000e+00,0.000000000000000000e+00,0.000000000000000000e+00,0.000000000000000000e+00,0.000000000000000000e+00,0.000000000000000000e+00,0.000000000000000000e+00,0.000000000000000000e+00,0.000000000000000000e+00,0.000000000000000000e+00,0.000000000000000000e+00,0.000000000000000000e+00,0.000000000000000000e+00,0.000000000000000000e+00,0.000000000000000000e+00,0.000000000000000000e+00,3.403307807208679077e-04,1.428000675775983148e-03,1.329079559221739816e-03,0.000000000000000000e+00,0.000000000000000000e+00,0.000000000000000000e+00,0.000000000000000000e+00,0.000000000000000000e+00,0.000000000000000000e+00,6.130292187636924520e-04,1.296619049544462440e-03,1.948638581535116435e-03,2.564595457993942926e-03,3.154996729076237072e-03,3.731397016321331018e-03,4.293494436169086222e-03,4.822208524178123352e-03,5.280619139036592420e-03,5.621287204276822873e-03,5.796512758328657006e-03,5.768123266123393288e-03,5.514939424504160075e-03,5.037710580695803873e-03,4.361972153773599307e-03,3.538745282507317711e-03,2.642045507870776667e-03,1.761926211006884522e-03,9.928334618457337890e-04,4.189371886765578070e-04,9.985876515428181773e-05,6.066651371956392281e-05,2.889037075284367397e-04,7.391124549082484342e-04,1.342948625828404782e-03,2.021543083522499458e-03,2.696826858506817977e-03,3.299885929288379986e-03,3.776094987756238152e-03,5.785303341949050993e-03,0.000000000000000000e+00,0.000000000000000000e+00,0.000000000000000000e+00,0.000000000000000000e+00,0.000000000000000000e+00,0.000000000000000000e+00,0.000000000000000000e+00,0.000000000000000000e+00,1.171546888302874130e-05,4.854785464236301552e-04,0.000000000000000000e+00,0.000000000000000000e+00,0.000000000000000000e+00,0.000000000000000000e+00,0.000000000000000000e+00,0.000000000000000000e+00,0.000000000000000000e+00,2.430096072830837685e-04,5.325564027208461474e-04,7.275718115571630420e-04,8.128542175745299058e-04,7.975003682987150165e-04,7.125063242315648939e-04,7.197288525173896811e-04,7.914901093994683792e-04,8.417684971515940976e-04,9.381540321924278312e-04,1.135024670579828964e-03,1.457830015484162366e-03,1.894475632288888196e-03,2.396712672040716106e-03,2.891051116245951617e-03,3.295703724097176837e-03,3.538561001849960252e-03,3.571590031858056478e-03,3.378754702799190678e-03,3.939200829897068074e-03,0.000000000000000000e+00,0.000000000000000000e+00,0.000000000000000000e+00,1.997207862799753493e-03,0.000000000000000000e+00,1.797644601023810299e-03,0.000000000000000000e+00,0.000000000000000000e+00,0.000000000000000000e+00,0.000000000000000000e+00,2.895360281261229185e-04,1.096948542771012964e-03,2.008313443024722662e-03,2.568061997641336684e-03,2.840123987114945292e-03,2.958690908171112462e-03,2.909899137688734625e-03,2.717165327975936458e-03,2.437754027299949937e-03,2.147556646562638616e-03,1.919434660989046510e-03,1.803169639899655265e-03,1.814235043891106224e-03,1.934611479859601416e-03,2.123661084892639137e-03,2.333253839389359211e-03,2.520636529523332444e-03,2.654918334902811247e-03,2.716892708345085110e-03,2.695045251233511071e-03,2.581552954200476424e-03,2.370832085340795863e-03,2.060895600216083954e-03,1.655911168499776126e-03,1.167887346722869648e-03,6.162568129543894921e-04,2.547597216103858640e-05,0.000000000000000000e+00,0.000000000000000000e+00,0.000000000000000000e+00,0.000000000000000000e+00,0.000000000000000000e+00,0.000000000000000000e+00,0.000000000000000000e+00,0.000000000000000000e+00,0.000000000000000000e+00,0.000000000000000000e+00,0.000000000000000000e+00,0.000000000000000000e+00,0.000000000000000000e+00,0.000000000000000000e+00,0.000000000000000000e+00,0.000000000000000000e+00,0.000000000000000000e+00,0.000000000000000000e+00,0.000000000000000000e+00,0.000000000000000000e+00,0.000000000000000000e+00,0.000000000000000000e+00,0.000000000000000000e+00,0.000000000000000000e+00,0.000000000000000000e+00,0.000000000000000000e+00,0.000000000000000000e+00,0.000000000000000000e+00,0.000000000000000000e+00,0.000000000000000000e+00,0.000000000000000000e+00,2.268884013279941935e-05,8.784523763870328130e-04,1.768318340962344356e-03,2.604516416151066160e-03,3.294876894257814035e-03,3.759552981484288146e-03,3.945013939636744967e-03,3.833764348837764586e-03,3.448769560383549860e-03,2.851519641957057233e-03,2.132809200301225960e-03,1.396517711607307916e-03,7.390047317214127644e-04,4.290136647371006035e-04,2.936211503374149749e-04,1.962757311179526244e-04,1.456153257089468816e-04,1.433862530150875451e-04,1.886932003810063341e-04,2.798656240842062066e-04,4.135574825640904646e-04,5.826926806408259246e-04,7.757147152807515600e-04,9.788674342228026980e-04,1.181337767984758655e-03,1.381106111943615836e-03,1.588273582521535854e-03,1.832402608456485402e-03,0.000000000000000000e+00,0.000000000000000000e+00,0.000000000000000000e+00,0.000000000000000000e+00,7.195075327009549696e-05,7.785186488163891401e-04,1.443969845048055861e-03,1.988203919001747550e-03,2.351732803544776332e-03,2.506022417365600958e-03,2.455353617964026267e-03,2.571111055930931383e-03,0.000000000000000000e+00,0.000000000000000000e+00,2.935425163615231495e-05,3.239045395407731372e-04,1.672956023089140916e-04,4.158421214027887896e-04,5.080814594492897738e-04,2.642062198411297951e-03,6.276222827492945614e-04,6.932760247016650241e-04,4.549277627633328456e-05,8.639249434659592114e-05,2.305163007865744398e-04,4.826785976400477501e-04,8.184731336048997217e-04,1.079341337076540879e-03,1.130460377758313577e-03,1.175072226193515186e-03,1.212456717469367765e-03,1.242027249375741126e-03,1.263319780331085716e-03,1.275980683304235369e-03,1.279748993143340610e-03,1.274438067125855572e-03,1.259919156954165346e-03,1.040887952066795515e-03,9.157477330417182135e-04,8.987906164748667116e-04,9.607540109206480364e-04,1.067343162604431116e-03,1.186592506954486405e-03,1.296226816289395602e-03,8.063124446703382039e-04,7.075990124376529576e-04,5.999505178129791545e-04,4.836966543091968693e-04,3.592885813172844362e-04,2.273128328548100691e-04,8.850298900639728690e-05,0.000000000000000000e+00,0.000000000000000000e+00,0.000000000000000000e+00,0.000000000000000000e+00,0.000000000000000000e+00,0.000000000000000000e+00,0.000000000000000000e+00,0.000000000000000000e+00,0.000000000000000000e+00,0.000000000000000000e+00,0.000000000000000000e+00,0.000000000000000000e+00,0.000000000000000000e+00,0.000000000000000000e+00,0.000000000000000000e+00,0.000000000000000000e+00,0.000000000000000000e+00,0.000000000000000000e+00,0.000000000000000000e+00,0.000000000000000000e+00,0.000000000000000000e+00,0.000000000000000000e+00,0.000000000000000000e+00,0.000000000000000000e+00,0.000000000000000000e+00,1.316973034532398408e-04,6.028503362106794579e-04,9.185879971411533987e-04,1.075783182183651272e-03
8.163450460245668705e-08,1.712759637760525385e-04,9.598812451590663271e-04,5.416672490876523355e-05,0.000000000000000000e+00,0.000000000000000000e+00,0.000000000000000000e+00,0.000000000000000000e+00,0.000000000000000000e+00,0.000000000000000000e+00,0.000000000000000000e+00,0.000000000000000000e+00,0.000000000000000000e+00,0.000000000000000000e+00,0.000000000000000000e+00,0.000000000000000000e+00,1.282862084386786686e-03,5.878104545422405689e-04,6.321264689798382526e-04,2.023534987666625591e-05,2.658327492314337560e-04,4.234255325158375297e-04,4.515083773835945765e-04,3.146743381540660850e-04,0.000000000000000000e+00,0.000000000000000000e+00,0.000000000000000000e+00,0.000000000000000000e+00,2.630531123704111704e-04,8.711956097012023498e-04,1.260976771039935699e-03,1.359255890192944500e-03,1.143675424937896966e-03,6.447116655286781349e-04,0.000000000000000000e+00,0.000000000000000000e+00,0.000000000000000000e+00,0.000000000000000000e+00,0.000000000000000000e+00,7.058464825366182550e-06,5.985290090545128784e-04,1.035478124709603587e-03,1.313995920641118772e-03,1.437581550400498023e-03,1.412913553494238956e-03,1.250223065713867683e-03,9.674279972336695356e-04,5.951895772410903049e-04,1.794832215747576762e-04,0.000000000000000000e+00,7.721297809563826037e-05,9.071325554082375776e-04,1.797651435828183375e-03,2.718464429701499072e-03,3.628311783527329772e-03,4.480923154848439130e-03,5.231155026405337471e-03,5.839283118251508212e-03,6.272633612777239222e-03,6.505240604363338695e-03,6.517229633345992222e-03,6.295688822863078696e-03,5.837839059954557860e-03,5.155802212775964510e-03,4.280897860234881246e-03,3.264887073161493528e-03,2.176261593741406816e-03,1.091408950807848995e-03,1.171515561046497598e-03,1.698599331953755355e-03,2.204975540307988965e-03,4.693017278522943272e-03,0.000000000000000000e+00,0.000000000000000000e+00,0.000000000000000000e+00,0.000000000000000000e+00,0.000000000000000000e+00,0.000000000000000000e+00,0.000000000000000000e+00,0.000000000000000000e+00,0.000000000000000000e+00,0.000000000000000000e+00,0.000000000000000000e+00,0.000000000000000000e+00,0.000000000000000000e+00,0.000000000000000000e+00,0.000000000000000000e+00,0.000000000000000000e+00,0.000000000000000000e+00,3.145622531716769292e-04,1.686007983600507900e-03,1.549581603736125291e-03,1.790330791667634792e-03,1.915416196236655695e-03,1.905339565564824391e-03,1.752897090009781101e-03,1.464702853510142788e-03,1.061538654581171493e-03,5.776417788710379178e-04,5.890407060683432763e-05,0.000000000000000000e+00,0.000000000000000000e+00,0.000000000000000000e+00,0.000000000000000000e+00,0.000000000000000000e+00,0.000000000000000000e+00,1.076994099362721836e-04,1.086693069373009411e-03,2.256795530094028810e-03,3.515270080083769070e-03,4.730487405490788749e-03,5.758977645456341346e-03,6.468117787871275823e-03,6.759869034757537073e-03,6.590282489999360789e-03,5.980190071520927013e-03,0.000000000000000000e+00,0.000000000000000000e+00,0.000000000000000000e+00,0.000000000000000000e+00,4.394741999418959669e-04,6.689569482891823777e-04,9.233076851455206688e-04,0.000000000000000000e+00,0.000000000000000000e+00,2.899775311032957471e-04,9.099172018922322032e-04,1.389163708407767026e-03,1.631134751988947904e-03,1.591764634865108254e-03,1.289174029345138434e-03,1.232465226443001799e-03,1.425056798622370124e-03,1.520119692739914808e-03,1.533711841729282080e-03,1.488583260547507101e-03,1.405577645744631029e-03,1.297469068722903332e-03,1.330031825810563560e-03,2.041053361476384553e-03,2.565337095434291111e-03,2.788395561632331723e-03,2.659183833754491522e-03,2.197859537218058591e-03,1.487554170282192733e-03,1.058796425945809309e-03,1.026096750991801077e-03,9.869203610427875351e-04,1.156054773831242683e-03,1.771065102586679872e-03,2.474716852689620803e-03,3.218767494976579237e-03,3.956774816310066993e-03,4.651780722021836741e-03,5.281151802137263283e-03,5.837100280125732087e-03,6.322185837153216671e-03,6.740451133975090305e-03,7.086654734470417168e-03,7.337533154739324902e-03,7.449328299130947295e-03,7.364365439393766484e-03,7.026482861306408700e-03,6.401593108098441350e-03,5.496973440750502551e-03,1.612072081184253314e-03,3.855169770633968510e-04,0.000000000000000000e+00,0.000000000000000000e+00,0.000000000000000000e+00,0.000000000000000000e+00,0.000000000000000000e+00,0.000000000000000000e+00,0.000000000000000000e+00,0.000000000000000000e+00,0.000000000000000000e+00,0.000000000000000000e+00,2.812567685381474206e-04,7.797016345955795841e-04,1.117637587887610438e-03,1.303066112936122770e-03,0.000000000000000000e+00,0.000000000000000000e+00,0.000000000000000000e+00,0.000000000000000000e+00,6.032832150128262594e-04,0.000000000000000000e+00,0.000000000000000000e+00,4.812227788061527144e-04,1.185363677133895871e-03,2.035072622175931184e-03,0.000000000000000000e+00,0.000000000000000000e+00,0.000000000000000000e+00,0.000000000000000000e+00,0.000000000000000000e+00,0.000000000000000000e+00,0.000000000000000000e+00,0.000000000000000000e+00,0.000000000000000000e+00,0.000000000000000000e+00,0.000000000000000000e+00,1.008494242122058701e-03,2.902015512091790823e-03,0.000000000000000000e+00,0.000000000000000000e+00,0.000000000000000000e+00,0.000000000000000000e+00,0.000000000000000000e+00,0.000000000000000000e+00,0.000000000000000000e+00,0.000000000000000000e+00,0.000000000000000000e+00,4.149516001305949501e-04,1.132434379425812905e-03,3.972322281531660317e-04,3.523816274972435916e-04,2.959132037485907776e-04,2.274214042784962627e-04,1.468121944792298832e-04,5.432043583654230014e-05,0.000000000000000000e+00,0.000000000000000000e+00,0.000000000000000000e+00,0.000000000000000000e+00,0.000000000000000000e+00,0.000000000000000000e+00,0.000000000000000000e+00,0.000000000000000000e+00,0.000000000000000000e+00,0.000000000000000000e+00,0.000000000000000000e+00,0.000000000000000000e+00,0.000000000000000000e+00,0.000000000000000000e+00,0.000000000000000000e+00,0.000000000000000000e+00,0.000000000000000000e+00,0.000000000000000000e+00,6.817115993238671243e-06,2.258264240321933259e-04,3.015317492945679715e-04,1.971261614814324699e-04,0.000000000000000000e+00,0.000000000000000000e+00,0.000000000000000000e+00,0.000000000000000000e+00,0.000000000000000000e+00,0.000000000000000000e+00,0.000000000000000000e+00,0.000000000000000000e+00,0.000000000000000000e+00,0.000000000000000000e+00,1.856688723405020241e-04,4.008491523152645647e-04,6.127173391340228750e-04,5.333806020323152847e-03,2.626288226128786329e-03,0.000000000000000000e+00,0.000000000000000000e+00,0.000000000000000000e+00,0.000000000000000000e+00,0.000000000000000000e+00,0.000000000000000000e+00,0.000000000000000000e+00,0.000000000000000000e+00,0.000000000000000000e+00,0.000000000000000000e+00,0.000000000000000000e+00,0.000000000000000000e+00,0.000000000000000000e+00,0.000000000000000000e+00,0.000000000000000000e+00,0.000000000000000000e+00,0.000000000000000000e+00,0.000000000000000000e+00,0.000000000000000000e+00,0.000000000000000000e+00,0.000000000000000000e+00,2.149096848691914337e-05,4.529592255264543480e-04,8.872727592365732812e-04,0.000000000000000000e+00,0.000000000000000000e+00,7.856765064776003013e-05,1.186765348782868254e-03,0.000000000000000000e+00,0.000000000000000000e+00,0.000000000000000000e+00,0.000000000000000000e+00,0.000000000000000000e+00,0.000000000000000000e+00,0.000000000000000000e+00,0.000000000000000000e+00,0.000000000000000000e+00,0.000000000000000000e+00,0.000000000000000000e+00,0.000000000000000000e+00,0.000000000000000000e+00,0.000000000000000000e+00,0.000000000000000000e+00,0.000000000000000000e+00,2.671039284300463649e-04,7.617380457464719085e-04,8.685864364975742725e-04,8.318986766125890595e-04,8.621806128237007906e-04,7.749475327998430960e-04,7.229263500255066633e-04,1.120525195517334998e-03,1.739386421758928230e-03,2.523172741765603109e-03,3.393287471112299385e-03,4.264910016869430560e-03,5.060268251073557488e-03,5.718292211734691231e-03,0.000000000000000000e+00,0.000000000000000000e+00,0.000000000000000000e+00,0.000000000000000000e+00,0.000000000000000000e+00,0.000000000000000000e+00,0.000000000000000000e+00,0.000000000000000000e+00,0.000000000000000000e+00,0.000000000000000000e+00,0.000000000000000000e+00,2.625395263671613934e-04,3.367026787939315750e-04,2.412350421697997331e-04,1.560146359580172326e-05,2.186858944766259711e-04,2.590646511341213780e-04,9.623996050937025327e-05,0.000000000000000000e+00,0.000000000000000000e+00,0.000000000000000000e+00,0.000000000000000000e+00,0.000000000000000000e+00,0.000000000000000000e+00,0.000000000000000000e+00,0.000000000000000000e+00,0.000000000000000000e+00,0.000000000000000000e+00,0.000000000000000000e+00,0.000000000000000000e+00,0.000000000000000000e+00,0.000000000000000000e+00,0.000000000000000000e+00,0.000000000000000000e+00,0.000000000000000000e+00,0.000000000000000000e+00,0.000000000000000000e+00,0.000000000000000000e+00,0.000000000000000000e+00,0.000000000000000000e+00,0.000000000000000000e+00,0.000000000000000000e+00,0.000000000000000000e+00,0.000000000000000000e+00,0.000000000000000000e+00,0.000000000000000000e+00,2.068570295424753335e-04,0.000000000000000000e+00,5.497554889817479122e-05,1.664130450818561077e-03,0.000000000000000000e+00,0.000000000000000000e+00,0.000000000000000000e+00,0.000000000000000000e+00,0.000000000000000000e+00,3.096511053647156304e-04,7.695531865212731134e-04,1.235058099763911574e-03,1.666765959760852780e-03,2.033713637654756181e-03,2.313635435116194461e-03,2.490779357382012262e-03,2.553140285443273802e-03,2.491146573554078869e-03,2.299209683509221419e-03,1.980252372254073974e-03,1.551755921623571444e-03,1.050610594277949549e-03,5.337402837447134847e-04,7.253299953483470454e-05,0.000000000000000000e+00,0.000000000000000000e+00,0.000000000000000000e+00,2.163371165283490893e-05,5.567332063235351991e-04,1.247896865860385418e-03,2.030470768265619456e-03,2.839185459990539728e-03,3.617096781279006534e-03,4.319954147704999255e-03,1.962336312110419829e-03,1.758821330079624696e-03,1.488488584612795507e-03,1.207882184437276398e-03
9.350193566443023453e-08,1.260641759705138053e-03,1.690031941775564693e-03,1.890748540003951966e-03,2.079629420698693269e-03,2.082679151962679460e-03,1.933159865460925848e-03,1.666975205119358141e-03,1.321490819101086255e-03,9.345992959107641412e-04,5.429254865529056957e-04,1.790019708692398501e-04,0.000000000000000000e+00,0.000000000000000000e+00,0.000000000000000000e+00,0.000000000000000000e+00,0.000000000000000000e+00,0.000000000000000000e+00,0.000000000000000000e+00,0.000000000000000000e+00,0.000000000000000000e+00,0.000000000000000000e+00,0.000000000000000000e+00,0.000000000000000000e+00,0.000000000000000000e+00,0.000000000000000000e+00,0.000000000000000000e+00,7.298594389338750521e-04,1.610091315173760697e-03,2.366442726183290435e-03,2.907978400584757071e-03,3.164067091683498041e-03,3.099319593411540077e-03,2.720806230223719955e-03,2.075258464113132872e-03,1.236967631075155082e-03,2.897882975730636541e-04,0.000000000000000000e+00,0.000000000000000000e+00,0.000000000000000000e+00,0.000000000000000000e+00,0.000000000000000000e+00,0.000000000000000000e+00,0.000000000000000000e+00,0.000000000000000000e+00,0.000000000000000000e+00,0.000000000000000000e+00,0.000000000000000000e+00,0.000000000000000000e+00,0.000000000000000000e+00,0.000000000000000000e+00,0.000000000000000000e+00,0.000000000000000000e+00,6.025278032644170584e-04,1.765787796960077358e-03,2.843657473089681448e-03,3.765061529494268412e-03,4.473458013310780031e-03,4.933148263455269800e-03,5.133081727833916676e-03,5.088392717992148116e-03,4.839478062520033777e-03,4.447672054962464872e-03,3.986641886907992330e-03,3.529918799358630881e-03,3.137098810356865868e-03,2.842764661663119488e-03,2.652033657696165145e-03,2.544524801545735432e-03,2.485408724758858545e-03,2.439532977078369066e-03,2.383525553445929330e-03,2.311727493160295986e-03,2.234216476280464526e-03,2.168185665098094211e-03,2.126442446526492520e-03,2.107905602968065430e-03,2.094293775232317252e-03,2.054754472173651956e-03,1.956911262635962004e-03,1.779974482089895053e-03,1.524526617839202765e-03,1.214853797736506523e-03,8.927254250895541891e-04,6.049598826561554876e-04,3.893124160882132029e-04,2.634999326354200565e-04,2.206003172964278425e-04,2.317244149680570606e-04,2.547694537285711668e-04,2.467826859113637005e-04,3.012648145915959260e-04,6.880036818740893840e-04,1.109548654372761621e-03,1.553615872164781095e-03,1.983106415905580046e-03,2.343003334390815571e-03,2.573560218296915610e-03,2.626810464881698930e-03,2.482071079000345518e-03,2.155751783302696598e-03,1.701789637120550754e-03,1.758234767661274187e-03,1.964226529873049423e-03,1.979922866966118099e-03,1.816865653692812744e-03,1.512392167103172435e-03,1.114620416740117652e-03,6.681753835723786309e-04,4.672412692614998911e-04,4.293250576337655851e-04,2.481961386024629014e-04,0.000000000000000000e+00,0.000000000000000000e+00,0.000000000000000000e+00,0.000000000000000000e+00,0.000000000000000000e+00,0.000000000000000000e+00,0.000000000000000000e+00,0.000000000000000000e+00,0.000000000000000000e+00,1.872956467405547266e-03,4.048551902788562716e-03,1.766656365523183031e-03,0.000000000000000000e+00,0.000000000000000000e+00,0.000000000000000000e+00,0.000000000000000000e+00,0.000000000000000000e+00,0.000000000000000000e+00,0.000000000000000000e+00,8.435883955839611919e-05,3.497733008218757104e-04,5.773159773222274983e-04,0.000000000000000000e+00,0.000000000000000000e+00,0.000000000000000000e+00,0.000000000000000000e+00,0.000000000000000000e+00,0.000000000000000000e+00,0.000000000000000000e+00,4.106416643734398138e-03,0.000000000000000000e+00,0.000000000000000000e+00,0.000000000000000000e+00,6.063674962863114886e-05,2.441145286744771895e-04,3.344766028052568291e-04,2.513401029055601201e-04,0.000000000000000000e+00,0.000000000000000000e+00,0.000000000000000000e+00,0.000000000000000000e+00,0.000000000000000000e+00,4.760728552520041099e-04,1.528730934456462576e-03,2.531737209503596812e-03,3.421031462164993500e-03,4.156185184607462738e-03,4.722014081397584058e-03,5.120434050729521375e-03,5.357226907171855519e-03,5.431063922650135843e-03,5.331130901948182704e-03,5.045316390962333898e-03,4.575170833186971604e-03,3.949748086822709066e-03,3.230200882906833059e-03,2.500906454100714285e-03,1.849170313208603825e-03,1.341108252602357578e-03,1.003411247587863032e-03,8.183404057801261632e-04,7.335617832404005756e-04,6.821726501189355604e-04,6.043814109060624030e-04,4.625802251058433413e-04,2.454756339013050809e-04,0.000000000000000000e+00,0.000000000000000000e+00,0.000000000000000000e+00,0.000000000000000000e+00,0.000000000000000000e+00,0.000000000000000000e+00,0.000000000000000000e+00,0.000000000000000000e+00,0.000000000000000000e+00,1.521655520788470792e-04,1.161107382842726903e-03,2.304397369669185149e-03,3.499092690831947725e-03,4.664276088773841762e-03,5.730280094583031433e-03,6.643447150592787613e-03,7.366804860633876899e-03,7.878352660379844483e-03,8.169066831274470267e-03,0.000000000000000000e+00,0.000000000000000000e+00,0.000000000000000000e+00,0.000000000000000000e+00,0.000000000000000000e+00,0.000000000000000000e+00,0.000000000000000000e+00,0.000000000000000000e+00,0.000000000000000000e+00,0.000000000000000000e+00,0.000000000000000000e+00,0.000000000000000000e+00,0.000000000000000000e+00,0.000000000000000000e+00,0.000000000000000000e+00,0.000000000000000000e+00,0.000000000000000000e+00,0.000000000000000000e+00,0.000000000000000000e+00,0.000000000000000000e+00,8.622402169125266891e-05,0.000000000000000000e+00,0.000000000000000000e+00,0.000000000000000000e+00,0.000000000000000000e+00,4.537108414176553903e-05,4.343521320175007094e-04,8.674814632593143976e-04,0.000000000000000000e+00,0.000000000000000000e+00,0.000000000000000000e+00,0.000000000000000000e+00,0.000000000000000000e+00,0.000000000000000000e+00,0.000000000000000000e+00,0.000000000000000000e+00,0.000000000000000000e+00,7.491100908724927874e-04,1.738701907146332493e-03,2.525768555581527249e-03,3.042376330436125358e-03,3.247156971228639354e-03,3.137641923440294758e-03,2.757115619301279182e-03,2.191103369566153956e-03,1.552137126452346515e-03,9.562161631112910424e-04,7.890709641553422674e-04,9.908917710190153806e-04,1.189682424265294620e-03,1.383934208087323056e-03,1.572117005786041830e-03,1.752671635054975753e-03,1.924009372862668437e-03,2.084512766578967575e-03,2.232543960918226093e-03,2.366459030013042409e-03,2.484626194124255928e-03,2.585452031399459658e-03,2.667409085945005379e-03,2.729071506847115941e-03,2.732383319416082246e-03,1.603037275812024993e-03,1.758756633880666480e-03,1.806810683188622918e-03,1.747814549584820239e-03,1.607305199766345238e-03,1.427829487163989088e-03,1.259533786638267943e-03,1.150069029361880206e-03,1.134569628196779303e-03,1.227276349949385677e-03,0.000000000000000000e+00,0.000000000000000000e+00,0.000000000000000000e+00,0.000000000000000000e+00,0.000000000000000000e+00,0.000000000000000000e+00,0.000000000000000000e+00,1.875738811980291114e-04,4.707345486923794511e-04,7.520802914056678480e-04,1.594543645078386456e-03,1.301075809943741477e-03,1.564982021643125361e-03,2.040827285391347105e-03,1.959743741946984221e-03,1.904184753012686014e-03,1.913360748574574090e-03,2.038966812693251800e-03,2.336552247663434886e-03,2.852399839324796984e-03,3.112843387226389529e-03,0.000000000000000000e+00,0.000000000000000000e+00,0.000000000000000000e+00,0.000000000000000000e+00,2.367885044839761427e-04,8.150200464765856682e-04,1.217745214360659110e-03,1.428628912083930447e-03,1.456869549481552232e-03,1.332453439528170306e-03,1.098913559112170814e-03,8.054357405823394473e-04,4.999922660942742120e-04,2.241391828240903562e-04,9.049462749309380270e-06,0.000000000000000000e+00,0.000000000000000000e+00,0.000000000000000000e+00,0.000000000000000000e+00,0.000000000000000000e+00,0.000000000000000000e+00,3.178292303026837660e-05,1.179997793858199268e-04,2.882721090616159739e-04,5.944456028810154872e-04,1.066383285329297907e-03,1.693028837346895448e-03,2.415696974010650942e-03,3.137686494305950112e-03,3.747891971197433395e-03,4.150356118155815871e-03,4.289281818701230764e-03,0.000000000000000000e+00,0.000000000000000000e+00,0.000000000000000000e+00,0.000000000000000000e+00,4.784503098346046973e-04,1.074395662822816939e-03,1.548962291211220151e-03,7.632754170525927855e-03,0.000000000000000000e+00,0.000000000000000000e+00,0.000000000000000000e+00,0.000000000000000000e+00,0.000000000000000000e+00,0.000000000000000000e+00,0.000000000000000000e+00,0.000000000000000000e+00,0.000000000000000000e+00,0.000000000000000000e+00,0.000000000000000000e+00,0.000000000000000000e+00,0.000000000000000000e+00,0.000000000000000000e+00,0.000000000000000000e+00,0.000000000000000000e+00,0.000000000000000000e+00,0.000000000000000000e+00,0.000000000000000000e+00,0.000000000000000000e+00,0.000000000000000000e+00,0.000000000000000000e+00,0.000000000000000000e+00,0.000000000000000000e+00,0.000000000000000000e+00,0.000000000000000000e+00,6.609680944906730490e-04,1.687663580179664564e-03,0.000000000000000000e+00,0.000000000000000000e+00,0.000000000000000000e+00,0.000000000000000000e+00,0.000000000000000000e+00,0.000000000000000000e+00,3.444556633104811617e-04,1.367861151080069409e-03,0.000000000000000000e+00,0.000000000000000000e+00,1.715244107394002483e-04,8.364620731713900102e-04,1.401624109946248689e-03,1.845306575614473303e-03,2.137190175201364450e-03,2.247050811846611641e-03,2.156601729630641239e-03,1.868765238141150775e-03,1.410638348252261096e-03,8.297826627916768394e-04,1.862944260158688108e-04,0.000000000000000000e+00,0.000000000000000000e+00,0.000000000000000000e+00,7.681812523771133988e-04,1.752440528222761395e-03,2.806504186326412662e-03,5.117125477845160288e-03,0.000000000000000000e+00,0.000000000000000000e+00,0.000000000000000000e+00,0.000000000000000000e+00,0.000000000000000000e+00,0.000000000000000000e+00,0.000000000000000000e+00,0.000000000000000000e+00,0.000000000000000000e+00,0.000000000000000000e+00,0.000000000000000000e+00,0.000000000000000000e+00,0.000000000000000000e+00,0.000000000000000000e+00
3.699396268952318839e-08,1.814001534705208897e-05,0.000000000000000000e+00,0.000000000000000000e+00,0.000000000000000000e+00,0.000000000000000000e+00,0.000000000000000000e+00,0.000000000000000000e+00,3.889348594136054392e-05,3.984469143166848634e-04,6.895094377656374755e-04,8.797751198421235961e-04,9.519752697231911344e-04,9.008975897215875392e-04,7.298790385232589197e-04,4.481157581085469283e-04,6.908610926944818082e-05,0.000000000000000000e+00,0.000000000000000000e+00,0.000000000000000000e+00,0.000000000000000000e+00,0.000000000000000000e+00,0.000000000000000000e+00,0.000000000000000000e+00,0.000000000000000000e+00,0.000000000000000000e+00,0.000000000000000000e+00,0.000000000000000000e+00,0.000000000000000000e+00,0.000000000000000000e+00,0.000000000000000000e+00,0.000000000000000000e+00,0.000000000000000000e+00,0.000000000000000000e+00,3.240737257989933606e-04,0.000000000000000000e+00,0.000000000000000000e+00,0.000000000000000000e+00,0.000000000000000000e+00,0.000000000000000000e+00,0.000000000000000000e+00,0.000000000000000000e+00,0.000000000000000000e+00,1.593731105365964575e-03,0.000000000000000000e+00,0.000000000000000000e+00,0.000000000000000000e+00,0.000000000000000000e+00,0.000000000000000000e+00,0.000000000000000000e+00,0.000000000000000000e+00,0.000000000000000000e+00,0.000000000000000000e+00,0.000000000000000000e+00,0.000000000000000000e+00,0.000000000000000000e+00,0.000000000000000000e+00,0.000000000000000000e+00,0.000000000000000000e+00,0.000000000000000000e+00,0.000000000000000000e+00,0.000000000000000000e+00,0.000000000000000000e+00,5.863389645641949510e-04,1.052492460887367040e-03,1.239364256030003799e-03,1.147916861858401397e-03,8.099773233752342785e-04,1.064383612051287165e-03,1.795942112325970598e-03,2.574012569696210000e-03,3.324299092473707255e-03,3.963056692769971120e-03,6.980546530398860916e-03,0.000000000000000000e+00,0.000000000000000000e+00,0.000000000000000000e+00,0.000000000000000000e+00,0.000000000000000000e+00,0.000000000000000000e+00,0.000000000000000000e+00,0.000000000000000000e+00,0.000000000000000000e+00,0.000000000000000000e+00,0.000000000000000000e+00,0.000000000000000000e+00,0.000000000000000000e+00,0.000000000000000000e+00,3.223481442204063126e-04,0.000000000000000000e+00,0.000000000000000000e+00,0.000000000000000000e+00,0.000000000000000000e+00,0.000000000000000000e+00,0.000000000000000000e+00,0.000000000000000000e+00,0.000000000000000000e+00,0.000000000000000000e+00,0.000000000000000000e+00,0.000000000000000000e+00,0.000000000000000000e+00,0.000000000000000000e+00,0.000000000000000000e+00,0.000000000000000000e+00,0.000000000000000000e+00,0.000000000000000000e+00,0.000000000000000000e+00,0.000000000000000000e+00,0.000000000000000000e+00,1.705909484815104052e-04,6.236196217436701730e-04,9.659766202511059106e-04,2.507196484607874826e-03,3.917734181594778251e-03,5.116371031476725506e-03,6.047142683285968746e-03,6.677597386693228179e-03,6.995146581745023510e-03,7.004756015718473401e-03,6.729137895440320469e-03,6.210121858935513731e-03,5.508342543349989406e-03,4.698626986521800032e-03,3.860330869205540801e-03,3.064471368939654470e-03,2.361522558657010423e-03,2.400745070948564434e-03,3.507164740975300763e-03,4.302034080467649624e-03,0.000000000000000000e+00,0.000000000000000000e+00,0.000000000000000000e+00,0.000000000000000000e+00,0.000000000000000000e+00,0.000000000000000000e+00,0.000000000000000000e+00,0.000000000000000000e+00,0.000000000000000000e+00,0.000000000000000000e+00,0.000000000000000000e+00,0.000000000000000000e+00,0.000000000000000000e+00,0.000000000000000000e+00,0.000000000000000000e+00,8.855888826622638956e-04,3.612766953041452074e-03,0.000000000000000000e+00,0.000000000000000000e+00,0.000000000000000000e+00,0.000000000000000000e+00,2.377449785294687363e-04,1.416627575478836189e-03,2.516988587518146497e-03,3.411697261836853842e-03,3.987828106716537202e-03,4.168893008131822377e-03,3.931644896159828401e-03,3.312783197229211829e-03,2.403418373981940082e-03,1.332123326184729995e-03,2.401153166617455185e-04,0.000000000000000000e+00,0.000000000000000000e+00,0.000000000000000000e+00,0.000000000000000000e+00,0.000000000000000000e+00,0.000000000000000000e+00,0.000000000000000000e+00,0.000000000000000000e+00,0.000000000000000000e+00,0.000000000000000000e+00,0.000000000000000000e+00,0.000000000000000000e+00,0.000000000000000000e+00,0.000000000000000000e+00,0.000000000000000000e+00,0.000000000000000000e+00,0.000000000000000000e+00,0.000000000000000000e+00,0.000000000000000000e+00,1.039310323432976448e-05,5.860568439155991330e-04,1.037232449840559245e-03,1.299901761444660154e-03,1.344340190480712008e-03,1.180033644786032980e-03,8.514383952622564533e-04,4.260838679009618796e-04,0.000000000000000000e+00,0.000000000000000000e+00,0.000000000000000000e+00,1.168678571666986000e-04,3.609478875054691525e-04,5.305270163334874440e-04,6.063328290829866256e-04,5.874409387176655027e-04,4.928671283573865915e-04,3.566459236297634902e-04,2.182815659001172864e-04,1.123289635155061222e-04,6.094971615417711392e-05,7.178115382018710659e-05,1.412381214250573109e-04,2.614475776347151173e-04,4.279775035963164615e-04,6.455048950358200678e-04,9.293623540018444229e-04,1.302250527427416217e-03,1.683833792791522999e-03,0.000000000000000000e+00,0.000000000000000000e+00,0.000000000000000000e+00,0.000000000000000000e+00,0.000000000000000000e+00,0.000000000000000000e+00,0.000000000000000000e+00,0.000000000000000000e+00,0.000000000000000000e+00,0.000000000000000000e+00,0.000000000000000000e+00,0.000000000000000000e+00,0.000000000000000000e+00,0.000000000000000000e+00,0.000000000000000000e+00,0.000000000000000000e+00,2.217377854855603924e-04,2.949702347758026595e-03,0.000000000000000000e+00,0.000000000000000000e+00,1.006131974310990346e-03,4.563844105141584193e-04,3.383270952210733727e-03,0.000000000000000000e+00,0.000000000000000000e+00,0.000000000000000000e+00,0.000000000000000000e+00,0.000000000000000000e+00,0.000000000000000000e+00,1.911644254542517322e-04,1.777454075944591037e-03,3.339199319237606562e-03,4.738454502478796002e-03,5.859873814265137773e-03,6.630110822245774763e-03,7.029072059753305526e-03,7.089292546831237052e-03,6.883108237596089266e-03,6.501229327904991216e-03,6.029296544390804966e-03,5.529730531922510441e-03,5.034209593755086323e-03,4.548129324097997285e-03,4.365081291082566727e-03,0.000000000000000000e+00,0.000000000000000000e+00,0.000000000000000000e+00,0.000000000000000000e+00,0.000000000000000000e+00,5.981402389880942502e-05,3.236535108185517300e-06,0.000000000000000000e+00,0.000000000000000000e+00,0.000000000000000000e+00,0.000000000000000000e+00,0.000000000000000000e+00,0.000000000000000000e+00,0.000000000000000000e+00,0.000000000000000000e+00,0.000000000000000000e+00,0.000000000000000000e+00,0.000000000000000000e+00,0.000000000000000000e+00,0.000000000000000000e+00,0.000000000000000000e+00,0.000000000000000000e+00,0.000000000000000000e+00,0.000000000000000000e+00,0.000000000000000000e+00,0.000000000000000000e+00,0.000000000000000000e+00,0.000000000000000000e+00,0.000000000000000000e+00,0.000000000000000000e+00,0.000000000000000000e+00,0.000000000000000000e+00,0.000000000000000000e+00,0.000000000000000000e+00,0.000000000000000000e+00,0.000000000000000000e+00,0.000000000000000000e+00,4.191635913626251672e-04,1.793658106294991313e-03,4.100563374470901114e-03,4.811713593880983034e-03,0.000000000000000000e+00,0.000000000000000000e+00,0.000000000000000000e+00,0.000000000000000000e+00,0.000000000000000000e+00,0.000000000000000000e+00,0.000000000000000000e+00,0.000000000000000000e+00,0.000000000000000000e+00,0.000000000000000000e+00,0.000000000000000000e+00,0.000000000000000000e+00,0.000000000000000000e+00,0.000000000000000000e+00,0.000000000000000000e+00,0.000000000000000000e+00,0.000000000000000000e+00,0.000000000000000000e+00,0.000000000000000000e+00,0.000000000000000000e+00,0.000000000000000000e+00,0.000000000000000000e+00,0.000000000000000000e+00,0.000000000000000000e+00,0.000000000000000000e+00,0.000000000000000000e+00,0.000000000000000000e+00,0.000000000000000000e+00,0.000000000000000000e+00,0.000000000000000000e+00,4.937514541172365815e-05,0.000000000000000000e+00,0.000000000000000000e+00,7.904674061870757204e-04,1.866388629011199755e-03,0.000000000000000000e+00,0.000000000000000000e+00,0.000000000000000000e+00,0.000000000000000000e+00,0.000000000000000000e+00,0.000000000000000000e+00,5.578847265145708617e-04,0.000000000000000000e+00,0.000000000000000000e+00,0.000000000000000000e+00,0.000000000000000000e+00,3.403000331016956648e-05,8.097979811094980183e-04,1.700466928465272417e-03,2.648972323654823300e-03,3.582099138582021773e-03,4.421195594333903432e-03,5.093843576536308086e-03,5.544076387635194121e-03,5.739643129084459269e-03,5.675506882108492454e-03,5.373162091629241424e-03,4.875710876495926299e-03,4.239398702593924137e-03,3.523353634687518155e-03,2.780080614562061708e-03,2.049288944369366365e-03,1.356580025110502678e-03,1.265040117720030166e-03,1.474212585066915623e-03,1.746954601805830645e-03,2.090064221811636317e-03,2.500226054886351898e-03,2.962533048101846558e-03,3.450194018756337806e-03,3.925430541760342902e-03,4.341509115115365497e-03,5.647541168159735114e-03,0.000000000000000000e+00,0.000000000000000000e+00,0.000000000000000000e+00,0.000000000000000000e+00,0.000000000000000000e+00,0.000000000000000000e+00,0.000000000000000000e+00,8.362871567697826051e-04,1.302473902252431794e-03,0.000000000000000000e+00,0.000000000000000000e+00,0.000000000000000000e+00,5.780056143082730122e-04,1.399546971077173744e-03,2.352878955557236723e-03,3.393863977722087321e-03,4.448481428261253506e-03,5.423790457702950575e-03,6.227751113248605926e-03,6.790875678787891383e-03,7.081623113153957122e-03,0.000000000000000000e+00,0.000000000000000000e+00,0.000000000000000000e+00,0.000000000000000000e+00,0.000000000000000000e+00,0.000000000000000000e+00,0.000000000000000000e+00,0.000000000000000000e+00,0.000000000000000000e+00,0.000000000000000000e+00,0.000000000000000000e+00,0.000000000000000000e+00
1.325217259555244034e-07,9.036013054226903641e-04,1.665777240808755544e-03,2.174722607776589933e-03,2.362467199799838605e-03,2.219988564753482690e-03,1.799518729218498470e-03,1.201551241671379227e-03,5.489372689312108436e-04,0.000000000000000000e+00,0.000000000000000000e+00,0.000000000000000000e+00,0.000000000000000000e+00,0.000000000000000000e+00,0.000000000000000000e+00,0.000000000000000000e+00,0.000000000000000000e+00,0.000000000000000000e+00,0.000000000000000000e+00,0.000000000000000000e+00,0.000000000000000000e+00,0.000000000000000000e+00,3.776776320770997356e-04,0.000000000000000000e+00,0.000000000000000000e+00,1.243157419385962532e-03,0.000000000000000000e+00,0.000000000000000000e+00,0.000000000000000000e+00,0.000000000000000000e+00,0.000000000000000000e+00,0.000000000000000000e+00,1.464243001682238198e-05,5.513791999274110598e-04,1.228425657778514602e-03,2.017493786848015540e-03,2.871562989556852505e-03,3.734829987608650516e-03,4.321166023127656457e-03,4.718314400309812570e-03,4.769724220034478844e-03,4.436885462692100567e-03,3.741031569005312616e-03,2.760401797260876242e-03,1.613369105105909567e-03,4.327864420526713772e-04,0.000000000000000000e+00,0.000000000000000000e+00,0.000000000000000000e+00,0.000000000000000000e+00,0.000000000000000000e+00,0.000000000000000000e+00,0.000000000000000000e+00,0.000000000000000000e+00,0.000000000000000000e+00,0.000000000000000000e+00,0.000000000000000000e+00,0.000000000000000000e+00,0.000000000000000000e+00,0.000000000000000000e+00,0.000000000000000000e+00,0.000000000000000000e+00,0.000000000000000000e+00,0.000000000000000000e+00,0.000000000000000000e+00,0.000000000000000000e+00,0.000000000000000000e+00,0.000000000000000000e+00,0.000000000000000000e+00,0.000000000000000000e+00,0.000000000000000000e+00,0.000000000000000000e+00,1.572034464044393121e-04,4.671389366749896044e-04,6.064611259914210514e-04,7.752874629326831192e-04,1.670767963371592871e-03,2.470851381165732261e-03,3.128780090233703164e-03,3.623131709040828576e-03,3.963673529196617973e-03,4.190845819964764823e-03,4.367684526811618784e-03,4.564970068449111622e-03,4.842662834262391122e-03,5.232411139927894105e-03,5.726254273002221590e-03,6.275332852570265040e-03,6.799757097501965726e-03,7.207598996083116119e-03,7.418175166662709617e-03,7.383219103179621857e-03,7.099781649798462754e-03,6.610865575119875825e-03,5.993412598371566750e-03,5.337271407832001012e-03,4.721700966103596978e-03,4.196731690235777808e-03,3.774933783275781756e-03,3.435480403821310029e-03,3.138238196915814609e-03,2.847975059367240276e-03,2.766499989254904944e-03,2.676338130187153053e-03,2.579071096836657237e-03,2.476230699353584863e-03,2.369264423846108216e-03,2.259501764617072479e-03,2.148129942017790520e-03,2.036174300109103337e-03,1.924484204895336118e-03,1.813728898776432530e-03,1.832616131025930359e-03,1.843418416077348453e-03,1.723546874951402842e-03,1.465311580430618240e-03,1.285655620030997162e-03,1.185628654854891436e-03,1.087213695362661183e-03,9.902542540229867640e-04,8.946330489523610834e-04,8.003064015435259462e-04,7.073345176531418152e-04,6.159055666074850308e-04,5.263546669472689331e-04,4.391724059732059421e-04,3.550067299316485400e-04,2.746557462430940710e-04,1.990499645549102521e-04,1.942639455812780660e-04,6.630376983440824869e-05,1.142603588388945426e-05,0.000000000000000000e+00,0.000000000000000000e+00,0.000000000000000000e+00,0.000000000000000000e+00,0.000000000000000000e+00,0.000000000000000000e+00,0.000000000000000000e+00,1.614978583641070355e-04,8.140219952734184267e-04,1.239190730891498405e-03,0.000000000000000000e+00,0.000000000000000000e+00,8.088418738963439915e-04,2.178383311622060937e-03,3.349069375483830317e-03,0.000000000000000000e+00,0.000000000000000000e+00,0.000000000000000000e+00,0.000000000000000000e+00,0.000000000000000000e+00,0.000000000000000000e+00,0.000000000000000000e+00,0.000000000000000000e+00,0.000000000000000000e+00,0.000000000000000000e+00,5.675181653266611305e-05,1.644726840927448607e-04,1.667005520091485011e-04,4.935639250557541830e-05,6.873761183712912438e-04,2.107076783648791952e-03,2.465890501104551612e-03,3.055891256102525287e-03,3.369898672408914650e-03,3.407126490145826175e-03,3.205052733431227544e-03,2.827956803432537906e-03,2.353976691909857345e-03,1.862505699267434514e-03,1.422813917998690071e-03,1.084529589293911503e-03,8.709846046017267508e-04,0.000000000000000000e+00,0.000000000000000000e+00,0.000000000000000000e+00,0.000000000000000000e+00,0.000000000000000000e+00,0.000000000000000000e+00,0.000000000000000000e+00,0.000000000000000000e+00,6.720513791733887660e-05,2.552477531944632376e-04,2.838857473480566572e-03,0.000000000000000000e+00,6.327508148779229630e-05,4.888779949058871420e-04,1.007716054328709580e-03,1.548532593434519006e-03,2.041448385567822855e-03,2.434465065776795709e-03,2.703528448753608673e-03,2.853085504326184543e-03,2.907769764286457625e-03,2.899297405695424636e-03,2.854288553121755827e-03,2.787766659371364048e-03,2.704096059666826184e-03,2.603589391053582648e-03,2.490674201841267237e-03,2.379337032105705279e-03,2.293366809075684729e-03,2.261506073709627744e-03,2.309669574044956840e-03,2.453021084792542453e-03,2.690148058559729827e-03,3.000517599148653722e-03,3.345597108116869257e-03,3.673668952861723278e-03,3.928072092622858502e-03,4.057940269317848736e-03,0.000000000000000000e+00,0.000000000000000000e+00,0.000000000000000000e+00,0.000000000000000000e+00,0.000000000000000000e+00,0.000000000000000000e+00,0.000000000000000000e+00,0.000000000000000000e+00,0.000000000000000000e+00,0.000000000000000000e+00,0.000000000000000000e+00,0.000000000000000000e+00,0.000000000000000000e+00,5.578305533337950609e-04,5.167615021065742218e-04,1.911085895134439962e-03,1.437670900932589866e-03,0.000000000000000000e+00,0.000000000000000000e+00,0.000000000000000000e+00,0.000000000000000000e+00,0.000000000000000000e+00,0.000000000000000000e+00,0.000000000000000000e+00,0.000000000000000000e+00,0.000000000000000000e+00,0.000000000000000000e+00,0.000000000000000000e+00,0.000000000000000000e+00,0.000000000000000000e+00,0.000000000000000000e+00,0.000000000000000000e+00,1.155080286872082953e-04,2.182901094338678474e-03,0.000000000000000000e+00,3.165022911472635514e-04,0.000000000000000000e+00,0.000000000000000000e+00,0.000000000000000000e+00,0.000000000000000000e+00,0.000000000000000000e+00,1.854788835536116433e-03,0.000000000000000000e+00,0.000000000000000000e+00,0.000000000000000000e+00,0.000000000000000000e+00,0.000000000000000000e+00,0.000000000000000000e+00,0.000000000000000000e+00,0.000000000000000000e+00,0.000000000000000000e+00,0.000000000000000000e+00,6.315525716066129136e-04,1.659004413365078008e-03,2.952856769955105980e-03,4.439417127988098608e-03,6.003186923162817656e-03,7.500258051138041816e-03,8.780816327040873864e-03,0.000000000000000000e+00,0.000000000000000000e+00,0.000000000000000000e+00,0.000000000000000000e+00,0.000000000000000000e+00,0.000000000000000000e+00,0.000000000000000000e+00,0.000000000000000000e+00,0.000000000000000000e+00,0.000000000000000000e+00,0.000000000000000000e+00,6.452375613408580218e-04,2.103306402186960484e-03,3.877125677558650174e-03,0.000000000000000000e+00,0.000000000000000000e+00,0.000000000000000000e+00,0.000000000000000000e+00,0.000000000000000000e+00,0.000000000000000000e+00,0.000000000000000000e+00,0.000000000000000000e+00,0.000000000000000000e+00,0.000000000000000000e+00,0.000000000000000000e+00,0.000000000000000000e+00,0.000000000000000000e+00,0.000000000000000000e+00,0.000000000000000000e+00,0.000000000000000000e+00,0.000000000000000000e+00,0.000000000000000000e+00,0.000000000000000000e+00,0.000000000000000000e+00,0.000000000000000000e+00,0.000000000000000000e+00,0.000000000000000000e+00,0.000000000000000000e+00,0.000000000000000000e+00,0.000000000000000000e+00,0.000000000000000000e+00,0.000000000000000000e+00,0.000000000000000000e+00,0.000000000000000000e+00,0.000000000000000000e+00,0.000000000000000000e+00,0.000000000000000000e+00,0.000000000000000000e+00,0.000000000000000000e+00,0.000000000000000000e+00,0.000000000000000000e+00,3.235273385691039318e-03,1.067630790631563876e-03,0.000000000000000000e+00,0.000000000000000000e+00,0.000000000000000000e+00,0.000000000000000000e+00,0.000000000000000000e+00,0.000000000000000000e+00,0.000000000000000000e+00,0.000000000000000000e+00,0.000000000000000000e+00,0.000000000000000000e+00,0.000000000000000000e+00,0.000000000000000000e+00,3.103226834647926022e-04,6.343408071458742819e-04,9.758247873348410142e-04,1.346272878625479150e-03,1.731501450871021815e-03,2.090117000674281654e-03,2.361613952838459863e-03,2.482074799251235420e-03,2.403050665275613569e-03,2.108098467913135411e-03,1.621979810135892137e-03,1.009488198009180025e-03,3.638379636894613399e-04,0.000000000000000000e+00,0.000000000000000000e+00,0.000000000000000000e+00,0.000000000000000000e+00,0.000000000000000000e+00,0.000000000000000000e+00,5.445184436047946280e-04,1.177528820144662638e-03,1.800435236101071606e-03,2.355276555569128360e-03,2.787552767673168088e-03,3.044710435190529831e-03,3.078962550830034121e-03,2.856000621982703654e-03,2.367547793856838566e-03,1.642686654708237900e-03,7.521020862314363150e-04,0.000000000000000000e+00,0.000000000000000000e+00,0.000000000000000000e+00,0.000000000000000000e+00,0.000000000000000000e+00,0.000000000000000000e+00,0.000000000000000000e+00,0.000000000000000000e+00,0.000000000000000000e+00,0.000000000000000000e+00,2.921638284198491186e-04,4.414745393217878807e-04,2.804187175890444439e-04,4.033478996861125421e-05,3.579562104236731144e-05,1.487765639999313999e-05,0.000000000000000000e+00,0.000000000000000000e+00,0.000000000000000000e+00,0.000000000000000000e+00,0.000000000000000000e+00,0.000000000000000000e+00,0.000000000000000000e+00,0.000000000000000000e+00,0.000000000000000000e+00,0.000000000000000000e+00,0.000000000000000000e+00,0.000000000000000000e+00,0.000000000000000000e+00,0.000000000000000000e+00,0.000000000000000000e+00,0.000000000000000000e+00,2.775605110811842015e-04,8.518130856352927865e-04
0.000000000000000000e+00,0.000000000000000000e+00,0.000000000000000000e+00,0.000000000000000000e+00,0.000000000000000000e+00,0.000000000000000000e+00,0.000000000000000000e+00,0.000000000000000000e+00,0.000000000000000000e+00,0.000000000000000000e+00,0.000000000000000000e+00,0.000000000000000000e+00,0.000000000000000000e+00,1.976872259240441954e-04,0.000000000000000000e+00,0.000000000000000000e+00,1.326954548817589662e-03,0.000000000000000000e+00,0.000000000000000000e+00,0.000000000000000000e+00,0.000000000000000000e+00,0.000000000000000000e+00,0.000000000000000000e+00,0.000000000000000000e+00,0.000000000000000000e+00,0.000000000000000000e+00,0.000000000000000000e+00,1.644864064662441422e-03,2.218314195626470194e-03,0.000000000000000000e+00,0.000000000000000000e+00,0.000000000000000000e+00,2.902870178301921508e-04,9.933169465659822273e-04,1.571586730196604604e-03,0.000000000000000000e+00,0.000000000000000000e+00,0.000000000000000000e+00,0.000000000000000000e+00,0.000000000000000000e+00,0.000000000000000000e+00,0.000000000000000000e+00,0.000000000000000000e+00,0.000000000000000000e+00,0.000000000000000000e+00,0.000000000000000000e+00,0.000000000000000000e+00,0.000000000000000000e+00,0.000000000000000000e+00,0.000000000000000000e+00,0.000000000000000000e+00,0.000000000000000000e+00,0.000000000000000000e+00,3.261966563112579827e-03,1.468189694352390641e-04,5.560913393707983760e-04,1.272470688217459739e-03,2.238184809489662200e-03,3.361333368576825947e-03,4.529887515453951893e-03,5.630563307113723229e-03,6.567096237501090540e-03,7.272687747078206491e-03,7.713658698566858846e-03,7.884550384112355356e-03,7.797802551320271933e-03,7.472650943359428720e-03,6.927588678665910944e-03,6.178781327238447654e-03,5.244112111313546480e-03,4.150209871217938259e-03,0.000000000000000000e+00,0.000000000000000000e+00,0.000000000000000000e+00,7.384345863981598562e-03,0.000000000000000000e+00,0.000000000000000000e+00,0.000000000000000000e+00,0.000000000000000000e+00,0.000000000000000000e+00,0.000000000000000000e+00,0.000000000000000000e+00,0.000000000000000000e+00,0.000000000000000000e+00,0.000000000000000000e+00,0.000000000000000000e+00,0.000000000000000000e+00,0.000000000000000000e+00,0.000000000000000000e+00,0.000000000000000000e+00,0.000000000000000000e+00,0.000000000000000000e+00,0.000000000000000000e+00,0.000000000000000000e+00,0.000000000000000000e+00,5.356094890766181267e-05,5.729147812200573913e-04,9.124335667710603516e-04,1.038929491165977098e-03,9.573283955698947854e-04,7.103774519027814633e-04,3.724306457159590384e-04,3.199899813250836004e-04,4.347265916284878706e-04,4.498236198722681723e-04,3.712422650456074580e-04,4.652658546316359935e-04,1.170445141403806842e-03,2.020623563976197811e-03,2.905890936730891588e-03,3.711364694003693471e-03,4.340449215658659897e-03,4.732149100572424251e-03,4.868731225671689075e-03,4.773286478994074288e-03,4.499641309682705231e-03,4.118603878327362425e-03,0.000000000000000000e+00,0.000000000000000000e+00,0.000000000000000000e+00,0.000000000000000000e+00,0.000000000000000000e+00,0.000000000000000000e+00,0.000000000000000000e+00,0.000000000000000000e+00,0.000000000000000000e+00,0.000000000000000000e+00,0.000000000000000000e+00,0.000000000000000000e+00,0.000000000000000000e+00,3.366497414774363706e-04,1.217293119923521134e-03,0.000000000000000000e+00,0.000000000000000000e+00,0.000000000000000000e+00,0.000000000000000000e+00,0.000000000000000000e+00,0.000000000000000000e+00,0.000000000000000000e+00,0.000000000000000000e+00,3.551299075976539136e-04,0.000000000000000000e+00,0.000000000000000000e+00,0.000000000000000000e+00,0.000000000000000000e+00,0.000000000000000000e+00,0.000000000000000000e+00,6.357608888018561949e-04,1.017325539627124149e-03,1.027549105834229181e-03,7.046711816651724100e-04,9.933615575583405397e-04,1.209365204447227383e-03,1.150676506942528319e-03,2.951936699968438736e-03,4.160127583677492957e-04,7.545903742443853160e-05,3.812876990462095054e-05,0.000000000000000000e+00,0.000000000000000000e+00,1.222060513187285058e-03,0.000000000000000000e+00,0.000000000000000000e+00,8.135419594854998229e-04,0.000000000000000000e+00,0.000000000000000000e+00,0.000000000000000000e+00,0.000000000000000000e+00,0.000000000000000000e+00,0.000000000000000000e+00,0.000000000000000000e+00,0.000000000000000000e+00,0.000000000000000000e+00,0.000000000000000000e+00,0.000000000000000000e+00,0.000000000000000000e+00,0.000000000000000000e+00,0.000000000000000000e+00,0.000000000000000000e+00,0.000000000000000000e+00,0.000000000000000000e+00,0.000000000000000000e+00,0.000000000000000000e+00,0.000000000000000000e+00,0.000000000000000000e+00,0.000000000000000000e+00,0.000000000000000000e+00,0.000000000000000000e+00,0.000000000000000000e+00,0.000000000000000000e+00,0.000000000000000000e+00,0.000000000000000000e+00,0.000000000000000000e+00,0.000000000000000000e+00,0.000000000000000000e+00,0.000000000000000000e+00,0.000000000000000000e+00,0.000000000000000000e+00,0.000000000000000000e+00,0.000000000000000000e+00,0.000000000000000000e+00,0.000000000000000000e+00,0.000000000000000000e+00,0.000000000000000000e+00,0.000000000000000000e+00,0.000000000000000000e+00,0.000000000000000000e+00,0.000000000000000000e+00,0.000000000000000000e+00,0.000000000000000000e+00,0.000000000000000000e+00,0.000000000000000000e+00,0.000000000000000000e+00,0.000000000000000000e+00,3.662335192168836902e-03,7.843451814998636269e-04,7.250833268534216712e-04,0.000000000000000000e+00,0.000000000000000000e+00,0.000000000000000000e+00,0.000000000000000000e+00,0.000000000000000000e+00,0.000000000000000000e+00,0.000000000000000000e+00,0.000000000000000000e+00,4.050862018174537305e-04,5.044601055013484339e-03,0.000000000000000000e+00,0.000000000000000000e+00,0.000000000000000000e+00,0.000000000000000000e+00,0.000000000000000000e+00,0.000000000000000000e+00,0.000000000000000000e+00,0.000000000000000000e+00,0.000000000000000000e+00,0.000000000000000000e+00,0.000000000000000000e+00,0.000000000000000000e+00,0.000000000000000000e+00,0.000000000000000000e+00,0.000000000000000000e+00,0.000000000000000000e+00,0.000000000000000000e+00,0.000000000000000000e+00,0.000000000000000000e+00,0.000000000000000000e+00,1.600910099725534456e-04,5.056152999609880719e-04,8.495603138383312630e-04,1.187260611440691576e-03,1.514148183412470207e-03,1.825861896154133343e-03,2.118350050812738746e-03,2.387965478667351555e-03,2.631548604255077878e-03,5.962853719598168109e-03,1.313284375086345296e-03,2.682263330439387168e-04,0.000000000000000000e+00,0.000000000000000000e+00,0.000000000000000000e+00,0.000000000000000000e+00,0.000000000000000000e+00,0.000000000000000000e+00,0.000000000000000000e+00,0.000000000000000000e+00,0.000000000000000000e+00,0.000000000000000000e+00,0.000000000000000000e+00,0.000000000000000000e+00,0.000000000000000000e+00,0.000000000000000000e+00,0.000000000000000000e+00,0.000000000000000000e+00,8.609208617534076097e-04,2.137989228546705728e-03,3.331979465927459045e-03,2.764389989657390235e-03,2.836459761539039236e-03,2.786047535412029645e-03,2.614158611525068971e-03,2.342144581614244176e-03,2.003630302300208471e-03,1.635779129890432577e-03,1.273165918208079596e-03,9.455528263322881882e-04,0.000000000000000000e+00,0.000000000000000000e+00,2.280438768438430429e-04,4.861319082065199701e-04,5.554271075069601958e-04,4.677411264742805178e-04,2.667570835608370225e-04,0.000000000000000000e+00,0.000000000000000000e+00,0.000000000000000000e+00,0.000000000000000000e+00,0.000000000000000000e+00,0.000000000000000000e+00,1.335216497901425131e-03,0.000000000000000000e+00,0.000000000000000000e+00,0.000000000000000000e+00,0.000000000000000000e+00,1.013985967015680004e-03,2.343436982232544822e-03,3.729827853520430343e-03,5.027574817155441335e-03,6.100792088784709466e-03,6.836793487419014735e-03,7.155248447248481643e-03,0.000000000000000000e+00,0.000000000000000000e+00,8.034728624199460661e-04,1.693783083510000918e-03,2.487164728661407295e-03,3.085453316978936308e-03,0.000000000000000000e+00,0.000000000000000000e+00,0.000000000000000000e+00,4.482842723549872697e-04,0.000000000000000000e+00,0.000000000000000000e+00,0.000000000000000000e+00,0.000000000000000000e+00,0.000000000000000000e+00,1.796876424909387161e-05,0.000000000000000000e+00,0.000000000000000000e+00,0.000000000000000000e+00,4.414619788553468017e-04,0.000000000000000000e+00,0.000000000000000000e+00,0.000000000000000000e+00,0.000000000000000000e+00,0.000000000000000000e+00,0.000000000000000000e+00,0.000000000000000000e+00,0.000000000000000000e+00,0.000000000000000000e+00,0.000000000000000000e+00,0.000000000000000000e+00,2.823672351705022471e-03,0.000000000000000000e+00,0.000000000000000000e+00,0.000000000000000000e+00,0.000000000000000000e+00,0.000000000000000000e+00,0.000000000000000000e+00,0.000000000000000000e+00,0.000000000000000000e+00,0.000000000000000000e+00,0.000000000000000000e+00,0.000000000000000000e+00,0.000000000000000000e+00,0.000000000000000000e+00,0.000000000000000000e+00,0.000000000000000000e+00,0.000000000000000000e+00,0.000000000000000000e+00,1.730503471557123850e-04,1.414513245569732139e-03,2.413492192046869447e-03,3.099912702603029816e-03,3.449034832915311068e-03,3.476440938446980194e-03,3.227029506690205166e-03,2.762071097752747360e-03,2.147539033183740002e-03,1.445517368452766890e-03,7.091976075575077282e-04,2.830598229713615242e-04,2.934543059529501623e-04,2.854598652616653826e-04,2.590663067219885359e-04,2.147288590718025132e-04,1.533518969907737340e-04,7.625881793620360445e-05,0.000000000000000000e+00,0.000000000000000000e+00,0.000000000000000000e+00,0.000000000000000000e+00,8.161282645825869558e-06,1.208227522159695559e-04,2.952933510880332863e-04,5.769138830043289137e-04,1.000375785365245455e-03,1.580094178878310588e-03,2.301329326904049365e-03,3.115675755461642504e-03,3.944320154462703336e-03,4.690568959406045922e-03,5.259857744532137058e-03,5.581970685736351717e-03,5.628290680925349294e-03,5.417785576729742571e-03,5.009226253587745724e-03,4.482209085318603764e-03,3.913725408036380568e-03
8.732900865521296926e-08,4.408961411843556849e-04,7.879307820027114462e-04,1.058075861755081257e-03,1.274763501462345327e-03,1.457851883465934549e-03,1.615504814632409518e-03,1.741199576243571438e-03,1.817000214358560671e-03,1.821379620199630074e-03,1.737864688941942546e-03,1.560623994398366732e-03,1.294941818660457974e-03,9.532354521548156269e-04,5.493450631143366935e-04,9.423949669335170772e-05,0.000000000000000000e+00,0.000000000000000000e+00,0.000000000000000000e+00,0.000000000000000000e+00,0.000000000000000000e+00,0.000000000000000000e+00,0.000000000000000000e+00,0.000000000000000000e+00,0.000000000000000000e+00,0.000000000000000000e+00,0.000000000000000000e+00,0.000000000000000000e+00,0.000000000000000000e+00,0.000000000000000000e+00,0.000000000000000000e+00,0.000000000000000000e+00,0.000000000000000000e+00,0.000000000000000000e+00,1.944613173135554163e-04,7.587579607023380891e-04,1.196427321396764578e-03,1.505722213947264338e-03,1.702577842096298115e-03,1.816591595454298495e-03,1.883144088550042956e-03,1.933520336215872838e-03,1.986131214366167099e-03,2.041975793111426487e-03,2.086232730457809621e-03,2.095699722675128853e-03,2.049622278804728078e-03,1.940086209006124628e-03,1.778249428624387478e-03,5.524832886347753359e-03,0.000000000000000000e+00,0.000000000000000000e+00,0.000000000000000000e+00,0.000000000000000000e+00,0.000000000000000000e+00,0.000000000000000000e+00,0.000000000000000000e+00,0.000000000000000000e+00,0.000000000000000000e+00,0.000000000000000000e+00,0.000000000000000000e+00,0.000000000000000000e+00,0.000000000000000000e+00,0.000000000000000000e+00,0.000000000000000000e+00,0.000000000000000000e+00,0.000000000000000000e+00,0.000000000000000000e+00,0.000000000000000000e+00,0.000000000000000000e+00,0.000000000000000000e+00,0.000000000000000000e+00,0.000000000000000000e+00,0.000000000000000000e+00,0.000000000000000000e+00,0.000000000000000000e+00,0.000000000000000000e+00,0.000000000000000000e+00,0.000000000000000000e+00,0.000000000000000000e+00,0.000000000000000000e+00,0.000000000000000000e+00,0.000000000000000000e+00,0.000000000000000000e+00,0.000000000000000000e+00,0.000000000000000000e+00,0.000000000000000000e+00,1.093981169784478009e-04,1.116892364835909935e-03,2.331340658248200193e-03,3.407890725259755688e-03,4.332714667749557567e-03,5.040544503733352007e-03,0.000000000000000000e+00,0.000000000000000000e+00,0.000000000000000000e+00,0.000000000000000000e+00,0.000000000000000000e+00,0.000000000000000000e+00,0.000000000000000000e+00,0.000000000000000000e+00,0.000000000000000000e+00,1.022197920534261744e-03,2.203765587632836812e-03,3.072862139443471516e-03,3.589877591501205653e-03,3.771602958710190429e-03,3.682492899093819244e-03,3.418735056676802577e-03,3.089032200678931608e-03,2.795453651155748072e-03,2.616985739389959906e-03,2.597854946281930120e-03,2.742180778541518892e-03,3.015802083421589234e-03,3.355013768068327261e-03,3.680615401824292084e-03,0.000000000000000000e+00,0.000000000000000000e+00,0.000000000000000000e+00,0.000000000000000000e+00,0.000000000000000000e+00,2.117579565140434797e-04,5.396452256228922778e-04,7.530601755661932599e-04,8.635196198639518176e-04,9.039763202645756217e-04,9.198291454251241372e-04,9.576355329954135132e-04,1.055022719567492041e-03,1.234509822209161603e-03,1.502141482977542748e-03,1.849852001437791863e-03,2.259409349214124181e-03,0.000000000000000000e+00,0.000000000000000000e+00,0.000000000000000000e+00,0.000000000000000000e+00,0.000000000000000000e+00,0.000000000000000000e+00,0.000000000000000000e+00,0.000000000000000000e+00,0.000000000000000000e+00,0.000000000000000000e+00,0.000000000000000000e+00,0.000000000000000000e+00,0.000000000000000000e+00,0.000000000000000000e+00,0.000000000000000000e+00,2.175290729514765015e-05,4.390298134945974911e-04,9.278378264156214150e-04,1.329219196052853179e-03,1.643313988877703660e-03,1.876925473952756373e-03,2.039692533359945686e-03,2.141934100768467641e-03,2.194209175283852887e-03,2.207648608681598602e-03,2.193569814674894199e-03,2.161204022601388545e-03,2.113507480806813780e-03,2.042655026984211732e-03,0.000000000000000000e+00,0.000000000000000000e+00,5.273226837776458231e-04,1.375199376687974342e-03,2.210423881272734897e-03,0.000000000000000000e+00,0.000000000000000000e+00,0.000000000000000000e+00,0.000000000000000000e+00,0.000000000000000000e+00,0.000000000000000000e+00,0.000000000000000000e+00,0.000000000000000000e+00,0.000000000000000000e+00,0.000000000000000000e+00,4.506971741267962184e-04,1.082079793771908776e-03,1.605961138218215236e-03,0.000000000000000000e+00,0.000000000000000000e+00,0.000000000000000000e+00,0.000000000000000000e+00,0.000000000000000000e+00,0.000000000000000000e+00,0.000000000000000000e+00,0.000000000000000000e+00,0.000000000000000000e+00,0.000000000000000000e+00,0.000000000000000000e+00,0.000000000000000000e+00,0.000000000000000000e+00,0.000000000000000000e+00,0.000000000000000000e+00,0.000000000000000000e+00,0.000000000000000000e+00,0.000000000000000000e+00,0.000000000000000000e+00,0.000000000000000000e+00,0.000000000000000000e+00,0.000000000000000000e+00,0.000000000000000000e+00,0.000000000000000000e+00,0.000000000000000000e+00,0.000000000000000000e+00,0.000000000000000000e+00,0.000000000000000000e+00,0.000000000000000000e+00,0.000000000000000000e+00,0.000000000000000000e+00,0.000000000000000000e+00,0.000000000000000000e+00,4.947289420505142539e-04,1.086621951484475265e-03,1.721829019057485432e-03,2.341649814716480378e-03,2.889123185666907581e-03,3.326732235487996504e-03,0.000000000000000000e+00,0.000000000000000000e+00,0.000000000000000000e+00,0.000000000000000000e+00,0.000000000000000000e+00,0.000000000000000000e+00,0.000000000000000000e+00,0.000000000000000000e+00,0.000000000000000000e+00,0.000000000000000000e+00,0.000000000000000000e+00,0.000000000000000000e+00,0.000000000000000000e+00,0.000000000000000000e+00,0.000000000000000000e+00,0.000000000000000000e+00,0.000000000000000000e+00,0.000000000000000000e+00,0.000000000000000000e+00,0.000000000000000000e+00,0.000000000000000000e+00,8.986513131690049012e-05,4.004819233597025577e-04,1.047419182791804650e-03,1.771620239235382598e-03,2.339978890890537493e-03,2.757695882851129120e-03,3.023837067871153715e-03,3.123203604397745137e-03,3.029041969553236419e-03,2.716985224369303838e-03,2.184700609450437522e-03,1.468113610933746357e-03,6.457928422484890104e-04,0.000000000000000000e+00,0.000000000000000000e+00,0.000000000000000000e+00,3.139612459225737799e-04,7.779023345682702442e-04,2.550216219893934339e-03,0.000000000000000000e+00,0.000000000000000000e+00,0.000000000000000000e+00,0.000000000000000000e+00,0.000000000000000000e+00,0.000000000000000000e+00,0.000000000000000000e+00,0.000000000000000000e+00,0.000000000000000000e+00,0.000000000000000000e+00,0.000000000000000000e+00,0.000000000000000000e+00,0.000000000000000000e+00,0.000000000000000000e+00,1.300492072113674288e-03,0.000000000000000000e+00,0.000000000000000000e+00,0.000000000000000000e+00,0.000000000000000000e+00,0.000000000000000000e+00,0.000000000000000000e+00,0.000000000000000000e+00,0.000000000000000000e+00,0.000000000000000000e+00,0.000000000000000000e+00,0.000000000000000000e+00,0.000000000000000000e+00,0.000000000000000000e+00,0.000000000000000000e+00,0.000000000000000000e+00,0.000000000000000000e+00,0.000000000000000000e+00,0.000000000000000000e+00,0.000000000000000000e+00,0.000000000000000000e+00,0.000000000000000000e+00,0.000000000000000000e+00,0.000000000000000000e+00,1.877209693327044882e-04,4.289827573106003047e-04,6.423444109616006752e-04,8.381628548692897666e-04,1.025904472339644402e-03,1.209762205928819863e-03,1.387754810260056039e-03,1.553927431247418721e-03,1.701598160355948484e-03,1.825446237021418651e-03,1.921556745292246366e-03,1.986199290383599235e-03,2.014928486452972119e-03,2.003065225505620741e-03,1.947430527986074777e-03,1.848318379422412379e-03,1.710761836042018046e-03,1.544803098496202705e-03,1.365046036232577019e-03,1.189695062067249289e-03,1.038803231724941137e-03,1.033192857381265645e-03,1.194528376576257630e-03,1.348734588054753200e-03,9.850923336399246277e-04,3.761329008730673841e-04,0.000000000000000000e+00,0.000000000000000000e+00,0.000000000000000000e+00,0.000000000000000000e+00,0.000000000000000000e+00,0.000000000000000000e+00,0.000000000000000000e+00,0.000000000000000000e+00,0.000000000000000000e+00,0.000000000000000000e+00,0.000000000000000000e+00,0.000000000000000000e+00,0.000000000000000000e+00,0.000000000000000000e+00,0.000000000000000000e+00,0.000000000000000000e+00,0.000000000000000000e+00,0.000000000000000000e+00,0.000000000000000000e+00,0.000000000000000000e+00,0.000000000000000000e+00,0.000000000000000000e+00,0.000000000000000000e+00,0.000000000000000000e+00,0.000000000000000000e+00,2.605450627949331259e-05,1.418518590796840392e-04,1.946996953515819787e-04,2.257854398572992864e-04,2.759333812609440014e-04,3.797905967386182302e-04,5.616617438509460911e-04,8.325169984152515660e-04,1.188046028372137866e-03,1.608328384920703616e-03,2.060021884227451229e-03,2.501617076364701705e-03,2.891234836645757353e-03,3.195099580602892442e-03,3.393889743967762589e-03,3.484412938832039119e-03,3.475728722548820666e-03,3.381439473305776055e-03,3.212130895343468743e-03,2.972385837582609304e-03,2.664746521423980771e-03,2.299103127935778548e-03,1.902185792057144728e-03,1.520419633877328081e-03,1.211565022092976921e-03,1.025738804580844220e-03,9.822075552060256006e-04,1.051882807891537817e-03,1.154629313542166955e-03,1.175315528133844076e-03,9.950553610171696158e-04,5.275533470309597909e-04,0.000000000000000000e+00,0.000000000000000000e+00,0.000000000000000000e+00,0.000000000000000000e+00,0.000000000000000000e+00,0.000000000000000000e+00,0.000000000000000000e+00,0.000000000000000000e+00,0.000000000000000000e+00,0.000000000000000000e+00,0.000000000000000000e+00,0.000000000000000000e+00,0.000000000000000000e+00,0.000000000000000000e+00,0.000000000000000000e+00,0.000000000000000000e+00,0.000000000000000000e+00,0.000000000000000000e+00,0.000000000000000000e+00
0.000000000000000000e+00,4.465215898463520080e-04,7.598282633932269782e-04,9.144014694525092173e-04,9.019925138819891598e-04,0.000000000000000000e+00,5.483657536790433138e-04,0.000000000000000000e+00,0.000000000000000000e+00,0.000000000000000000e+00,0.000000000000000000e+00,0.000000000000000000e+00,0.000000000000000000e+00,0.000000000000000000e+00,0.000000000000000000e+00,0.000000000000000000e+00,3.225432864974791202e-05,6.081503562265151605e-05,2.362974130704439228e-05,0.000000000000000000e+00,2.976699773481922577e-04,0.000000000000000000e+00,0.000000000000000000e+00,1.577687186614971178e-04,8.280990766845032144e-03,9.573377940438396855e-06,1.464033559607805734e-04,3.166587313524420839e-04,5.181568897275432451e-04,7.438311458009719095e-04,9.773869214408118997e-04,1.190639990631472533e-03,1.344290379940456855e-03,1.392832690606471630e-03,1.292921891839676372e-03,1.013366121608156190e-03,5.443517503034545589e-04,0.000000000000000000e+00,2.716904021555550551e-04,1.153537771582705766e-03,1.576615296168682638e-03,1.599518713244596274e-03,1.310647820236267216e-03,8.151739911350170320e-04,2.218820216574001716e-04,0.000000000000000000e+00,0.000000000000000000e+00,1.027756080608953408e-04,1.509469596157452225e-03,2.803376545975054014e-03,3.815166575229538958e-03,4.425114301154556978e-03,4.588868797101243804e-03,4.344923843521999313e-03,3.801129141314608766e-03,3.104094261575360281e-03,2.400468134517215295e-03,1.801250349886650368e-03,1.358983400181666473e-03,1.609482528583630612e-03,2.906530907015297989e-03,4.062438012155703340e-03,4.948393664097275151e-03,5.495727595220567877e-03,5.705631098273612409e-03,5.637386109019680742e-03,5.380773383447159594e-03,5.023723157799074926e-03,4.627158802962621879e-03,4.215036029019197765e-03,3.780736999055745069e-03,3.304269788274714036e-03,2.771054774231906676e-03,2.183741826447485428e-03,1.562856972779946277e-03,1.695042910535361639e-03,2.562786436151574983e-03,3.269455234332159250e-03,3.777023014142077712e-03,4.090666140242779809e-03,4.252050425533610359e-03,4.322160298324037586e-03,4.360437394737560340e-03,4.408163055244238536e-03,4.481519419889230804e-03,4.574898436242761518e-03,4.670383911431165956e-03,4.747314259405852575e-03,4.787244444367635965e-03,4.773284379822854626e-03,4.686332363199801482e-03,4.502167862526712007e-03,4.192207485724526450e-03,3.728220128550298849e-03,3.089196469817628160e-03,2.268022174619786693e-03,1.276423469983216461e-03,9.032573643324800670e-04,9.664544131884706887e-04,1.020542849126002734e-03,1.067324386780682055e-03,1.108622024535426721e-03,1.146234628540164458e-03,1.181883328146286728e-03,1.217166516176982228e-03,1.253514601612225809e-03,1.292146573342529796e-03,1.334040604762663654e-03,1.601180842143615267e-03,2.391760932529346864e-03,3.165206347579996738e-03,3.841631803027642945e-03,4.353127450836585116e-03,4.657329177691130022e-03,4.745355364786880970e-03,4.641600044463674996e-03,4.395503996618071313e-03,3.953826540545241942e-03,0.000000000000000000e+00,0.000000000000000000e+00,0.000000000000000000e+00,0.000000000000000000e+00,4.347482105748531737e-04,6.497529829220929703e-04,4.850472949421109426e-04,0.000000000000000000e+00,0.000000000000000000e+00,0.000000000000000000e+00,0.000000000000000000e+00,0.000000000000000000e+00,0.000000000000000000e+00,0.000000000000000000e+00,0.000000000000000000e+00,0.000000000000000000e+00,0.000000000000000000e+00,0.000000000000000000e+00,5.397597727777625237e-05,8.246218475652368441e-04,0.000000000000000000e+00,0.000000000000000000e+00,0.000000000000000000e+00,0.000000000000000000e+00,0.000000000000000000e+00,0.000000000000000000e+00,0.000000000000000000e+00,0.000000000000000000e+00,0.000000000000000000e+00,0.000000000000000000e+00,0.000000000000000000e+00,0.000000000000000000e+00,0.000000000000000000e+00,0.000000000000000000e+00,0.000000000000000000e+00,0.000000000000000000e+00,0.000000000000000000e+00,0.000000000000000000e+00,0.000000000000000000e+00,0.000000000000000000e+00,0.000000000000000000e+00,0.000000000000000000e+00,0.000000000000000000e+00,0.000000000000000000e+00,0.000000000000000000e+00,5.071910131534666409e-04,1.095592147468110907e-03,1.620033094383315289e-03,2.135228684852625864e-03,2.691943512683631686e-03,3.322184235726114571e-03,4.030610225915478607e-03,7.622627308714217259e-03,0.000000000000000000e+00,0.000000000000000000e+00,0.000000000000000000e+00,0.000000000000000000e+00,0.000000000000000000e+00,0.000000000000000000e+00,0.000000000000000000e+00,0.000000000000000000e+00,0.000000000000000000e+00,0.000000000000000000e+00,0.000000000000000000e+00,0.000000000000000000e+00,0.000000000000000000e+00,1.535236992853564707e-03,2.859554895181859783e-04,3.653343018616643360e-04,0.000000000000000000e+00,0.000000000000000000e+00,5.990570639558376765e-05,3.892290575012841668e-04,9.425739009189263102e-04,1.732543118116252907e-03,2.733648050345680730e-03,0.000000000000000000e+00,0.000000000000000000e+00,0.000000000000000000e+00,0.000000000000000000e+00,0.000000000000000000e+00,0.000000000000000000e+00,0.000000000000000000e+00,0.000000000000000000e+00,0.000000000000000000e+00,0.000000000000000000e+00,1.641403876590984958e-03,6.953524050682096530e-03,0.000000000000000000e+00,0.000000000000000000e+00,0.000000000000000000e+00,0.000000000000000000e+00,0.000000000000000000e+00,0.000000000000000000e+00,1.999417258239383351e-04,5.778662201016000451e-04,7.584625335620892627e-04,9.005714358171068709e-04,7.544406252535686402e-04,3.494661103017048811e-04,0.000000000000000000e+00,0.000000000000000000e+00,0.000000000000000000e+00,0.000000000000000000e+00,0.000000000000000000e+00,0.000000000000000000e+00,0.000000000000000000e+00,0.000000000000000000e+00,0.000000000000000000e+00,6.888773076540736151e-04,1.404680232799041710e-03,2.080814322321886036e-03,2.662969383678985991e-03,3.106086712894465772e-03,3.376613293157719551e-03,3.452389148337711624e-03,3.321434896592982862e-03,2.981324050829473483e-03,2.440215032566165395e-03,2.235115358427992339e-03,2.507039775645000888e-03,2.572599725543213249e-03,2.432429725967672537e-03,2.114475162191689975e-03,1.678117707352074070e-03,1.724053975949781190e-03,1.878418076062149823e-03,2.013414390111924364e-03,2.126871475005593249e-03,2.216883101130724676e-03,2.281878211328510885e-03,2.320680850150264301e-03,2.469204775367975571e-03,3.146100020620289095e-03,3.728004180679199073e-03,4.145866844432518489e-03,4.352467737982546221e-03,4.322620567378432539e-03,4.050632963488500111e-03,3.547222390242618650e-03,2.837190137256946978e-03,1.957981589162682313e-03,1.184425962761138191e-03,9.989640686342627415e-04,8.153830300337676102e-04,6.377881883995230056e-04,4.701495581379577814e-04,3.162088802468862375e-04,1.793891271539519046e-04,6.271600644219512593e-05,0.000000000000000000e+00,0.000000000000000000e+00,0.000000000000000000e+00,0.000000000000000000e+00,0.000000000000000000e+00,0.000000000000000000e+00,0.000000000000000000e+00,4.610428805697999331e-05,1.592963689230896018e-04,2.934068757834857872e-04,4.458618682868607927e-04,6.138246006003383534e-04,7.942709109488054527e-04,9.840707371071833170e-04,1.180063841652301531e-03,1.379135334167624644e-03,2.511536074975509285e-03,1.335879182185207995e-03,1.297684903636381554e-03,1.284084440763051498e-03,1.916933181639108924e-03,2.343531911217979369e-03,2.533316664162990964e-03,2.486225620812824652e-03,2.226781426843021591e-03,1.792771598106547657e-03,1.223630958922786735e-03,1.263682627498624372e-03,0.000000000000000000e+00,0.000000000000000000e+00,0.000000000000000000e+00,0.000000000000000000e+00,0.000000000000000000e+00,0.000000000000000000e+00,0.000000000000000000e+00,5.701926035484714732e-04,1.225601548029897061e-03,1.800151575141834817e-03,2.278300502793994403e-03,2.662178075166483134e-03,2.960567600595016748e-03,3.181088693283611393e-03,3.328560228459750189e-03,3.408476802611372890e-03,3.431701777554035590e-03,3.416132860346695471e-03,3.383052302156794918e-03,3.348865673926884699e-03,3.315428255926418117e-03,3.263210310975204684e-03,3.150855624178619530e-03,2.922695621206101210e-03,2.523132673963974452e-03,1.914294649460295634e-03,1.091728371500529917e-03,9.281011697280739043e-05,0.000000000000000000e+00,0.000000000000000000e+00,0.000000000000000000e+00,0.000000000000000000e+00,0.000000000000000000e+00,0.000000000000000000e+00,0.000000000000000000e+00,0.000000000000000000e+00,8.383954625019668177e-05,2.218236205266489248e-04,2.126553067756826998e-04,9.026064612788296110e-05,0.000000000000000000e+00,0.000000000000000000e+00,0.000000000000000000e+00,0.000000000000000000e+00,0.000000000000000000e+00,0.000000000000000000e+00,0.000000000000000000e+00,0.000000000000000000e+00,1.814735080868018816e-04,6.568899017030726878e-04,1.089328717957407803e-03,1.439296815651831081e-03,1.671527607285743736e-03,1.758849195685453564e-03,1.685639912027941294e-03,1.451398857935638125e-03,1.074063682263252722e-03,5.915739046604831042e-04,5.970472003615572926e-05,0.000000000000000000e+00,0.000000000000000000e+00,0.000000000000000000e+00,0.000000000000000000e+00,0.000000000000000000e+00,0.000000000000000000e+00,0.000000000000000000e+00,0.000000000000000000e+00,0.000000000000000000e+00,9.299612924927837935e-06,3.235258739713084810e-04,6.542471068860479175e-04,1.016572935010447631e-03,1.421248462186503218e-03,1.870338970754919193e-03,2.355467607640043294e-03,2.857548786696506235e-03,3.347155944093758995e-03,3.785667341837008291e-03,4.128259785152725396e-03,4.329822363149571710e-03,1.234148196092345502e-03,9.640360718516939034e-04,6.350505735516630453e-04,2.283912506680300502e-04,0.000000000000000000e+00,0.000000000000000000e+00,0.000000000000000000e+00,0.000000000000000000e+00,0.000000000000000000e+00,0.000000000000000000e+00,0.000000000000000000e+00,0.000000000000000000e+00,0.000000000000000000e+00,0.000000000000000000e+00,0.000000000000000000e+00,2.107558796988208763e-03,1.270734849756524404e-03,0.000000000000000000e+00,0.000000000000000000e+00,0.000000000000000000e+00,0.000000000000000000e+00,0.000000000000000000e+00,0.000000000000000000e+00,0.000000000000000000e+00
1.312450372860634975e-07,0.000000000000000000e+00,0.000000000000000000e+00,0.000000000000000000e+00,0.000000000000000000e+00,0.000000000000000000e+00,0.000000000000000000e+00,1.370127072417901112e-04,5.628689175759027429e-04,1.016737958829607054e-03,1.461956944873950498e-03,1.863829431307736061e-03,2.189034041767283934e-03,0.000000000000000000e+00,0.000000000000000000e+00,0.000000000000000000e+00,0.000000000000000000e+00,0.000000000000000000e+00,0.000000000000000000e+00,7.450267761320020915e-03,0.000000000000000000e+00,0.000000000000000000e+00,0.000000000000000000e+00,0.000000000000000000e+00,0.000000000000000000e+00,0.000000000000000000e+00,0.000000000000000000e+00,0.000000000000000000e+00,7.170293461858463693e-04,0.000000000000000000e+00,0.000000000000000000e+00,0.000000000000000000e+00,4.296869252921347096e-03,2.535705161712540137e-03,0.000000000000000000e+00,4.586545366027407945e-06,1.613021296222179291e-04,3.271454650082738429e-04,5.001486736908366875e-04,6.781896971948547402e-04,8.590322753890697544e-04,1.040360365165682137e-03,1.219819029856447200e-03,1.395053977283491810e-03,3.664647989083402464e-03,3.484627601314251120e-03,1.872691712268025705e-03,2.008857074562569837e-03,2.130389572094070795e-03,2.235737277877276104e-03,2.323601903060416602e-03,2.392959704097696438e-03,2.443087381125709587e-03,2.473573977741833855e-03,2.484329221257511409e-03,2.475586758153880060e-03,2.447898603652333849e-03,2.402120443156107940e-03,2.339391758117305171e-03,2.261105897355997901e-03,2.168876233290900624e-03,2.064491953444521580e-03,1.949873809121589145e-03,1.827021387940408817e-03,1.697959357780415074e-03,1.564685382128613595e-03,1.429116781427091894e-03,1.293039501619920248e-03,1.158062912877994184e-03,1.025579531629202887e-03,8.967332185593990214e-04,7.723930204041377055e-04,6.531372321298809956e-04,5.392478499721606571e-04,4.307107947347683929e-04,3.272298908459191752e-04,2.282443662751284781e-04,1.329567302883660946e-04,4.036665051407346144e-05,0.000000000000000000e+00,0.000000000000000000e+00,0.000000000000000000e+00,0.000000000000000000e+00,0.000000000000000000e+00,0.000000000000000000e+00,0.000000000000000000e+00,0.000000000000000000e+00,0.000000000000000000e+00,0.000000000000000000e+00,0.000000000000000000e+00,0.000000000000000000e+00,0.000000000000000000e+00,0.000000000000000000e+00,0.000000000000000000e+00,0.000000000000000000e+00,0.000000000000000000e+00,0.000000000000000000e+00,0.000000000000000000e+00,0.000000000000000000e+00,0.000000000000000000e+00,0.000000000000000000e+00,0.000000000000000000e+00,0.000000000000000000e+00,0.000000000000000000e+00,0.000000000000000000e+00,0.000000000000000000e+00,0.000000000000000000e+00,0.000000000000000000e+00,0.000000000000000000e+00,6.039998538404812035e-04,1.276844575426128690e-03,1.838562408829841907e-03,2.243465938682184975e-03,2.458583495287849658e-03,2.459869562956654328e-03,2.231234917144951039e-03,1.766908777781452718e-03,1.075791779126663347e-03,1.855514722845750543e-04,0.000000000000000000e+00,0.000000000000000000e+00,4.582607458067352105e-04,1.214537793997934149e-03,1.832610250449773909e-03,2.240563160303623777e-03,2.392510466646425964e-03,2.274150400351849285e-03,1.905379956358495015e-03,1.338555013891112172e-03,6.511207825532841498e-04,0.000000000000000000e+00,0.000000000000000000e+00,1.270930754924986649e-03,4.700696607819424867e-03,1.263109236143735532e-03,0.000000000000000000e+00,0.000000000000000000e+00,8.004159191040684197e-04,3.206790926435239882e-03,2.805724941417205368e-03,3.328463294757360701e-03,3.524718816457880072e-03,3.440284249476962576e-03,0.000000000000000000e+00,1.548551751293292451e-04,1.283228107961133712e-03,2.190615941019315345e-03,2.784311529197194129e-03,3.032943569965883268e-03,0.000000000000000000e+00,0.000000000000000000e+00,0.000000000000000000e+00,0.000000000000000000e+00,0.000000000000000000e+00,0.000000000000000000e+00,0.000000000000000000e+00,4.404873451351844151e-04,9.926774955114705829e-04,1.559137850417086297e-03,2.094337566007957452e-03,0.000000000000000000e+00,0.000000000000000000e+00,0.000000000000000000e+00,0.000000000000000000e+00,0.000000000000000000e+00,0.000000000000000000e+00,0.000000000000000000e+00,0.000000000000000000e+00,0.000000000000000000e+00,0.000000000000000000e+00,0.000000000000000000e+00,0.000000000000000000e+00,0.000000000000000000e+00,0.000000000000000000e+00,0.000000000000000000e+00,0.000000000000000000e+00,3.205258454378295515e-04,1.114403395305706927e-03,0.000000000000000000e+00,0.000000000000000000e+00,0.000000000000000000e+00,0.000000000000000000e+00,0.000000000000000000e+00,6.127736523252779106e-05,2.253203046518598065e-03,1.536922867544571799e-04,0.000000000000000000e+00,1.232287716737249942e-04,0.000000000000000000e+00,0.000000000000000000e+00,0.000000000000000000e+00,0.000000000000000000e+00,0.000000000000000000e+00,0.000000000000000000e+00,2.021532593373969356e-04,6.529354682256942148e-04,0.000000000000000000e+00,0.000000000000000000e+00,0.000000000000000000e+00,1.764536911117033742e-04,2.250576261299305064e-04,2.556115105541322723e-04,2.095341687723869248e-04,5.751099832056301377e-05,0.000000000000000000e+00,0.000000000000000000e+00,3.526056927899271810e-05,1.170759378508423690e-04,2.020965843445451883e-04,2.893639450996689905e-04,3.475638810287594478e-04,0.000000000000000000e+00,0.000000000000000000e+00,0.000000000000000000e+00,0.000000000000000000e+00,0.000000000000000000e+00,0.000000000000000000e+00,0.000000000000000000e+00,0.000000000000000000e+00,1.328499993474031252e-03,2.889759232755755199e-03,4.302688277634155074e-03,5.375622144848454451e-03,5.710771715444811804e-03,5.840635698184466242e-03,5.761206006204590280e-03,5.493779464816109064e-03,5.079388378706493901e-03,4.566376676573874645e-03,3.996858433238979248e-03,3.398127134067670078e-03,2.782463764673505716e-03,2.164724074672904827e-03,2.835480634508922865e-03,3.325507918610625616e-03,3.555504744612051835e-03,3.492657161917405838e-03,3.161145728676986125e-03,2.638510245851479093e-03,2.040357261908922956e-03,1.498537393822761167e-03,1.439918783845672281e-03,1.420057699453366063e-03,1.398385598037895283e-03,1.870867559380741613e-03,2.698664722526811742e-03,3.665019877167698982e-03,4.613647361903926332e-03,5.377553226772822069e-03,5.809678052036735575e-03,5.811659258475632660e-03,5.354054079499759658e-03,4.482869769852027182e-03,3.310009073770209167e-03,1.988770360669948715e-03,1.057461838731054218e-03,1.042261442225045267e-03,1.034933783030386658e-03,1.037156956409789055e-03,1.050603596801557389e-03,1.076884798928353986e-03,1.117494743127165182e-03,1.173752430855212314e-03,1.246749337821209062e-03,1.337298812065419035e-03,1.445893581883823421e-03,1.572670673068367287e-03,1.717386668992991645e-03,1.879401620516269605e-03,2.057676999615656345e-03,2.250782359014210504e-03,2.456916237073723894e-03,2.673935956806517810e-03,2.899399371356511934e-03,3.130615550620890683e-03,3.364702657982463450e-03,3.598652262672949291e-03,3.829399920400519079e-03,4.053894926738318624e-03,8.026282878879395510e-03,5.759449662715323409e-03,0.000000000000000000e+00,0.000000000000000000e+00,0.000000000000000000e+00,0.000000000000000000e+00,0.000000000000000000e+00,0.000000000000000000e+00,0.000000000000000000e+00,6.479207568237570561e-04,1.497784698526395848e-03,2.127072273808843471e-03,2.500314247132033596e-03,2.606052074635449491e-03,2.456725354918256124e-03,2.083252930918470629e-03,1.524936152104269240e-03,8.175842407166961394e-04,0.000000000000000000e+00,0.000000000000000000e+00,0.000000000000000000e+00,0.000000000000000000e+00,0.000000000000000000e+00,0.000000000000000000e+00,0.000000000000000000e+00,0.000000000000000000e+00,0.000000000000000000e+00,0.000000000000000000e+00,0.000000000000000000e+00,6.901952656976669941e-04,2.232197558286240155e-03,3.661453732938004836e-03,4.865705959353722881e-03,5.754403809148931834e-03,6.273452815082638211e-03,6.411450460719975153e-03,6.197027502453043499e-03,5.689331699709193092e-03,4.965111756824631094e-03,4.106003249787286771e-03,3.188660925704969989e-03,2.278765426984269427e-03,1.428301356837107265e-03,6.745364807321065689e-04,3.920027788251047687e-05,0.000000000000000000e+00,0.000000000000000000e+00,0.000000000000000000e+00,0.000000000000000000e+00,1.548133801296026207e-03,2.962504172083983266e-03,4.052284310051936997e-03,4.776341649720731997e-03,5.133157204740488623e-03,5.158248132931815555e-03,4.917269122877175602e-03,7.787640456757258071e-03,0.000000000000000000e+00,0.000000000000000000e+00,0.000000000000000000e+00,0.000000000000000000e+00,0.000000000000000000e+00,0.000000000000000000e+00,0.000000000000000000e+00,0.000000000000000000e+00,0.000000000000000000e+00,0.000000000000000000e+00,0.000000000000000000e+00,0.000000000000000000e+00,0.000000000000000000e+00,0.000000000000000000e+00,0.000000000000000000e+00,0.000000000000000000e+00,0.000000000000000000e+00,0.000000000000000000e+00,0.000000000000000000e+00,0.000000000000000000e+00,0.000000000000000000e+00,0.000000000000000000e+00,0.000000000000000000e+00,0.000000000000000000e+00,0.000000000000000000e+00,0.000000000000000000e+00,0.000000000000000000e+00,0.000000000000000000e+00,0.000000000000000000e+00,0.000000000000000000e+00,2.759357258480857312e-04,8.988599512743959598e-04,1.369650616384909293e-03,1.625263478572953890e-03,1.620061208836830104e-03,1.334093851800324674e-03,7.799246507581393062e-04,6.416397710830217273e-06,0.000000000000000000e+00,0.000000000000000000e+00,0.000000000000000000e+00,0.000000000000000000e+00,0.000000000000000000e+00,0.000000000000000000e+00,3.952208439541310273e-04,3.304304426163724197e-03,4.025108046856207831e-04,6.349456319057970432e-04,8.521638503435502053e-04,1.052040100941853580e-03,1.232597482492384143e-03,1.392025793343326006e-03,1.528693484674119871e-03,0.000000000000000000e+00,0.000000000000000000e+00,0.000000000000000000e+00,0.000000000000000000e+00,0.000000000000000000e+00,0.000000000000000000e+00,0.000000000000000000e+00,0.000000000000000000e+00,0.000000000000000000e+00,0.000000000000000000e+00,0.000000000000000000e+00
4.968438590297350817e-08,4.893052816769307952e-04,1.096683916433653563e-03,1.768696787491350281e-03,2.430666797738050694e-03,2.993120046294003942e-03,3.365595764738639039e-03,3.474890908243077545e-03,3.282567740215638907e-03,2.796165429686008324e-03,2.070242981594633616e-03,1.196562538169205570e-03,2.861048020627829673e-04,0.000000000000000000e+00,0.000000000000000000e+00,0.000000000000000000e+00,0.000000000000000000e+00,0.000000000000000000e+00,0.000000000000000000e+00,0.000000000000000000e+00,0.000000000000000000e+00,0.000000000000000000e+00,0.000000000000000000e+00,2.016089952257137010e-04,4.112370389687533068e-04,4.885686881250500936e-04,4.296055342287443085e-04,2.438272987304401329e-04,0.000000000000000000e+00,0.000000000000000000e+00,0.000000000000000000e+00,0.000000000000000000e+00,0.000000000000000000e+00,0.000000000000000000e+00,0.000000000000000000e+00,0.000000000000000000e+00,0.000000000000000000e+00,0.000000000000000000e+00,0.000000000000000000e+00,0.000000000000000000e+00,0.000000000000000000e+00,0.000000000000000000e+00,0.000000000000000000e+00,0.000000000000000000e+00,0.000000000000000000e+00,0.000000000000000000e+00,0.000000000000000000e+00,0.000000000000000000e+00,0.000000000000000000e+00,0.000000000000000000e+00,0.000000000000000000e+00,1.094370686624179714e-04,6.172139701849202768e-04,1.083695383745569580e-03,1.496512295115057798e-03,1.870122059779804691e-03,2.240503025263641465e-03,2.651589308201203476e-03,0.000000000000000000e+00,0.000000000000000000e+00,0.000000000000000000e+00,0.000000000000000000e+00,0.000000000000000000e+00,0.000000000000000000e+00,0.000000000000000000e+00,0.000000000000000000e+00,0.000000000000000000e+00,0.000000000000000000e+00,0.000000000000000000e+00,0.000000000000000000e+00,0.000000000000000000e+00,1.666436448076444310e-03,1.868284243058782306e-03,0.000000000000000000e+00,0.000000000000000000e+00,0.000000000000000000e+00,0.000000000000000000e+00,0.000000000000000000e+00,2.460200794178413197e-03,0.000000000000000000e+00,0.000000000000000000e+00,0.000000000000000000e+00,0.000000000000000000e+00,0.000000000000000000e+00,4.418461423856198667e-03,0.000000000000000000e+00,0.000000000000000000e+00,0.000000000000000000e+00,0.000000000000000000e+00,0.000000000000000000e+00,0.000000000000000000e+00,0.000000000000000000e+00,0.000000000000000000e+00,0.000000000000000000e+00,0.000000000000000000e+00,0.000000000000000000e+00,0.000000000000000000e+00,0.000000000000000000e+00,0.000000000000000000e+00,0.000000000000000000e+00,0.000000000000000000e+00,0.000000000000000000e+00,0.000000000000000000e+00,0.000000000000000000e+00,0.000000000000000000e+00,0.000000000000000000e+00,0.000000000000000000e+00,0.000000000000000000e+00,0.000000000000000000e+00,0.000000000000000000e+00,0.000000000000000000e+00,0.000000000000000000e+00,0.000000000000000000e+00,0.000000000000000000e+00,0.000000000000000000e+00,0.000000000000000000e+00,0.000000000000000000e+00,0.000000000000000000e+00,0.000000000000000000e+00,0.000000000000000000e+00,0.000000000000000000e+00,0.000000000000000000e+00,0.000000000000000000e+00,0.000000000000000000e+00,0.000000000000000000e+00,0.000000000000000000e+00,0.000000000000000000e+00,0.000000000000000000e+00,0.000000000000000000e+00,0.000000000000000000e+00,0.000000000000000000e+00,0.000000000000000000e+00,0.000000000000000000e+00,3.650971857637934446e-04,1.115379873307299199e-03,1.712981354507918169e-03,2.152885828425550596e-03,2.449597625984634326e-03,2.635486549196195717e-03,2.754169200233333708e-03,2.849541276000348150e-03,2.953382905051060194e-03,3.075590345783661694e-03,3.200429568456935898e-03,3.290230783353239805e-03,3.295642881811236980e-03,3.169841156315828835e-03,2.883152894675448680e-03,2.434327191972941902e-03,1.855091156513636371e-03,1.205962519962809664e-03,5.637149731392179612e-04,8.362398648991052033e-05,8.105847671228711294e-05,7.632837889549079317e-05,7.094783197741869063e-05,6.628610474566377084e-05,6.352123741489411747e-05,6.360120376403466044e-05,1.231023471382213950e-04,5.443251278527160616e-04,2.291843432141076400e-03,0.000000000000000000e+00,0.000000000000000000e+00,0.000000000000000000e+00,0.000000000000000000e+00,0.000000000000000000e+00,0.000000000000000000e+00,0.000000000000000000e+00,0.000000000000000000e+00,0.000000000000000000e+00,0.000000000000000000e+00,0.000000000000000000e+00,0.000000000000000000e+00,0.000000000000000000e+00,0.000000000000000000e+00,0.000000000000000000e+00,0.000000000000000000e+00,0.000000000000000000e+00,0.000000000000000000e+00,0.000000000000000000e+00,0.000000000000000000e+00,0.000000000000000000e+00,1.667738644625026958e-03,1.893350608571999242e-03,0.000000000000000000e+00,0.000000000000000000e+00,0.000000000000000000e+00,0.000000000000000000e+00,0.000000000000000000e+00,0.000000000000000000e+00,0.000000000000000000e+00,7.306248513951364427e-05,5.972220725162912663e-04,1.173891910704642164e-03,1.755143267583478620e-03,2.294410128584242411e-03,2.762876163914291042e-03,3.159703672747038884e-03,3.511235840789126827e-03,3.858738361139879731e-03,4.239101041004685218e-03,4.666126088154753937e-03,5.120063204196344947e-03,5.549881764511954176e-03,5.887719020662578878e-03,6.070185879801333860e-03,6.058737363535762060e-03,5.851918710854065939e-03,5.485589110773563849e-03,5.021696434596429129e-03,4.530117654376748272e-03,4.070138927133366662e-03,3.677746170756674392e-03,3.362379141236090073e-03,3.113162653012372955e-03,2.911212018388033979e-03,2.742627120085293357e-03,2.606877592143228180e-03,2.517364028112434923e-03,2.494162090681024610e-03,2.552076715198978944e-03,2.688951938954231829e-03,2.878992633764651792e-03,3.073833083969476545e-03,3.211101327864140844e-03,3.227588122357452280e-03,3.072840544503943096e-03,2.719367174779565698e-03,2.167289587202909755e-03,1.443219176877741546e-03,5.947400234405724687e-04,0.000000000000000000e+00,0.000000000000000000e+00,0.000000000000000000e+00,0.000000000000000000e+00,0.000000000000000000e+00,0.000000000000000000e+00,0.000000000000000000e+00,0.000000000000000000e+00,0.000000000000000000e+00,0.000000000000000000e+00,0.000000000000000000e+00,0.000000000000000000e+00,1.215071869072291151e-04,3.485773355679169664e-04,4.737686853393543399e-04,4.442930898993289850e-04,2.369310714611251698e-04,0.000000000000000000e+00,0.000000000000000000e+00,0.000000000000000000e+00,0.000000000000000000e+00,0.000000000000000000e+00,0.000000000000000000e+00,0.000000000000000000e+00,0.000000000000000000e+00,0.000000000000000000e+00,0.000000000000000000e+00,0.000000000000000000e+00,0.000000000000000000e+00,0.000000000000000000e+00,0.000000000000000000e+00,0.000000000000000000e+00,0.000000000000000000e+00,0.000000000000000000e+00,0.000000000000000000e+00,0.000000000000000000e+00,0.000000000000000000e+00,0.000000000000000000e+00,0.000000000000000000e+00,0.000000000000000000e+00,0.000000000000000000e+00,0.000000000000000000e+00,0.000000000000000000e+00,0.000000000000000000e+00,0.000000000000000000e+00,0.000000000000000000e+00,0.000000000000000000e+00,0.000000000000000000e+00,0.000000000000000000e+00,0.000000000000000000e+00,0.000000000000000000e+00,0.000000000000000000e+00,0.000000000000000000e+00,0.000000000000000000e+00,0.000000000000000000e+00,0.000000000000000000e+00,0.000000000000000000e+00,0.000000000000000000e+00,0.000000000000000000e+00,0.000000000000000000e+00,0.000000000000000000e+00,0.000000000000000000e+00,0.000000000000000000e+00,0.000000000000000000e+00,0.000000000000000000e+00,0.000000000000000000e+00,0.000000000000000000e+00,7.385749350564785147e-04,1.387098977951535961e-03,1.824504116992753172e-03,2.008427778001640671e-03,1.932313962793705178e-03,1.631807429523326287e-03,1.178488581351272782e-03,6.629937248296631546e-04,1.736166130114213002e-04,0.000000000000000000e+00,0.000000000000000000e+00,2.605181272531875356e-04,6.913736350376969162e-04,1.193449937612375833e-03,1.707088807566271935e-03,2.172799073038491485e-03,2.544304661673299321e-03,2.796236553203739882e-03,2.925778551003979829e-03,2.949284980477523323e-03,2.895926813371015127e-03,2.800617472596646316e-03,2.697869146068741612e-03,2.617208260526706319e-03,2.579909347333600271e-03,2.596561302544949431e-03,2.665467895997265888e-03,2.772587929283071902e-03,2.893932368733686915e-03,3.000678252238271615e-03,3.065901843542558937e-03,3.070631554007610935e-03,3.006677295253697927e-03,2.874801229830718872e-03,2.678830273481239491e-03,2.418375535084355248e-03,2.083846246662375296e-03,1.656836442391187774e-03,1.116812022334449624e-03,4.521240028181630036e-04,0.000000000000000000e+00,0.000000000000000000e+00,0.000000000000000000e+00,0.000000000000000000e+00,0.000000000000000000e+00,0.000000000000000000e+00,0.000000000000000000e+00,0.000000000000000000e+00,0.000000000000000000e+00,0.000000000000000000e+00,0.000000000000000000e+00,0.000000000000000000e+00,0.000000000000000000e+00,0.000000000000000000e+00,0.000000000000000000e+00,6.029665424545672947e-04,1.727309818263896533e-03,2.742229194438042163e-03,3.548901210841899634e-03,4.076638962787455280e-03,4.302857155299937182e-03,4.259836178338838840e-03,4.024286604334534855e-03,3.692289978897078488e-03,3.348417491061178499e-03,3.040779688073553394e-03,2.771756352963837631e-03,2.507865598818409536e-03,1.003345186164920824e-03,1.104342518804373070e-03,1.408931106797103048e-03,0.000000000000000000e+00,0.000000000000000000e+00,8.401741895710850222e-04,0.000000000000000000e+00,0.000000000000000000e+00,0.000000000000000000e+00,0.000000000000000000e+00,0.000000000000000000e+00,0.000000000000000000e+00,0.000000000000000000e+00,0.000000000000000000e+00,0.000000000000000000e+00,0.000000000000000000e+00,0.000000000000000000e+00,0.000000000000000000e+00,0.000000000000000000e+00,0.000000000000000000e+00,0.000000000000000000e+00,0.000000000000000000e+00,0.000000000000000000e+00,0.000000000000000000e+00,1.369369836397882615e-05,1.428028347959342569e-03,2.634365635759527546e-03,3.592561049976224306e-03,4.279330846115867934e-03,4.689854212001951829e-03,4.839597810737021957e-03,4.764514277364421437e-03,4.517802827339993839e-03
2.058240611641564148e-08,2.603553000919073615e-04,0.000000000000000000e+00,0.000000000000000000e+00,2.485291938986153087e-04,7.632883436844643387e-04,1.355738012575364139e-03,1.960730231097866910e-03,2.525785667979246144e-03,3.020269884625763172e-03,3.438172921080146806e-03,3.793459817808366927e-03,4.108825301126830913e-03,4.400866974832666652e-03,4.666518250212883107e-03,6.296360729848398709e-03,2.783799173408590000e-03,1.977571776210100118e-03,1.141636718604057028e-03,3.270382631258698155e-04,0.000000000000000000e+00,0.000000000000000000e+00,0.000000000000000000e+00,0.000000000000000000e+00,0.000000000000000000e+00,0.000000000000000000e+00,0.000000000000000000e+00,0.000000000000000000e+00,0.000000000000000000e+00,0.000000000000000000e+00,4.797066429193829243e-04,0.000000000000000000e+00,0.000000000000000000e+00,2.316921889093700841e-04,4.046060434051373489e-04,8.227827740639188491e-04,1.108197985159751087e-03,1.172349463432881310e-03,1.635598691545112667e-03,1.645864830375417219e-03,1.865642190904759920e-03,2.071896715583624628e-03,0.000000000000000000e+00,0.000000000000000000e+00,1.332531480854220508e-04,9.286425375133006100e-04,1.683210710605030202e-03,2.305277353149063051e-03,2.726350864643044443e-03,2.912688147309839756e-03,2.868574574820777386e-03,2.631189138096525458e-03,2.259103862783636354e-03,1.817844089741126306e-03,1.366122953429452572e-03,9.454522809460822082e-04,5.744355320189567602e-04,2.478564523731882998e-04,0.000000000000000000e+00,0.000000000000000000e+00,0.000000000000000000e+00,0.000000000000000000e+00,0.000000000000000000e+00,0.000000000000000000e+00,8.473426899945559095e-04,1.723910704215373237e-03,2.381512076365694709e-03,2.745906521035635858e-03,2.787683491714312498e-03,2.530229794158914136e-03,2.046424582434783375e-03,1.444399714969211079e-03,8.456564513741649013e-04,3.607468545106895887e-04,6.803579030986721301e-05,0.000000000000000000e+00,1.390337800518670077e-04,4.244028181292182280e-04,7.665399698912239755e-04,1.067892971276070612e-03,1.244796056515819855e-03,1.246004440334470267e-03,1.063253919689607137e-03,7.307296173865731291e-04,3.276818872035012261e-04,3.847518317386878681e-04,4.233651667488132534e-04,4.513249854930263404e-04,4.713031922607873792e-04,4.749351649271636743e-04,4.420579674590655907e-04,3.461882395697726974e-04,1.644063100442856259e-04,0.000000000000000000e+00,0.000000000000000000e+00,0.000000000000000000e+00,0.000000000000000000e+00,0.000000000000000000e+00,0.000000000000000000e+00,0.000000000000000000e+00,0.000000000000000000e+00,0.000000000000000000e+00,0.000000000000000000e+00,0.000000000000000000e+00,0.000000000000000000e+00,5.632727969564879688e-04,1.237758403057138273e-03,1.833850848336405397e-03,2.287267135071906297e-03,2.551976532640070142e-03,2.611969865758979707e-03,2.485634558337915419e-03,2.220024417419632842e-03,1.876310563609589728e-03,1.511297032628272684e-03,1.161466008191229483e-03,8.349559880723798466e-04,5.138168972731380069e-04,1.651928660142511825e-04,0.000000000000000000e+00,0.000000000000000000e+00,0.000000000000000000e+00,4.479509876550774247e-04,1.179216804077234558e-03,1.707738075563369458e-03,2.009689275142878366e-03,2.098662871275427944e-03,2.021756013944821847e-03,1.847220183631785454e-03,1.647142391770681528e-03,1.479521465022088028e-03,1.373805220943640848e-03,1.323062685866482164e-03,1.284787366819956263e-03,1.190866584270592905e-03,1.457008449324102319e-03,1.789281477854950475e-03,1.964845395461215644e-03,1.983307413417404168e-03,1.861003645203046768e-03,1.632888862189147208e-03,1.350497189684192164e-03,1.074510815055587784e-03,8.625340643912705061e-04,7.549394505007302972e-04,7.632247456224791875e-04,8.653458547307166541e-04,1.010657283047970353e-03,1.271230985408042854e-03,0.000000000000000000e+00,0.000000000000000000e+00,0.000000000000000000e+00,0.000000000000000000e+00,0.000000000000000000e+00,0.000000000000000000e+00,0.000000000000000000e+00,0.000000000000000000e+00,0.000000000000000000e+00,0.000000000000000000e+00,0.000000000000000000e+00,0.000000000000000000e+00,0.000000000000000000e+00,0.000000000000000000e+00,0.000000000000000000e+00,0.000000000000000000e+00,0.000000000000000000e+00,0.000000000000000000e+00,0.000000000000000000e+00,0.000000000000000000e+00,0.000000000000000000e+00,0.000000000000000000e+00,0.000000000000000000e+00,0.000000000000000000e+00,0.000000000000000000e+00,5.346720964218224913e-04,1.760805259458126043e-03,2.893792992622509427e-03,3.837147352192985233e-03,4.514468970135718934e-03,4.883840538113476057e-03,4.946239818786852399e-03,4.745126308256980389e-03,4.357072654089413737e-03,3.875759313043029754e-03,3.393106685947579020e-03,2.981763060215812493e-03,2.682691141714763691e-03,2.500486405994929197e-03,2.407351177225565235e-03,2.354553482993756216e-03,2.288135746491124726e-03,2.164180888478454360e-03,1.958852460079245610e-03,1.670023350572405387e-03,1.310372157921951960e-03,8.953163769768485592e-04,6.104620970244805560e-04,7.758056503685438129e-04,6.386656624820585999e-03,8.084062190504905402e-04,8.528391385139002037e-04,8.874117491843008104e-04,9.129348284797556218e-04,9.303588042597318907e-04,9.407410812416830154e-04,9.452123085000963074e-04,9.449365836919307879e-04,9.410751104212233646e-04,9.347484222404653592e-04,9.270002807761508999e-04,9.187670859008949253e-04,9.108493216683690580e-04,9.038895923565956917e-04,8.983547717465656043e-04,1.156941475369010304e-03,1.944223600567507966e-03,2.660927125950431939e-03,3.313523784266923615e-03,3.898860016840923273e-03,4.396883093538730448e-03,4.768753753516367065e-03,4.961696216100657149e-03,4.920238505248118038e-03,4.601586086664278576e-03,3.991193974370989793e-03,3.113870456475760756e-03,2.036405504214037956e-03,8.598461808753693090e-04,7.861256786245940592e-04,7.410192126103943384e-04,6.863087111970918352e-04,6.215219942795358618e-04,5.463729959021638430e-04,4.607852339934997749e-04,3.649101934242600896e-04,2.591423271169729066e-04,1.441305054512195252e-04,2.078489045274795754e-05,0.000000000000000000e+00,0.000000000000000000e+00,0.000000000000000000e+00,0.000000000000000000e+00,0.000000000000000000e+00,0.000000000000000000e+00,0.000000000000000000e+00,9.254374991270511284e-06,4.599935338213682521e-04,9.559702335039186715e-04,1.457074866180140893e-03,1.902901128806270365e-03,2.223403077123649145e-03,2.356382957236417483e-03,2.266631818573452365e-03,1.959979131901997719e-03,1.486581657530317794e-03,9.312550170890234206e-04,3.931914472345757997e-04,8.985160964492060719e-04,1.572479736593765907e-03,2.005610564444123504e-03,2.254722250523079514e-03,2.399402660715666772e-03,2.516792318947243083e-03,2.660029887940811542e-03,2.846376714583972577e-03,3.057421540912324751e-03,3.249942700862481354e-03,3.795340612636648354e-03,0.000000000000000000e+00,0.000000000000000000e+00,0.000000000000000000e+00,0.000000000000000000e+00,0.000000000000000000e+00,0.000000000000000000e+00,0.000000000000000000e+00,5.510934664723017616e-04,1.197345818532994689e-03,1.714482565787625980e-03,2.160505853636543894e-03,2.610269030046538739e-03,3.125385299239754125e-03,3.730125010491707263e-03,4.401545585876995986e-03,5.076471173549416092e-03,5.671467725834541257e-03,4.987872743544767389e-03,4.611579486828779745e-03,4.115284517604705927e-03,3.503533940475342650e-03,2.788532058947159904e-03,1.990908435107854695e-03,1.137740809964422504e-03,2.584708492530861596e-04,0.000000000000000000e+00,0.000000000000000000e+00,0.000000000000000000e+00,0.000000000000000000e+00,0.000000000000000000e+00,0.000000000000000000e+00,4.882247800112537138e-03,6.329086983662714043e-03,0.000000000000000000e+00,0.000000000000000000e+00,0.000000000000000000e+00,3.387669566489006148e-04,0.000000000000000000e+00,0.000000000000000000e+00,3.829460632297719390e-05,1.656240549719147006e-04,2.936082887558547831e-04,0.000000000000000000e+00,0.000000000000000000e+00,0.000000000000000000e+00,0.000000000000000000e+00,0.000000000000000000e+00,0.000000000000000000e+00,0.000000000000000000e+00,0.000000000000000000e+00,0.000000000000000000e+00,0.000000000000000000e+00,0.000000000000000000e+00,0.000000000000000000e+00,0.000000000000000000e+00,1.650969580386212737e-04,1.001669131019291724e-03,1.823848169737427765e-03,2.573571643316459757e-03,3.202605059640093507e-03,3.682835867857104512e-03,4.011080356499078722e-03,4.206461283955415485e-03,4.300982720800421155e-03,4.326348731805720882e-03,4.301458042213358000e-03,4.224889499751353049e-03,4.084965701561545266e-03,4.324407708562299710e-03,4.337919246344698956e-03,4.168174176768640708e-03,3.878820650768510098e-03,3.542120042786308948e-03,0.000000000000000000e+00,0.000000000000000000e+00,0.000000000000000000e+00,0.000000000000000000e+00,0.000000000000000000e+00,0.000000000000000000e+00,0.000000000000000000e+00,0.000000000000000000e+00,0.000000000000000000e+00,0.000000000000000000e+00,0.000000000000000000e+00,1.278224080882213475e-04,9.900149438970414720e-04,1.591633577553374333e-03,1.863410762829012871e-03,1.763622669690588420e-03,1.281652377349344792e-03,4.435735257182763696e-04,0.000000000000000000e+00,0.000000000000000000e+00,0.000000000000000000e+00,0.000000000000000000e+00,0.000000000000000000e+00,0.000000000000000000e+00,0.000000000000000000e+00,0.000000000000000000e+00,0.000000000000000000e+00,0.000000000000000000e+00,0.000000000000000000e+00,1.567791764708651022e-03,3.091121294391796157e-03,4.314030445728480982e-03,5.161669379377870938e-03,5.602395375418800678e-03,5.643052341324900599e-03,5.324623997619310628e-03,4.718704002709849486e-03,3.922389947766797419e-03,3.048469924345507953e-03,2.048477952294922542e-03,0.000000000000000000e+00,4.068618387750102291e-04,2.611906262035106931e-03,0.000000000000000000e+00,0.000000000000000000e+00,0.000000000000000000e+00,0.000000000000000000e+00,0.000000000000000000e+00,0.000000000000000000e+00,0.000000000000000000e+00,0.000000000000000000e+00,0.000000000000000000e+00,0.000000000000000000e+00,8.513092772090515955e-06,1.137917368049940359e-03,2.319596849346763218e-03,3.503443169890853304e-03,4.624474534524932942e-03,5.603040084449176922e-03
1.912894558929840836e-07,0.000000000000000000e+00,9.867902481934558894e-05,8.085828251759347076e-04,8.617827433195650828e-06,0.000000000000000000e+00,2.478040011133844560e-06,0.000000000000000000e+00,2.209530883937732820e-05,0.000000000000000000e+00,0.000000000000000000e+00,3.429359141178838898e-03,0.000000000000000000e+00,7.724898211803047331e-03,1.663759110886658206e-04,0.000000000000000000e+00,0.000000000000000000e+00,0.000000000000000000e+00,0.000000000000000000e+00,0.000000000000000000e+00,0.000000000000000000e+00,0.000000000000000000e+00,1.702690204354570839e-04,1.665229777432641488e-04,5.337063213810079631e-04,8.246122819678876900e-04,1.086187478995266371e-03,1.354274644308382618e-03,1.648219716177757319e-03,1.972658175120250296e-03,0.000000000000000000e+00,0.000000000000000000e+00,0.000000000000000000e+00,0.000000000000000000e+00,0.000000000000000000e+00,0.000000000000000000e+00,1.995023733441077197e-04,4.242593587423338177e-04,5.882487893422113680e-04,7.056757261799511413e-04,7.960537136973961205e-04,8.820492778927440649e-04,9.887301150586073374e-04,1.142981043148878512e-03,1.371194137204222001e-03,1.693808268643097123e-03,2.116950567266858308e-03,4.043483968934679512e-03,0.000000000000000000e+00,0.000000000000000000e+00,0.000000000000000000e+00,0.000000000000000000e+00,0.000000000000000000e+00,0.000000000000000000e+00,4.313419416478893992e-04,1.038307937215654292e-03,1.635601988975966641e-03,2.159280520667523819e-03,2.551982645372471124e-03,2.785119302152381203e-03,2.870831147402322023e-03,2.859552328320251208e-03,2.824904679261572380e-03,2.842577432920206839e-03,2.971515726417682177e-03,3.243548728232293656e-03,3.662940931471936421e-03,4.212910496726691295e-03,4.864030465428344392e-03,5.580325191560930875e-03,6.321696820446766861e-03,7.044247720802466334e-03,0.000000000000000000e+00,0.000000000000000000e+00,0.000000000000000000e+00,0.000000000000000000e+00,0.000000000000000000e+00,0.000000000000000000e+00,0.000000000000000000e+00,0.000000000000000000e+00,0.000000000000000000e+00,0.000000000000000000e+00,0.000000000000000000e+00,0.000000000000000000e+00,0.000000000000000000e+00,0.000000000000000000e+00,5.050485158661057800e-05,7.017746815802392490e-04,1.383807377222355485e-03,2.140030469800877685e-03,2.992315205156412423e-03,3.927842220592800068e-03,0.000000000000000000e+00,0.000000000000000000e+00,0.000000000000000000e+00,0.000000000000000000e+00,0.000000000000000000e+00,0.000000000000000000e+00,0.000000000000000000e+00,7.466753591660296296e-04,0.000000000000000000e+00,0.000000000000000000e+00,0.000000000000000000e+00,0.000000000000000000e+00,0.000000000000000000e+00,0.000000000000000000e+00,0.000000000000000000e+00,0.000000000000000000e+00,0.000000000000000000e+00,0.000000000000000000e+00,0.000000000000000000e+00,0.000000000000000000e+00,0.000000000000000000e+00,0.000000000000000000e+00,0.000000000000000000e+00,0.000000000000000000e+00,0.000000000000000000e+00,1.019572674549927040e-03,1.507217780872192577e-03,0.000000000000000000e+00,9.396653156443976463e-05,2.373859274824868023e-03,0.000000000000000000e+00,1.043633513332363583e-05,9.483909501697729586e-05,1.583763660167190792e-04,0.000000000000000000e+00,0.000000000000000000e+00,0.000000000000000000e+00,0.000000000000000000e+00,1.785632392769822792e-04,5.007285736964177175e-04,0.000000000000000000e+00,0.000000000000000000e+00,0.000000000000000000e+00,0.000000000000000000e+00,4.768037935164136918e-04,1.046632038918379184e-03,1.546763859318601997e-03,2.033993496861803002e-03,2.551465698953834637e-03,3.108239522272241134e-03,0.000000000000000000e+00,0.000000000000000000e+00,0.000000000000000000e+00,0.000000000000000000e+00,0.000000000000000000e+00,0.000000000000000000e+00,0.000000000000000000e+00,0.000000000000000000e+00,2.866274240941505972e-05,8.421951451777402817e-04,1.404987219545366164e-03,1.739760585361859162e-03,1.910132898055253142e-03,2.001360354266751122e-03,2.095488781983110161e-03,2.248395452735249718e-03,2.475814855698837101e-03,2.752554954312046425e-03,3.024610899914362272e-03,3.229440077879475960e-03,3.317113079355935891e-03,3.265206136683366980e-03,3.083112764799986194e-03,2.805497510435579767e-03,2.478406106532880012e-03,2.143652189054534845e-03,1.827017815062093563e-03,1.533842285551082450e-03,1.252629936286557728e-03,9.645099566026486609e-04,6.546865413287453108e-04,3.218609870124806288e-04,0.000000000000000000e+00,0.000000000000000000e+00,0.000000000000000000e+00,0.000000000000000000e+00,0.000000000000000000e+00,0.000000000000000000e+00,0.000000000000000000e+00,1.842670751010061459e-04,0.000000000000000000e+00,0.000000000000000000e+00,0.000000000000000000e+00,0.000000000000000000e+00,0.000000000000000000e+00,1.523039445104293766e-04,2.869413385370282905e-03,2.717518872418636395e-03,0.000000000000000000e+00,0.000000000000000000e+00,0.000000000000000000e+00,0.000000000000000000e+00,0.000000000000000000e+00,0.000000000000000000e+00,0.000000000000000000e+00,0.000000000000000000e+00,0.000000000000000000e+00,0.000000000000000000e+00,0.000000000000000000e+00,0.000000000000000000e+00,0.000000000000000000e+00,0.000000000000000000e+00,0.000000000000000000e+00,0.000000000000000000e+00,0.000000000000000000e+00,0.000000000000000000e+00,0.000000000000000000e+00,0.000000000000000000e+00,0.000000000000000000e+00,0.000000000000000000e+00,0.000000000000000000e+00,0.000000000000000000e+00,0.000000000000000000e+00,0.000000000000000000e+00,0.000000000000000000e+00,0.000000000000000000e+00,0.000000000000000000e+00,0.000000000000000000e+00,0.000000000000000000e+00,0.000000000000000000e+00,0.000000000000000000e+00,0.000000000000000000e+00,0.000000000000000000e+00,1.408684796717432370e-04,3.356049849381890614e-03,1.139329967037260071e-03,0.000000000000000000e+00,0.000000000000000000e+00,0.000000000000000000e+00,0.000000000000000000e+00,0.000000000000000000e+00,0.000000000000000000e+00,0.000000000000000000e+00,0.000000000000000000e+00,0.000000000000000000e+00,0.000000000000000000e+00,0.000000000000000000e+00,0.000000000000000000e+00,0.000000000000000000e+00,0.000000000000000000e+00,0.000000000000000000e+00,0.000000000000000000e+00,0.000000000000000000e+00,0.000000000000000000e+00,0.000000000000000000e+00,1.047844617781384919e-05,1.527725198421577035e-04,3.035168705647800806e-04,4.615352488272752500e-04,6.254252568440209692e-04,7.936017470409989462e-04,9.643486229226062552e-04,1.135875702973734294e-03,1.663450124854932077e-03,2.403456457886322603e-03,2.925817529386271192e-03,3.229524154049681975e-03,3.336735069641280551e-03,3.286146233756550780e-03,3.123138262364133586e-03,2.890256871140538079e-03,2.621962949162686199e-03,2.556234428598111539e-03,5.611027117650153710e-04,8.526489094968189072e-04,1.047650350144639642e-03,1.107006434336859236e-03,1.001296883014877190e-03,7.232547543614773616e-04,2.957817091127630895e-04,0.000000000000000000e+00,0.000000000000000000e+00,0.000000000000000000e+00,0.000000000000000000e+00,0.000000000000000000e+00,0.000000000000000000e+00,0.000000000000000000e+00,0.000000000000000000e+00,0.000000000000000000e+00,0.000000000000000000e+00,3.558468422068968820e-04,8.031152206701092176e-04,1.371888815076438778e-03,0.000000000000000000e+00,0.000000000000000000e+00,0.000000000000000000e+00,0.000000000000000000e+00,0.000000000000000000e+00,0.000000000000000000e+00,0.000000000000000000e+00,0.000000000000000000e+00,0.000000000000000000e+00,0.000000000000000000e+00,0.000000000000000000e+00,0.000000000000000000e+00,0.000000000000000000e+00,0.000000000000000000e+00,0.000000000000000000e+00,0.000000000000000000e+00,0.000000000000000000e+00,0.000000000000000000e+00,0.000000000000000000e+00,0.000000000000000000e+00,0.000000000000000000e+00,0.000000000000000000e+00,0.000000000000000000e+00,2.060923456712338359e-05,5.360098274632503143e-04,6.264367630526938022e-04,3.242517065326591566e-04,0.000000000000000000e+00,0.000000000000000000e+00,0.000000000000000000e+00,0.000000000000000000e+00,0.000000000000000000e+00,0.000000000000000000e+00,0.000000000000000000e+00,0.000000000000000000e+00,0.000000000000000000e+00,0.000000000000000000e+00,0.000000000000000000e+00,0.000000000000000000e+00,0.000000000000000000e+00,0.000000000000000000e+00,0.000000000000000000e+00,0.000000000000000000e+00,0.000000000000000000e+00,0.000000000000000000e+00,0.000000000000000000e+00,0.000000000000000000e+00,7.699982334008606327e-04,1.565242621789530346e-03,2.077637671863240623e-03,2.244384237389271744e-03,2.055975656849229772e-03,1.561732873071158909e-03,8.619097903924422552e-04,8.832362827160866237e-05,0.000000000000000000e+00,0.000000000000000000e+00,0.000000000000000000e+00,0.000000000000000000e+00,0.000000000000000000e+00,0.000000000000000000e+00,0.000000000000000000e+00,0.000000000000000000e+00,0.000000000000000000e+00,0.000000000000000000e+00,0.000000000000000000e+00,0.000000000000000000e+00,0.000000000000000000e+00,0.000000000000000000e+00,0.000000000000000000e+00,0.000000000000000000e+00,0.000000000000000000e+00,0.000000000000000000e+00,2.014431933539771594e-04,1.500658044231253951e-04,0.000000000000000000e+00,0.000000000000000000e+00,0.000000000000000000e+00,0.000000000000000000e+00,0.000000000000000000e+00,0.000000000000000000e+00,0.000000000000000000e+00,0.000000000000000000e+00,0.000000000000000000e+00,0.000000000000000000e+00,0.000000000000000000e+00,0.000000000000000000e+00,3.343593900482272796e-04,1.713346668836143076e-03,2.949881044709639754e-03,3.924644671636066777e-03,4.558749776112345359e-03,4.829172157527418692e-03,4.771341216733631166e-03,4.468812337859257022e-03,4.033312056720456291e-03,3.580159993762761610e-03,3.204207732881617955e-03,2.960674779221127671e-03,3.047692272296106085e-03,3.362742041793712749e-03,3.442740859854744387e-03,3.310393897436293698e-03,5.937416319303494717e-04,7.766073671361547158e-04,1.228022375422068270e-03,1.977533408210696651e-03,0.000000000000000000e+00,0.000000000000000000e+00,0.000000000000000000e+00,0.000000000000000000e+00,0.000000000000000000e+00,0.000000000000000000e+00,0.000000000000000000e+00,0.000000000000000000e+00
0.000000000000000000e+00,6.286367913587147943e-05,8.806927639170520424e-05,2.350460065527486611e-03,6.209019165105978668e-04,0.000000000000000000e+00,0.000000000000000000e+00,0.000000000000000000e+00,0.000000000000000000e+00,0.000000000000000000e+00,0.000000000000000000e+00,0.000000000000000000e+00,1.168649588283950834e-04,1.515376434037653611e-04,0.000000000000000000e+00,0.000000000000000000e+00,0.000000000000000000e+00,0.000000000000000000e+00,0.000000000000000000e+00,0.000000000000000000e+00,0.000000000000000000e+00,0.000000000000000000e+00,0.000000000000000000e+00,0.000000000000000000e+00,0.000000000000000000e+00,0.000000000000000000e+00,0.000000000000000000e+00,0.000000000000000000e+00,0.000000000000000000e+00,0.000000000000000000e+00,0.000000000000000000e+00,0.000000000000000000e+00,0.000000000000000000e+00,0.000000000000000000e+00,0.000000000000000000e+00,0.000000000000000000e+00,2.148050159906835096e-04,4.106771836307600374e-04,5.307191838019016759e-04,5.689577610791455957e-04,5.401071248924946321e-04,4.769498948255106218e-04,4.682431223789994268e-04,6.735139829769018482e-04,8.721986217124914117e-04,1.061575433367617331e-03,1.239085476534635983e-03,1.402391512658155521e-03,1.549435709281735607e-03,1.678487461559021029e-03,1.808988392893000341e-03,2.043451202091657593e-03,2.295480594254772910e-03,2.579202745873042206e-03,2.895162337307305954e-03,3.224301932918620123e-03,3.527618642104228888e-03,3.751659369337912754e-03,3.838540119104057007e-03,3.738046582133535464e-03,3.418713912276667276e-03,2.874859145623508486e-03,2.127634068650705989e-03,1.535185804140056301e-03,1.439303190388331035e-03,1.486806857177746122e-03,1.522561301669095269e-03,1.545914595111742233e-03,1.569960280223866482e-03,1.623334344664611019e-03,1.745014243431883402e-03,1.972526410962041361e-03,2.326711447666853644e-03,2.798334488325694529e-03,3.342337179311100602e-03,3.883558848142322061e-03,4.333651630345007090e-03,4.614080033074272058e-03,4.676864080389103555e-03,4.514980547143444302e-03,4.158423069558665752e-03,3.658132219671522429e-03,3.065302587650810609e-03,2.415279949318114346e-03,1.722522348941998111e-03,9.874259342548439514e-04,4.067067989102371786e-03,1.130385817940127331e-03,0.000000000000000000e+00,0.000000000000000000e+00,0.000000000000000000e+00,0.000000000000000000e+00,0.000000000000000000e+00,0.000000000000000000e+00,0.000000000000000000e+00,0.000000000000000000e+00,0.000000000000000000e+00,0.000000000000000000e+00,0.000000000000000000e+00,0.000000000000000000e+00,0.000000000000000000e+00,0.000000000000000000e+00,0.000000000000000000e+00,0.000000000000000000e+00,8.584589172181973215e-05,8.017073990645338325e-04,1.530553505738138035e-03,2.231667147464022876e-03,2.854901841521159146e-03,3.347275853833705812e-03,3.661506347317438834e-03,3.765258453717220538e-03,3.649162827924935272e-03,3.331117024795921585e-03,2.854667153306745739e-03,2.280773452598713110e-03,1.674652062195740743e-03,1.091715900139155317e-03,5.675965936682324849e-04,3.127647265770750243e-04,3.912731781732303802e-04,4.701927757115010828e-04,5.493758578935563830e-04,6.286953206391729517e-04,7.080328527217137017e-04,7.872598138298374021e-04,8.662224999514289312e-04,9.447248794295778559e-04,1.022514136341459365e-03,1.099269141182476891e-03,1.272004830317087845e-03,1.543827011114563916e-03,1.646139245196499411e-03,1.593190459822397143e-03,1.450584122510321320e-03,1.509850234497300131e-03,1.563652246998900076e-03,1.611152830568610876e-03,1.651526481490493041e-03,1.683989288599901024e-03,1.707833467398150746e-03,1.722458849787836298e-03,2.640038155670949589e-03,3.444534619833694751e-03,4.047167116970618039e-03,4.430904499657610691e-03,4.599302568863460235e-03,4.565029995375805179e-03,4.341980690271578236e-03,3.944059396049697137e-03,3.389799053705722792e-03,2.708739370843181189e-03,1.944602559372215133e-03,2.084191366041207322e-03,2.176238493749652753e-03,1.953575709069474073e-03,1.442984499076952094e-03,9.962678095923700392e-04,9.583584929278764425e-04,9.319218257033184873e-04,9.182328288330216925e-04,9.182455100984344542e-04,9.325574138314760139e-04,9.613850199840465746e-04,1.004549235042699043e-03,1.431809012476589456e-03,2.337226091426814877e-03,3.192977369027971430e-03,3.943450730174390823e-03,4.557870598042145643e-03,5.032356479720557531e-03,5.384132724934429133e-03,5.640642880718015409e-03,5.827937150179022911e-03,5.962527021220911765e-03,6.049121046404365779e-03,6.084062176928400206e-03,0.000000000000000000e+00,0.000000000000000000e+00,0.000000000000000000e+00,0.000000000000000000e+00,0.000000000000000000e+00,0.000000000000000000e+00,0.000000000000000000e+00,0.000000000000000000e+00,0.000000000000000000e+00,0.000000000000000000e+00,0.000000000000000000e+00,0.000000000000000000e+00,0.000000000000000000e+00,0.000000000000000000e+00,0.000000000000000000e+00,0.000000000000000000e+00,0.000000000000000000e+00,0.000000000000000000e+00,0.000000000000000000e+00,0.000000000000000000e+00,0.000000000000000000e+00,0.000000000000000000e+00,4.277044675295696072e-05,8.716144526365325780e-04,4.148312173570585341e-03,0.000000000000000000e+00,0.000000000000000000e+00,0.000000000000000000e+00,0.000000000000000000e+00,0.000000000000000000e+00,7.212080404738124642e-07,8.838623148833389014e-05,1.733989448740740113e-04,2.566268359122323155e-04,3.389895980382966623e-04,4.214168312768142347e-04,5.048075298681918783e-04,5.899883249451196975e-04,6.776765385205671096e-04,7.684466269107353411e-04,0.000000000000000000e+00,0.000000000000000000e+00,0.000000000000000000e+00,0.000000000000000000e+00,0.000000000000000000e+00,0.000000000000000000e+00,0.000000000000000000e+00,0.000000000000000000e+00,0.000000000000000000e+00,0.000000000000000000e+00,2.113349160118632914e-04,9.343386194094725501e-04,1.599627689767893143e-03,2.174786855702097888e-03,4.802322530772949391e-03,0.000000000000000000e+00,0.000000000000000000e+00,0.000000000000000000e+00,0.000000000000000000e+00,0.000000000000000000e+00,0.000000000000000000e+00,0.000000000000000000e+00,0.000000000000000000e+00,7.674404159392455885e-06,5.945112714259475142e-04,9.664751530901778557e-04,1.101949025838235268e-03,1.006213997522148159e-03,7.106169492843104072e-04,2.674036920752623746e-04,0.000000000000000000e+00,0.000000000000000000e+00,0.000000000000000000e+00,0.000000000000000000e+00,0.000000000000000000e+00,0.000000000000000000e+00,0.000000000000000000e+00,0.000000000000000000e+00,0.000000000000000000e+00,0.000000000000000000e+00,0.000000000000000000e+00,0.000000000000000000e+00,0.000000000000000000e+00,3.017922024035332241e-05,1.835554227456410515e-04,1.276752166505855466e-03,3.559262703824253755e-03,0.000000000000000000e+00,0.000000000000000000e+00,0.000000000000000000e+00,5.272428717555852854e-04,1.174560383098357998e-03,1.549804167270944387e-03,1.656643438276713494e-03,1.537381497943636401e-03,1.266312624276422997e-03,9.368935385457292280e-04,6.435927448509733400e-04,4.614103022972815965e-04,4.278292712632374172e-04,5.324331398248838927e-04,7.181965189147848866e-04,8.956736886075008152e-04,9.677715132867286329e-04,8.593925489015218381e-04,3.412496724734057215e-05,6.938681522643656580e-04,0.000000000000000000e+00,0.000000000000000000e+00,0.000000000000000000e+00,0.000000000000000000e+00,0.000000000000000000e+00,0.000000000000000000e+00,0.000000000000000000e+00,6.548198600319631870e-05,3.317091445822276650e-04,3.388017666571542215e-04,9.425211447345986388e-05,0.000000000000000000e+00,0.000000000000000000e+00,0.000000000000000000e+00,0.000000000000000000e+00,0.000000000000000000e+00,2.544632721562982230e-04,9.225582636743119569e-04,1.390755032558587366e-03,1.620886919773499536e-03,1.615366183476579657e-03,1.410935990020216512e-03,1.666006458542804245e-03,1.909868581375992816e-03,2.061904773200672145e-03,2.406917533343818499e-03,0.000000000000000000e+00,0.000000000000000000e+00,0.000000000000000000e+00,0.000000000000000000e+00,0.000000000000000000e+00,0.000000000000000000e+00,0.000000000000000000e+00,0.000000000000000000e+00,0.000000000000000000e+00,0.000000000000000000e+00,0.000000000000000000e+00,0.000000000000000000e+00,0.000000000000000000e+00,5.646149890311841658e-05,6.936457498109017397e-04,1.296761126907008130e-03,3.989874226510331350e-03,0.000000000000000000e+00,0.000000000000000000e+00,0.000000000000000000e+00,0.000000000000000000e+00,0.000000000000000000e+00,0.000000000000000000e+00,0.000000000000000000e+00,9.365447796708580236e-04,1.818712003293104828e-03,2.576120378094057684e-03,3.184394327781420609e-03,3.648918302184601687e-03,3.998702091475790296e-03,4.273686818018060905e-03,4.509611439824243173e-03,4.725064261680538523e-03,4.914367726574471809e-03,5.048044295905362508e-03,5.080523523110602561e-03,4.962954953222883762e-03,4.657788982564881400e-03,4.151388903518204478e-03,3.461487869314187112e-03,2.637695572602000767e-03,1.755075393147426110e-03,9.023703819438105584e-04,1.673951456802131243e-04,0.000000000000000000e+00,0.000000000000000000e+00,0.000000000000000000e+00,0.000000000000000000e+00,0.000000000000000000e+00,1.366638320937845841e-04,5.920236375525438598e-04,1.034598822295014703e-03,1.437209850921324127e-03,1.791393042950272093e-03,2.097658342039646247e-03,2.353910322070979985e-03,2.547667166503850625e-03,2.655536515363937297e-03,2.649613780238603208e-03,2.507113954097040572e-03,2.218377823323851913e-03,1.789856249108573221e-03,1.241787422506045614e-03,6.030722348141229682e-04,8.421229284729543890e-04,1.613842860692772793e-03,2.144859617257441169e-03,2.407632060293907281e-03,2.407031088635421066e-03,2.178844504164143252e-03,1.781551086042720616e-03,1.281872112658288604e-03,7.377004169671883037e-04,1.840865055157672931e-04,0.000000000000000000e+00,0.000000000000000000e+00,0.000000000000000000e+00,0.000000000000000000e+00,0.000000000000000000e+00,0.000000000000000000e+00,0.000000000000000000e+00,0.000000000000000000e+00,0.000000000000000000e+00,0.000000000000000000e+00,0.000000000000000000e+00,0.000000000000000000e+00,0.000000000000000000e+00,0.000000000000000000e+00,0.000000000000000000e+00,0.000000000000000000e+00
3.278745027012012000e-07,1.090728963412360044e-04,3.555123982678510381e-04,0.000000000000000000e+00,0.000000000000000000e+00,0.000000000000000000e+00,0.000000000000000000e+00,0.000000000000000000e+00,0.000000000000000000e+00,0.000000000000000000e+00,0.000000000000000000e+00,1.007681368686253013e-04,5.472598061836141418e-04,1.008642937035253559e-03,1.476140796758961026e-03,1.950476441780348664e-03,2.428767479506936406e-03,2.079612218391913275e-03,3.514496019034304714e-03,4.692619934700371226e-03,5.508232929103627426e-03,5.906598160316908937e-03,5.889901404134002642e-03,5.513575653383168476e-03,4.874093281140602467e-03,4.090432424179208867e-03,3.282453291708704781e-03,2.850346153914295067e-03,0.000000000000000000e+00,0.000000000000000000e+00,0.000000000000000000e+00,0.000000000000000000e+00,0.000000000000000000e+00,0.000000000000000000e+00,0.000000000000000000e+00,0.000000000000000000e+00,0.000000000000000000e+00,0.000000000000000000e+00,0.000000000000000000e+00,0.000000000000000000e+00,0.000000000000000000e+00,0.000000000000000000e+00,0.000000000000000000e+00,0.000000000000000000e+00,0.000000000000000000e+00,0.000000000000000000e+00,0.000000000000000000e+00,0.000000000000000000e+00,0.000000000000000000e+00,0.000000000000000000e+00,0.000000000000000000e+00,0.000000000000000000e+00,0.000000000000000000e+00,4.725242419329227965e-04,1.056537666245140842e-03,0.000000000000000000e+00,0.000000000000000000e+00,0.000000000000000000e+00,0.000000000000000000e+00,1.006856531876106509e-03,1.546637215670362006e-03,0.000000000000000000e+00,0.000000000000000000e+00,0.000000000000000000e+00,0.000000000000000000e+00,0.000000000000000000e+00,4.971066481449621169e-03,0.000000000000000000e+00,0.000000000000000000e+00,0.000000000000000000e+00,0.000000000000000000e+00,0.000000000000000000e+00,0.000000000000000000e+00,2.893241638708169642e-04,0.000000000000000000e+00,0.000000000000000000e+00,8.518755860828927326e-05,0.000000000000000000e+00,0.000000000000000000e+00,0.000000000000000000e+00,0.000000000000000000e+00,0.000000000000000000e+00,0.000000000000000000e+00,1.007703027156518609e-04,2.309108019977108330e-04,3.662611500197768158e-04,5.052000421570543515e-04,6.458706799536599943e-04,7.862232074984601025e-04,1.364925989845324969e-03,2.312295953425168044e-03,3.307446199840679939e-03,4.254624558765463839e-03,5.066116994004480137e-03,5.673300590150119789e-03,6.034426137320908837e-03,6.138976412350124513e-03,6.007774342180587264e-03,5.687613927027970230e-03,5.239951901901621599e-03,4.725301532257291520e-03,4.187449492215338138e-03,3.642983499078236449e-03,3.080649841415296353e-03,2.471576363710972866e-03,1.786769419781735315e-03,1.223241571707588083e-03,1.101797329020729344e-03,9.730356225610503704e-04,8.393192747564027882e-04,7.030077266648053274e-04,5.663971295084539335e-04,4.316678739321406296e-04,3.008367466028973080e-04,1.757172643148778308e-04,5.788754618089843128e-05,0.000000000000000000e+00,0.000000000000000000e+00,0.000000000000000000e+00,0.000000000000000000e+00,0.000000000000000000e+00,0.000000000000000000e+00,0.000000000000000000e+00,2.227051273483620969e-04,7.243332114820316128e-04,1.145685543542022174e-03,1.495802191413310401e-03,1.781783815044419217e-03,2.186950955889842112e-03,2.689998541514862767e-03,3.014582604476320586e-03,3.195537813559826742e-03,3.298129468435609651e-03,3.401765108901297439e-03,3.575773801846724408e-03,3.855753541745081479e-03,4.230246258080484073e-03,4.644184366473963141e-03,0.000000000000000000e+00,0.000000000000000000e+00,0.000000000000000000e+00,0.000000000000000000e+00,0.000000000000000000e+00,3.026933517868913215e-04,1.168702287363775983e-03,2.342978229720307781e-03,3.769342528140911825e-03,0.000000000000000000e+00,0.000000000000000000e+00,0.000000000000000000e+00,0.000000000000000000e+00,0.000000000000000000e+00,0.000000000000000000e+00,0.000000000000000000e+00,0.000000000000000000e+00,0.000000000000000000e+00,0.000000000000000000e+00,0.000000000000000000e+00,0.000000000000000000e+00,7.639932535740308339e-04,0.000000000000000000e+00,8.305652625220140157e-04,0.000000000000000000e+00,5.801089732799174581e-04,9.530103254073366134e-04,0.000000000000000000e+00,0.000000000000000000e+00,0.000000000000000000e+00,0.000000000000000000e+00,0.000000000000000000e+00,0.000000000000000000e+00,0.000000000000000000e+00,0.000000000000000000e+00,0.000000000000000000e+00,0.000000000000000000e+00,4.236025751454195777e-03,0.000000000000000000e+00,7.897041524900133601e-04,4.668646077295455013e-04,0.000000000000000000e+00,0.000000000000000000e+00,0.000000000000000000e+00,0.000000000000000000e+00,0.000000000000000000e+00,0.000000000000000000e+00,0.000000000000000000e+00,0.000000000000000000e+00,0.000000000000000000e+00,0.000000000000000000e+00,0.000000000000000000e+00,0.000000000000000000e+00,0.000000000000000000e+00,0.000000000000000000e+00,0.000000000000000000e+00,0.000000000000000000e+00,0.000000000000000000e+00,0.000000000000000000e+00,0.000000000000000000e+00,0.000000000000000000e+00,0.000000000000000000e+00,0.000000000000000000e+00,0.000000000000000000e+00,0.000000000000000000e+00,0.000000000000000000e+00,0.000000000000000000e+00,2.234835481004435458e-04,1.889714585220325779e-03,3.021682734167727841e-03,0.000000000000000000e+00,0.000000000000000000e+00,0.000000000000000000e+00,3.628120217859149860e-04,9.651867479050518393e-04,1.523078211995075766e-03,1.927736057443886226e-03,2.073356961722508645e-03,1.873121030662222922e-03,1.277169030728037610e-03,2.888045704840429078e-04,0.000000000000000000e+00,0.000000000000000000e+00,0.000000000000000000e+00,0.000000000000000000e+00,0.000000000000000000e+00,0.000000000000000000e+00,0.000000000000000000e+00,0.000000000000000000e+00,0.000000000000000000e+00,0.000000000000000000e+00,0.000000000000000000e+00,2.240566255661963213e-03,4.439287257681322554e-03,6.339528759528719956e-03,7.824104907046417270e-03,8.844984065308725621e-03,9.420970498952498107e-03,7.752408507852573925e-03,7.540960184693882781e-03,7.256245131858452685e-03,6.900225819425512969e-03,6.450391270994058554e-03,5.877988869104303071e-03,5.163844958829261547e-03,4.305726989357093817e-03,3.316655681952034723e-03,2.218573900141368720e-03,1.037513772791811987e-03,0.000000000000000000e+00,0.000000000000000000e+00,0.000000000000000000e+00,0.000000000000000000e+00,0.000000000000000000e+00,0.000000000000000000e+00,0.000000000000000000e+00,0.000000000000000000e+00,0.000000000000000000e+00,0.000000000000000000e+00,0.000000000000000000e+00,0.000000000000000000e+00,0.000000000000000000e+00,0.000000000000000000e+00,0.000000000000000000e+00,9.437654161788651885e-05,6.059115609908375440e-04,1.028116185633488975e-03,1.373815673848613429e-03,1.653725458911580598e-03,1.874949250593357800e-03,2.040235149573986495e-03,2.146511378187535360e-03,2.182118276469070112e-03,2.123584134010114612e-03,1.934246998166351799e-03,1.567660676443869035e-03,9.778003358327314390e-04,1.354155970742128019e-04,0.000000000000000000e+00,0.000000000000000000e+00,0.000000000000000000e+00,0.000000000000000000e+00,0.000000000000000000e+00,0.000000000000000000e+00,0.000000000000000000e+00,0.000000000000000000e+00,0.000000000000000000e+00,0.000000000000000000e+00,0.000000000000000000e+00,0.000000000000000000e+00,0.000000000000000000e+00,1.151456702846096348e-03,2.122554690067424230e-03,0.000000000000000000e+00,0.000000000000000000e+00,0.000000000000000000e+00,0.000000000000000000e+00,0.000000000000000000e+00,0.000000000000000000e+00,0.000000000000000000e+00,0.000000000000000000e+00,0.000000000000000000e+00,0.000000000000000000e+00,0.000000000000000000e+00,4.688342475877377508e-04,1.516473068053526959e-03,2.514651731764675890e-03,3.377689742133119406e-03,4.047789824024389076e-03,4.491355896140024860e-03,4.691045762076483105e-03,4.639790364772958774e-03,4.340519521934807154e-03,3.811059349502823271e-03,3.090007205730284454e-03,2.238227870130866416e-03,1.332550155250631849e-03,4.522256771187328837e-04,0.000000000000000000e+00,0.000000000000000000e+00,0.000000000000000000e+00,0.000000000000000000e+00,0.000000000000000000e+00,0.000000000000000000e+00,0.000000000000000000e+00,1.065716873553871803e-05,2.714577276490231887e-04,5.242766573559721251e-04,7.664472416076027013e-04,1.923379672865636273e-03,9.341424744715200179e-04,5.106753349700905503e-04,7.195501801937780376e-05,0.000000000000000000e+00,0.000000000000000000e+00,0.000000000000000000e+00,0.000000000000000000e+00,0.000000000000000000e+00,0.000000000000000000e+00,0.000000000000000000e+00,0.000000000000000000e+00,0.000000000000000000e+00,0.000000000000000000e+00,0.000000000000000000e+00,0.000000000000000000e+00,0.000000000000000000e+00,0.000000000000000000e+00,0.000000000000000000e+00,4.937371903872914960e-04,0.000000000000000000e+00,0.000000000000000000e+00,0.000000000000000000e+00,0.000000000000000000e+00,0.000000000000000000e+00,0.000000000000000000e+00,0.000000000000000000e+00,0.000000000000000000e+00,0.000000000000000000e+00,0.000000000000000000e+00,0.000000000000000000e+00,0.000000000000000000e+00,0.000000000000000000e+00,0.000000000000000000e+00,0.000000000000000000e+00,0.000000000000000000e+00,0.000000000000000000e+00,0.000000000000000000e+00,0.000000000000000000e+00,0.000000000000000000e+00,0.000000000000000000e+00,0.000000000000000000e+00,3.562871881684480396e-05,3.521979185215482660e-04,3.493275550925115320e-04,2.417451327105715601e-05,0.000000000000000000e+00,0.000000000000000000e+00,0.000000000000000000e+00,0.000000000000000000e+00,0.000000000000000000e+00,0.000000000000000000e+00,0.000000000000000000e+00,0.000000000000000000e+00,0.000000000000000000e+00,0.000000000000000000e+00,0.000000000000000000e+00,0.000000000000000000e+00,9.582622724171478484e-05,3.149724489299559867e-04,4.355519423601579023e-04,5.405057868750134335e-04,7.058932819828293110e-04,9.788651657888214602e-04,1.366577560826039150e-03,1.838133457251216966e-03,2.337524152612491767e-03,2.802507553510542610e-03,3.183267295674693971e-03,3.455616855776865066e-03,3.625720577281567845e-03,3.725922555126759666e-03,3.803568528212041173e-03
1.408022249568633530e-07,1.603565468937298870e-03,2.103149898567030582e-03,2.056626974649570887e-03,2.504622172208136825e-03,2.740273443590567591e-03,2.743529657464481922e-03,2.521715085743290400e-03,2.104270148947594374e-03,1.533649510093885093e-03,8.559087019020619226e-04,1.142397715494055706e-04,0.000000000000000000e+00,0.000000000000000000e+00,0.000000000000000000e+00,0.000000000000000000e+00,0.000000000000000000e+00,0.000000000000000000e+00,0.000000000000000000e+00,0.000000000000000000e+00,0.000000000000000000e+00,0.000000000000000000e+00,0.000000000000000000e+00,0.000000000000000000e+00,0.000000000000000000e+00,0.000000000000000000e+00,0.000000000000000000e+00,0.000000000000000000e+00,0.000000000000000000e+00,0.000000000000000000e+00,0.000000000000000000e+00,0.000000000000000000e+00,0.000000000000000000e+00,0.000000000000000000e+00,0.000000000000000000e+00,0.000000000000000000e+00,6.978298847503171341e-04,1.411426441058388293e-03,1.701999307576194812e-03,1.507288112233020477e-03,8.541034487558801574e-04,0.000000000000000000e+00,0.000000000000000000e+00,0.000000000000000000e+00,0.000000000000000000e+00,0.000000000000000000e+00,0.000000000000000000e+00,0.000000000000000000e+00,0.000000000000000000e+00,0.000000000000000000e+00,1.740758138563793867e-04,7.881305154400186338e-04,1.771231465068244613e-03,2.458184067341972687e-03,2.809441497885565003e-03,2.843128567639934944e-03,2.621846518457638525e-03,2.231526217412136207e-03,1.757773363051523541e-03,1.265394049989654107e-03,7.857445284882695353e-04,3.145144207982462957e-04,0.000000000000000000e+00,0.000000000000000000e+00,0.000000000000000000e+00,0.000000000000000000e+00,0.000000000000000000e+00,0.000000000000000000e+00,0.000000000000000000e+00,0.000000000000000000e+00,0.000000000000000000e+00,0.000000000000000000e+00,0.000000000000000000e+00,0.000000000000000000e+00,0.000000000000000000e+00,0.000000000000000000e+00,0.000000000000000000e+00,1.727099014596668986e-04,5.859370347198541865e-04,6.927838190640610251e-04,5.530029073296405945e-04,2.746907209777827525e-04,0.000000000000000000e+00,0.000000000000000000e+00,0.000000000000000000e+00,3.757423187538022516e-04,1.115863171818311022e-03,2.106008657736157998e-03,3.217387773091394659e-03,4.283510032991409873e-03,5.132127164500731829e-03,5.618885520321527730e-03,5.654580706466616306e-03,5.219671099207677176e-03,4.363317797655272799e-03,3.188548426418548291e-03,1.828805360771624785e-03,4.230009353190192656e-04,0.000000000000000000e+00,0.000000000000000000e+00,0.000000000000000000e+00,0.000000000000000000e+00,0.000000000000000000e+00,0.000000000000000000e+00,0.000000000000000000e+00,0.000000000000000000e+00,0.000000000000000000e+00,0.000000000000000000e+00,0.000000000000000000e+00,0.000000000000000000e+00,0.000000000000000000e+00,0.000000000000000000e+00,0.000000000000000000e+00,0.000000000000000000e+00,0.000000000000000000e+00,0.000000000000000000e+00,0.000000000000000000e+00,0.000000000000000000e+00,0.000000000000000000e+00,0.000000000000000000e+00,0.000000000000000000e+00,0.000000000000000000e+00,0.000000000000000000e+00,0.000000000000000000e+00,1.062651562652224820e-04,2.988612086943272109e-04,4.920990975871049203e-04,6.843420542753128697e-04,8.739729674397647870e-04,1.059430905088457400e-03,1.239243183115443930e-03,1.412051850443652020e-03,1.576631787024378173e-03,1.731902587852735247e-03,1.876932151110813742e-03,2.010935379439770122e-03,2.133264887017225896e-03,2.243400009470986056e-03,2.340929952589929086e-03,2.425538706848118318e-03,2.496985869960173087e-03,2.555094202117004498e-03,3.046201515965483129e-03,3.450592303194872576e-03,3.705008253072914273e-03,0.000000000000000000e+00,0.000000000000000000e+00,0.000000000000000000e+00,0.000000000000000000e+00,0.000000000000000000e+00,4.360846993793163358e-04,8.173774988400837058e-04,1.039913536989677065e-03,1.033855380098617919e-03,7.607097589624888141e-04,2.237351281896706552e-04,0.000000000000000000e+00,0.000000000000000000e+00,0.000000000000000000e+00,0.000000000000000000e+00,0.000000000000000000e+00,0.000000000000000000e+00,0.000000000000000000e+00,0.000000000000000000e+00,0.000000000000000000e+00,0.000000000000000000e+00,0.000000000000000000e+00,0.000000000000000000e+00,0.000000000000000000e+00,0.000000000000000000e+00,0.000000000000000000e+00,4.779413047286916287e-03,4.805019630649798551e-04,7.792260775369671318e-04,0.000000000000000000e+00,0.000000000000000000e+00,0.000000000000000000e+00,0.000000000000000000e+00,6.272392623221091602e-04,1.333763407130354349e-03,1.992546100804168819e-03,2.615859948040706595e-03,3.220611444746686054e-03,3.817825330583457261e-03,4.404276508613329776e-03,4.960114702322201106e-03,0.000000000000000000e+00,0.000000000000000000e+00,0.000000000000000000e+00,0.000000000000000000e+00,0.000000000000000000e+00,0.000000000000000000e+00,0.000000000000000000e+00,0.000000000000000000e+00,0.000000000000000000e+00,0.000000000000000000e+00,9.324722239770952791e-04,0.000000000000000000e+00,1.668821964244596298e-04,0.000000000000000000e+00,0.000000000000000000e+00,0.000000000000000000e+00,0.000000000000000000e+00,0.000000000000000000e+00,0.000000000000000000e+00,0.000000000000000000e+00,0.000000000000000000e+00,0.000000000000000000e+00,7.091107193647164415e-05,1.040690428218306279e-05,0.000000000000000000e+00,0.000000000000000000e+00,0.000000000000000000e+00,1.439187117432613955e-03,0.000000000000000000e+00,0.000000000000000000e+00,0.000000000000000000e+00,0.000000000000000000e+00,0.000000000000000000e+00,0.000000000000000000e+00,6.723199027155604766e-05,5.856123340869241441e-04,1.190838525390815758e-03,0.000000000000000000e+00,8.657077154261172034e-05,4.017065842639704759e-04,7.772712792055424267e-04,1.129372381293017790e-03,1.387497772101182591e-03,1.511730132128494102e-03,1.497577312160560357e-03,1.367915422152844946e-03,1.157195545767744334e-03,8.960233487490617708e-04,6.031126096336261819e-04,2.870539484824888429e-04,0.000000000000000000e+00,0.000000000000000000e+00,0.000000000000000000e+00,0.000000000000000000e+00,0.000000000000000000e+00,0.000000000000000000e+00,0.000000000000000000e+00,0.000000000000000000e+00,0.000000000000000000e+00,0.000000000000000000e+00,0.000000000000000000e+00,0.000000000000000000e+00,0.000000000000000000e+00,0.000000000000000000e+00,0.000000000000000000e+00,0.000000000000000000e+00,0.000000000000000000e+00,0.000000000000000000e+00,0.000000000000000000e+00,0.000000000000000000e+00,0.000000000000000000e+00,0.000000000000000000e+00,0.000000000000000000e+00,0.000000000000000000e+00,0.000000000000000000e+00,0.000000000000000000e+00,4.465784427119944976e-04,5.721012460898313367e-04,1.770124364618369875e-03,1.918443510449492932e-03,0.000000000000000000e+00,0.000000000000000000e+00,0.000000000000000000e+00,0.000000000000000000e+00,0.000000000000000000e+00,0.000000000000000000e+00,0.000000000000000000e+00,0.000000000000000000e+00,9.507522008843575091e-05,0.000000000000000000e+00,0.000000000000000000e+00,1.150639892877056619e-04,3.569152385647695767e-04,4.223304285246811838e-04,4.060677312089579932e-04,0.000000000000000000e+00,0.000000000000000000e+00,0.000000000000000000e+00,0.000000000000000000e+00,0.000000000000000000e+00,0.000000000000000000e+00,0.000000000000000000e+00,0.000000000000000000e+00,0.000000000000000000e+00,0.000000000000000000e+00,0.000000000000000000e+00,0.000000000000000000e+00,1.001544696683976396e-03,0.000000000000000000e+00,4.438465471027365603e-04,0.000000000000000000e+00,0.000000000000000000e+00,0.000000000000000000e+00,0.000000000000000000e+00,0.000000000000000000e+00,0.000000000000000000e+00,4.330513534551841404e-03,0.000000000000000000e+00,0.000000000000000000e+00,0.000000000000000000e+00,0.000000000000000000e+00,0.000000000000000000e+00,0.000000000000000000e+00,9.538934023002723422e-04,0.000000000000000000e+00,0.000000000000000000e+00,6.549565254330680624e-05,4.988853681689830576e-04,9.678503220819978164e-04,1.473714152326562488e-03,2.024611413153913370e-03,2.625451134574406740e-03,1.437062469010164491e-03,1.563917887677940873e-03,2.017530259290798919e-03,2.648633800223793109e-03,3.267162040789839059e-03,3.695544316109303923e-03,3.814488068547804579e-03,3.586752026401810768e-03,3.054084094014990550e-03,2.313007037895860232e-03,1.481605473458698450e-03,6.697265590422664091e-04,0.000000000000000000e+00,0.000000000000000000e+00,0.000000000000000000e+00,0.000000000000000000e+00,0.000000000000000000e+00,0.000000000000000000e+00,0.000000000000000000e+00,0.000000000000000000e+00,0.000000000000000000e+00,0.000000000000000000e+00,0.000000000000000000e+00,0.000000000000000000e+00,0.000000000000000000e+00,0.000000000000000000e+00,0.000000000000000000e+00,0.000000000000000000e+00,0.000000000000000000e+00,3.141772543589111148e-04,1.213692180092522648e-03,2.039199610300309207e-03,2.075652449686135863e-03,2.063276515379492294e-03,2.152235823673600851e-03,2.234216220613930576e-03,2.308398448259475679e-03,2.374099879370179713e-03,2.430779613146335887e-03,2.478045203167153140e-03,2.515648472315757354e-03,2.543482267815315185e-03,2.561569062285752162e-03,2.570050124503550637e-03,2.569168396913179553e-03,4.749263528844720715e-03,0.000000000000000000e+00,0.000000000000000000e+00,0.000000000000000000e+00,0.000000000000000000e+00,0.000000000000000000e+00,5.021151345851333206e-04,1.105444235648826105e-03,1.618016214368964102e-03,2.027675841348846545e-03,2.347362653587106284e-03,2.600379466651911442e-03,2.802053374697767267e-03,2.946705251069967318e-03,3.006086893951276980e-03,0.000000000000000000e+00,0.000000000000000000e+00,0.000000000000000000e+00,0.000000000000000000e+00,0.000000000000000000e+00,1.531529327924205375e-03,1.270750514544616511e-03,0.000000000000000000e+00,0.000000000000000000e+00,2.901717144605560762e-04,0.000000000000000000e+00,0.000000000000000000e+00,0.000000000000000000e+00,1.361766758484413175e-04,2.292758757304000914e-04,2.000507841493830239e-04,3.291028101166893968e-05,2.506379831103814661e-04,5.989286623393415580e-04,9.464491102881274036e-04,1.234453117086732393e-03,1.429011173891798743e-03
2.103081769619980651e-07,1.788786866569568707e-04,1.690867064100228358e-03,0.000000000000000000e+00,0.000000000000000000e+00,0.000000000000000000e+00,0.000000000000000000e+00,0.000000000000000000e+00,0.000000000000000000e+00,0.000000000000000000e+00,0.000000000000000000e+00,0.000000000000000000e+00,0.000000000000000000e+00,0.000000000000000000e+00,0.000000000000000000e+00,6.180133946482160402e-06,7.569889889130637932e-05,3.553597445915094590e-04,3.533794170482318516e-04,5.562916862049590156e-05,0.000000000000000000e+00,0.000000000000000000e+00,0.000000000000000000e+00,0.000000000000000000e+00,0.000000000000000000e+00,0.000000000000000000e+00,0.000000000000000000e+00,0.000000000000000000e+00,0.000000000000000000e+00,0.000000000000000000e+00,0.000000000000000000e+00,0.000000000000000000e+00,0.000000000000000000e+00,0.000000000000000000e+00,0.000000000000000000e+00,0.000000000000000000e+00,0.000000000000000000e+00,0.000000000000000000e+00,0.000000000000000000e+00,0.000000000000000000e+00,0.000000000000000000e+00,0.000000000000000000e+00,0.000000000000000000e+00,0.000000000000000000e+00,0.000000000000000000e+00,0.000000000000000000e+00,0.000000000000000000e+00,0.000000000000000000e+00,5.286496659871614149e-05,6.586373162257209589e-04,1.197080760097218996e-03,1.611564309844631081e-03,1.856830041490324700e-03,1.910842071060159329e-03,1.780931342167971177e-03,1.502458157353761883e-03,1.130972088083224796e-03,7.311505673801120412e-04,3.665107189592195914e-04,9.270713705431844753e-05,0.000000000000000000e+00,0.000000000000000000e+00,2.120113605733302405e-04,6.374963595588512087e-04,1.252316781177632192e-03,2.021497087197129429e-03,2.885054906186988906e-03,3.762099039550291513e-03,4.560706644065101040e-03,5.191917291404357128e-03,5.584776211495730280e-03,5.698978989635982914e-03,5.532262568911616198e-03,5.120870688123447569e-03,4.532924518501331088e-03,3.855978355955233527e-03,3.181364869189085183e-03,2.588720490439066612e-03,6.906008423027993649e-03,0.000000000000000000e+00,0.000000000000000000e+00,0.000000000000000000e+00,0.000000000000000000e+00,0.000000000000000000e+00,0.000000000000000000e+00,0.000000000000000000e+00,0.000000000000000000e+00,0.000000000000000000e+00,0.000000000000000000e+00,0.000000000000000000e+00,0.000000000000000000e+00,0.000000000000000000e+00,0.000000000000000000e+00,0.000000000000000000e+00,0.000000000000000000e+00,0.000000000000000000e+00,0.000000000000000000e+00,3.347144544962264365e-03,0.000000000000000000e+00,0.000000000000000000e+00,0.000000000000000000e+00,0.000000000000000000e+00,0.000000000000000000e+00,0.000000000000000000e+00,0.000000000000000000e+00,0.000000000000000000e+00,0.000000000000000000e+00,0.000000000000000000e+00,0.000000000000000000e+00,0.000000000000000000e+00,0.000000000000000000e+00,0.000000000000000000e+00,0.000000000000000000e+00,0.000000000000000000e+00,4.353257947804439558e-04,5.309970046415561266e-05,0.000000000000000000e+00,0.000000000000000000e+00,0.000000000000000000e+00,0.000000000000000000e+00,0.000000000000000000e+00,0.000000000000000000e+00,0.000000000000000000e+00,0.000000000000000000e+00,0.000000000000000000e+00,0.000000000000000000e+00,0.000000000000000000e+00,0.000000000000000000e+00,0.000000000000000000e+00,3.302008497215207423e-04,1.669161158383375594e-03,2.807101213551114072e-03,3.697886979697209264e-03,4.291364113694554408e-03,4.540612584781351241e-03,4.415552584734814927e-03,3.916939822004795319e-03,3.084649385014702049e-03,1.996950232951604561e-03,7.613555695707360793e-04,0.000000000000000000e+00,0.000000000000000000e+00,0.000000000000000000e+00,0.000000000000000000e+00,0.000000000000000000e+00,0.000000000000000000e+00,5.609465540247419828e-04,1.250616093239912937e-03,3.978915006456647252e-03,0.000000000000000000e+00,0.000000000000000000e+00,0.000000000000000000e+00,0.000000000000000000e+00,0.000000000000000000e+00,0.000000000000000000e+00,0.000000000000000000e+00,2.897078643360726543e-04,7.603428518510087913e-04,1.009098850763487159e-03,1.007675724040197349e-03,7.732111562770775355e-04,3.674945975576882832e-04,0.000000000000000000e+00,0.000000000000000000e+00,0.000000000000000000e+00,0.000000000000000000e+00,0.000000000000000000e+00,0.000000000000000000e+00,0.000000000000000000e+00,0.000000000000000000e+00,0.000000000000000000e+00,0.000000000000000000e+00,0.000000000000000000e+00,0.000000000000000000e+00,0.000000000000000000e+00,0.000000000000000000e+00,0.000000000000000000e+00,0.000000000000000000e+00,0.000000000000000000e+00,0.000000000000000000e+00,0.000000000000000000e+00,0.000000000000000000e+00,0.000000000000000000e+00,0.000000000000000000e+00,3.244395372721568739e-04,5.923376441106586532e-04,6.570959469773006217e-04,5.744438075321753540e-04,4.176508649335883348e-04,2.621631117062927520e-04,1.707773214405737788e-04,1.822283042794593127e-04,6.585908475665896121e-03,0.000000000000000000e+00,0.000000000000000000e+00,0.000000000000000000e+00,0.000000000000000000e+00,0.000000000000000000e+00,0.000000000000000000e+00,0.000000000000000000e+00,0.000000000000000000e+00,2.882362290746957184e-03,0.000000000000000000e+00,0.000000000000000000e+00,0.000000000000000000e+00,0.000000000000000000e+00,0.000000000000000000e+00,0.000000000000000000e+00,0.000000000000000000e+00,0.000000000000000000e+00,0.000000000000000000e+00,3.599644566722475739e-03,0.000000000000000000e+00,0.000000000000000000e+00,0.000000000000000000e+00,0.000000000000000000e+00,2.421153913238347031e-03,0.000000000000000000e+00,0.000000000000000000e+00,2.609645852175892429e-05,1.158101638377462359e-03,2.297839744630519442e-03,3.339549907420941589e-03,4.191748857061460345e-03,4.443629704243133582e-03,4.318533701561374366e-03,3.949448551941533644e-03,3.449741854272059000e-03,2.945721008388279324e-03,2.545368034740410745e-03,2.315771832767241772e-03,2.273911161028760626e-03,2.390999062567944738e-03,2.607119469301328023e-03,0.000000000000000000e+00,0.000000000000000000e+00,0.000000000000000000e+00,0.000000000000000000e+00,1.456783249502454193e-04,5.578955749781414715e-04,8.835162793843197044e-04,1.118213773960358755e-03,1.269068372682121207e-03,1.351358850929457959e-03,1.383821752697292871e-03,1.384118635461952093e-03,1.365697207995425705e-03,1.336453783488912236e-03,1.299144017781125437e-03,1.253371915818782874e-03,1.542717880487879095e-03,1.914829081987792043e-03,2.154297025614175173e-03,2.307386438277784103e-03,2.441164158962514600e-03,2.620325867761658274e-03,2.883895800327430665e-03,3.229113564554933220e-03,1.567835014899040830e-03,1.491815062289531891e-03,1.278332325997178984e-03,8.928814666915604967e-04,3.300301030628290870e-04,0.000000000000000000e+00,0.000000000000000000e+00,0.000000000000000000e+00,0.000000000000000000e+00,0.000000000000000000e+00,1.197633838255259805e-04,1.036701092145458046e-03,1.841182136811312948e-03,2.457048236868600993e-03,2.830346222957987653e-03,2.934575496268547988e-03,2.772748807445110566e-03,2.376822888624949455e-03,1.804716009858045415e-03,1.134687913650557012e-03,4.568591186985690379e-04,0.000000000000000000e+00,0.000000000000000000e+00,0.000000000000000000e+00,0.000000000000000000e+00,0.000000000000000000e+00,0.000000000000000000e+00,4.986160122550147228e-04,1.078056161514644954e-03,1.597242205030527731e-03,1.983177058302564629e-03,2.013947717860063366e-03,1.433175268034847212e-03,5.491701667595596950e-04,0.000000000000000000e+00,0.000000000000000000e+00,0.000000000000000000e+00,0.000000000000000000e+00,0.000000000000000000e+00,0.000000000000000000e+00,0.000000000000000000e+00,0.000000000000000000e+00,0.000000000000000000e+00,0.000000000000000000e+00,0.000000000000000000e+00,4.253427494513182541e-07,1.657528468252984690e-03,3.171955815176230944e-03,4.511454402368450869e-03,5.690025938286891356e-03,0.000000000000000000e+00,0.000000000000000000e+00,0.000000000000000000e+00,0.000000000000000000e+00,0.000000000000000000e+00,0.000000000000000000e+00,0.000000000000000000e+00,0.000000000000000000e+00,0.000000000000000000e+00,0.000000000000000000e+00,0.000000000000000000e+00,0.000000000000000000e+00,0.000000000000000000e+00,0.000000000000000000e+00,8.478170150338082411e-04,0.000000000000000000e+00,2.548072459829248213e-03,0.000000000000000000e+00,0.000000000000000000e+00,0.000000000000000000e+00,0.000000000000000000e+00,0.000000000000000000e+00,0.000000000000000000e+00,0.000000000000000000e+00,0.000000000000000000e+00,0.000000000000000000e+00,0.000000000000000000e+00,0.000000000000000000e+00,0.000000000000000000e+00,0.000000000000000000e+00,0.000000000000000000e+00,0.000000000000000000e+00,0.000000000000000000e+00,0.000000000000000000e+00,0.000000000000000000e+00,0.000000000000000000e+00,0.000000000000000000e+00,0.000000000000000000e+00,0.000000000000000000e+00,0.000000000000000000e+00,0.000000000000000000e+00,5.234657152244468099e-04,1.326960294081439614e-03,2.052938993786044154e-03,2.658205780566125914e-03,3.133437501817035609e-03,3.497615641565878040e-03,0.000000000000000000e+00,0.000000000000000000e+00,0.000000000000000000e+00,0.000000000000000000e+00,0.000000000000000000e+00,0.000000000000000000e+00,0.000000000000000000e+00,0.000000000000000000e+00,0.000000000000000000e+00,5.049124093261564590e-04,1.232296764603095160e-03,0.000000000000000000e+00,0.000000000000000000e+00,0.000000000000000000e+00,0.000000000000000000e+00,0.000000000000000000e+00,0.000000000000000000e+00,0.000000000000000000e+00,0.000000000000000000e+00,0.000000000000000000e+00,0.000000000000000000e+00,0.000000000000000000e+00,1.504282442189044510e-03,0.000000000000000000e+00,7.686192176234028201e-06,0.000000000000000000e+00,0.000000000000000000e+00,0.000000000000000000e+00,0.000000000000000000e+00,0.000000000000000000e+00,0.000000000000000000e+00,0.000000000000000000e+00,0.000000000000000000e+00,0.000000000000000000e+00,0.000000000000000000e+00,0.000000000000000000e+00,2.897943631607016735e-03,0.000000000000000000e+00,0.000000000000000000e+00,0.000000000000000000e+00,0.000000000000000000e+00,8.565664310675034270e-04,1.807763889860739990e-03,2.718562456557443649e-03,3.526050154576724441e-03
6.875554084570361771e-08,0.000000000000000000e+00,1.211527183174987117e-03,7.444748441653749327e-04,1.466246816020034356e-03,0.000000000000000000e+00,0.000000000000000000e+00,0.000000000000000000e+00,0.000000000000000000e+00,0.000000000000000000e+00,0.000000000000000000e+00,0.000000000000000000e+00,0.000000000000000000e+00,0.000000000000000000e+00,0.000000000000000000e+00,0.000000000000000000e+00,0.000000000000000000e+00,0.000000000000000000e+00,0.000000000000000000e+00,0.000000000000000000e+00,0.000000000000000000e+00,0.000000000000000000e+00,0.000000000000000000e+00,0.000000000000000000e+00,0.000000000000000000e+00,0.000000000000000000e+00,0.000000000000000000e+00,3.239921139563502672e-04,1.447869061285299384e-03,5.159808157268815261e-03,0.000000000000000000e+00,0.000000000000000000e+00,0.000000000000000000e+00,0.000000000000000000e+00,0.000000000000000000e+00,0.000000000000000000e+00,0.000000000000000000e+00,6.516392835007601666e-04,1.525852176055860930e-03,5.088063387935723783e-03,0.000000000000000000e+00,0.000000000000000000e+00,0.000000000000000000e+00,0.000000000000000000e+00,0.000000000000000000e+00,0.000000000000000000e+00,2.708586862687288165e-03,0.000000000000000000e+00,1.194856170331976334e-05,0.000000000000000000e+00,0.000000000000000000e+00,0.000000000000000000e+00,2.529123505480188288e-04,8.733176494459213854e-04,1.602423797197031867e-03,5.262602404810834932e-03,3.164369736110172159e-03,0.000000000000000000e+00,0.000000000000000000e+00,0.000000000000000000e+00,0.000000000000000000e+00,0.000000000000000000e+00,0.000000000000000000e+00,0.000000000000000000e+00,0.000000000000000000e+00,0.000000000000000000e+00,0.000000000000000000e+00,0.000000000000000000e+00,0.000000000000000000e+00,0.000000000000000000e+00,0.000000000000000000e+00,0.000000000000000000e+00,1.840820559115867059e-03,0.000000000000000000e+00,0.000000000000000000e+00,9.300928033854917974e-04,0.000000000000000000e+00,7.519882497048461937e-04,1.656874941627724165e-03,2.445784842718325136e-03,3.001367278063250821e-03,0.000000000000000000e+00,0.000000000000000000e+00,0.000000000000000000e+00,0.000000000000000000e+00,4.621378100464328142e-04,0.000000000000000000e+00,0.000000000000000000e+00,0.000000000000000000e+00,0.000000000000000000e+00,0.000000000000000000e+00,0.000000000000000000e+00,0.000000000000000000e+00,0.000000000000000000e+00,0.000000000000000000e+00,0.000000000000000000e+00,1.527029846880276456e-05,1.479879416238114259e-04,4.571614440252963311e-04,0.000000000000000000e+00,0.000000000000000000e+00,4.009294412884668781e-04,1.618997553091945998e-03,0.000000000000000000e+00,0.000000000000000000e+00,0.000000000000000000e+00,0.000000000000000000e+00,0.000000000000000000e+00,0.000000000000000000e+00,0.000000000000000000e+00,0.000000000000000000e+00,0.000000000000000000e+00,0.000000000000000000e+00,0.000000000000000000e+00,0.000000000000000000e+00,3.993234858434513380e-04,7.233654261568849648e-04,8.675772004824265768e-04,8.357975699231463221e-04,6.431406651292951183e-04,3.104554863341263534e-04,0.000000000000000000e+00,0.000000000000000000e+00,0.000000000000000000e+00,0.000000000000000000e+00,0.000000000000000000e+00,0.000000000000000000e+00,0.000000000000000000e+00,0.000000000000000000e+00,0.000000000000000000e+00,0.000000000000000000e+00,0.000000000000000000e+00,0.000000000000000000e+00,0.000000000000000000e+00,0.000000000000000000e+00,0.000000000000000000e+00,0.000000000000000000e+00,0.000000000000000000e+00,0.000000000000000000e+00,0.000000000000000000e+00,0.000000000000000000e+00,0.000000000000000000e+00,0.000000000000000000e+00,0.000000000000000000e+00,0.000000000000000000e+00,0.000000000000000000e+00,0.000000000000000000e+00,0.000000000000000000e+00,0.000000000000000000e+00,3.268570989235601576e-04,1.158104337911115833e-03,2.117545609995663547e-03,9.837600440645020636e-03,4.396199594713772092e-03,0.000000000000000000e+00,0.000000000000000000e+00,0.000000000000000000e+00,0.000000000000000000e+00,0.000000000000000000e+00,0.000000000000000000e+00,0.000000000000000000e+00,0.000000000000000000e+00,0.000000000000000000e+00,0.000000000000000000e+00,0.000000000000000000e+00,0.000000000000000000e+00,0.000000000000000000e+00,0.000000000000000000e+00,0.000000000000000000e+00,0.000000000000000000e+00,0.000000000000000000e+00,0.000000000000000000e+00,3.544081414481919441e-05,2.859501903765160769e-04,5.278157242021888325e-04,7.596260267654542271e-04,9.880509311476881173e-04,1.581086508358402025e-03,7.867069549377121024e-03,0.000000000000000000e+00,0.000000000000000000e+00,0.000000000000000000e+00,0.000000000000000000e+00,0.000000000000000000e+00,0.000000000000000000e+00,0.000000000000000000e+00,0.000000000000000000e+00,0.000000000000000000e+00,0.000000000000000000e+00,0.000000000000000000e+00,0.000000000000000000e+00,0.000000000000000000e+00,0.000000000000000000e+00,0.000000000000000000e+00,0.000000000000000000e+00,0.000000000000000000e+00,0.000000000000000000e+00,0.000000000000000000e+00,5.877065981256158903e-04,3.003465702728944781e-03,0.000000000000000000e+00,0.000000000000000000e+00,0.000000000000000000e+00,6.746981963429930220e-04,1.551225089318068826e-03,2.268455216051646142e-03,2.758899247823329119e-03,2.976479834161120143e-03,2.906425823041638122e-03,2.570120584964302214e-03,2.023619156745089503e-03,1.349920748948901057e-03,6.465071252392586834e-04,1.077795135445435389e-05,1.044615557313981164e-04,6.474875910100793934e-04,1.070746741518097166e-03,1.324100139069514298e-03,1.378406930172188611e-03,1.230388573829959038e-03,1.174109190169330373e-03,1.923775019539986563e-03,2.634897049731201989e-03,3.230365615855341783e-03,3.640510131885712868e-03,3.812699441670099922e-03,3.721775309848167606e-03,3.378265476993056252e-03,2.830664581910975666e-03,2.159128875974226491e-03,1.460603333605222428e-03,8.286408151665151890e-04,3.335044366837789645e-04,8.442539843486400900e-06,0.000000000000000000e+00,0.000000000000000000e+00,0.000000000000000000e+00,0.000000000000000000e+00,0.000000000000000000e+00,0.000000000000000000e+00,0.000000000000000000e+00,0.000000000000000000e+00,0.000000000000000000e+00,0.000000000000000000e+00,0.000000000000000000e+00,0.000000000000000000e+00,2.678156648296353779e-04,8.282136506580623208e-04,1.229488546037259830e-03,1.409101985400191843e-03,1.348441242766431876e-03,1.076590185878910019e-03,7.735414000041427500e-04,9.155951286397025733e-04,1.038284960248456699e-03,1.140531703783198786e-03,1.221691184093038349e-03,1.281562756263700297e-03,1.320380770515952812e-03,1.338800613505880229e-03,1.337873580143379574e-03,1.535451014531103277e-03,0.000000000000000000e+00,0.000000000000000000e+00,0.000000000000000000e+00,7.972306281058993591e-05,5.851398827502462012e-04,8.384249051167014721e-04,0.000000000000000000e+00,0.000000000000000000e+00,1.343513337925870239e-04,2.228369415256054107e-04,1.172010429585712945e-03,2.524800964949705431e-03,3.914182608852757699e-03,5.191045169797527635e-03,6.240452036547257907e-03,6.996264840335375372e-03,7.441241186953759246e-03,7.595764498188876945e-03,7.501463286155620781e-03,7.206209997871526607e-03,6.754538844118410622e-03,6.183932974675969765e-03,5.524657241138383225e-03,4.800226613270057452e-03,4.027126558626293457e-03,3.214590161616182919e-03,2.366377114131760703e-03,1.485717126011015321e-03,5.824433950523972420e-04,0.000000000000000000e+00,0.000000000000000000e+00,0.000000000000000000e+00,0.000000000000000000e+00,0.000000000000000000e+00,0.000000000000000000e+00,0.000000000000000000e+00,0.000000000000000000e+00,0.000000000000000000e+00,0.000000000000000000e+00,0.000000000000000000e+00,0.000000000000000000e+00,7.755636313313877227e-04,1.416561977389264350e-03,1.860299497946468284e-03,2.072032126939152459e-03,2.052072873847649893e-03,1.836375624901567891e-03,1.488996548261766091e-03,1.087467417400590167e-03,1.575293355947976785e-03,2.484738106326018960e-03,3.486261340855437239e-03,4.494311878212280641e-03,5.409051978408688927e-03,6.134483682740524309e-03,6.592802018484116185e-03,6.731598163803787470e-03,6.524720757727136590e-03,5.970474415407810501e-03,5.090799816152856254e-03,3.932428377137490473e-03,2.567779688838987221e-03,1.091795735291912865e-03,0.000000000000000000e+00,0.000000000000000000e+00,0.000000000000000000e+00,0.000000000000000000e+00,0.000000000000000000e+00,0.000000000000000000e+00,0.000000000000000000e+00,0.000000000000000000e+00,0.000000000000000000e+00,0.000000000000000000e+00,0.000000000000000000e+00,0.000000000000000000e+00,0.000000000000000000e+00,0.000000000000000000e+00,0.000000000000000000e+00,0.000000000000000000e+00,0.000000000000000000e+00,0.000000000000000000e+00,0.000000000000000000e+00,0.000000000000000000e+00,0.000000000000000000e+00,0.000000000000000000e+00,0.000000000000000000e+00,0.000000000000000000e+00,0.000000000000000000e+00,0.000000000000000000e+00,0.000000000000000000e+00,0.000000000000000000e+00,0.000000000000000000e+00,0.000000000000000000e+00,0.000000000000000000e+00,0.000000000000000000e+00,0.000000000000000000e+00,0.000000000000000000e+00,3.454226810648998577e-04,7.278554831281750697e-04,1.018083256010527586e-03,1.268802521584129917e-03,4.699084605311510190e-03,5.511384904153465887e-03,0.000000000000000000e+00,0.000000000000000000e+00,0.000000000000000000e+00,0.000000000000000000e+00,0.000000000000000000e+00,0.000000000000000000e+00,0.000000000000000000e+00,0.000000000000000000e+00,0.000000000000000000e+00,0.000000000000000000e+00,1.213110001758873312e-03,0.000000000000000000e+00,0.000000000000000000e+00,0.000000000000000000e+00,0.000000000000000000e+00,0.000000000000000000e+00,0.000000000000000000e+00,0.000000000000000000e+00,0.000000000000000000e+00,0.000000000000000000e+00,0.000000000000000000e+00,0.000000000000000000e+00,0.000000000000000000e+00,5.342072500692895791e-04,2.324095136422734634e-03,0.000000000000000000e+00,0.000000000000000000e+00,0.000000000000000000e+00,0.000000000000000000e+00,0.000000000000000000e+00,4.286703701622813747e-06,9.096060831144778432e-04,1.810832970662265475e-03,0.000000000000000000e+00,0.000000000000000000e+00
3.397060968933444228e-08,1.261901272853036720e-04,0.000000000000000000e+00,0.000000000000000000e+00,9.189145798499235608e-05,2.517840654600176286e-04,4.021592553878742290e-04,5.174934996775685820e-04,5.812200076231397719e-04,5.894861446092497731e-04,5.524711706112394542e-04,4.914130802306112232e-04,4.315430813020923353e-04,3.934569156996594718e-04,3.866170963282848281e-04,4.078235157281934697e-04,4.451368108790398600e-04,4.850708733367843899e-04,5.195409593638988452e-04,1.151719717057347577e-03,9.169923952985567376e-04,0.000000000000000000e+00,0.000000000000000000e+00,0.000000000000000000e+00,0.000000000000000000e+00,0.000000000000000000e+00,0.000000000000000000e+00,0.000000000000000000e+00,0.000000000000000000e+00,0.000000000000000000e+00,0.000000000000000000e+00,1.538630356581098665e-03,0.000000000000000000e+00,0.000000000000000000e+00,0.000000000000000000e+00,0.000000000000000000e+00,0.000000000000000000e+00,0.000000000000000000e+00,0.000000000000000000e+00,0.000000000000000000e+00,0.000000000000000000e+00,0.000000000000000000e+00,0.000000000000000000e+00,0.000000000000000000e+00,0.000000000000000000e+00,0.000000000000000000e+00,0.000000000000000000e+00,0.000000000000000000e+00,0.000000000000000000e+00,0.000000000000000000e+00,0.000000000000000000e+00,0.000000000000000000e+00,0.000000000000000000e+00,0.000000000000000000e+00,0.000000000000000000e+00,0.000000000000000000e+00,0.000000000000000000e+00,0.000000000000000000e+00,0.000000000000000000e+00,0.000000000000000000e+00,0.000000000000000000e+00,2.276693470541990560e-03,1.910624354972921589e-03,0.000000000000000000e+00,0.000000000000000000e+00,0.000000000000000000e+00,0.000000000000000000e+00,0.000000000000000000e+00,0.000000000000000000e+00,0.000000000000000000e+00,0.000000000000000000e+00,1.174081360407324220e-05,3.073796642221651026e-04,3.824766778130079528e-04,2.048072599002582898e-04,0.000000000000000000e+00,0.000000000000000000e+00,0.000000000000000000e+00,0.000000000000000000e+00,0.000000000000000000e+00,0.000000000000000000e+00,0.000000000000000000e+00,0.000000000000000000e+00,0.000000000000000000e+00,0.000000000000000000e+00,0.000000000000000000e+00,0.000000000000000000e+00,0.000000000000000000e+00,0.000000000000000000e+00,0.000000000000000000e+00,0.000000000000000000e+00,0.000000000000000000e+00,0.000000000000000000e+00,0.000000000000000000e+00,0.000000000000000000e+00,0.000000000000000000e+00,0.000000000000000000e+00,3.606492287506374598e-04,7.508516557287174976e-04,1.122571232040283414e-03,1.413987180119086759e-03,1.557040204964697328e-03,1.492364917858112578e-03,1.181065254264411198e-03,8.932959736650338033e-04,8.348321192402845085e-04,7.169041747004582885e-04,5.732071646820792281e-04,4.350703805629377373e-04,3.251785955157152682e-04,2.553240871164739437e-04,2.287513732511069892e-04,2.456199441013748579e-04,3.086953541350846448e-04,4.262200350605702191e-04,6.101426715163447414e-04,8.700451046168564736e-04,1.205155691733396329e-03,1.597861303438154927e-03,2.011575752220941607e-03,2.394053868996924486e-03,2.685135074971458681e-03,2.826537873512811189e-03,2.771173503365633069e-03,2.490305447399887920e-03,1.977980345398699501e-03,1.252830885568859045e-03,3.573133791433151041e-04,0.000000000000000000e+00,5.775341953472971392e-04,1.311635455515470844e-03,1.858647653241630657e-03,2.220633362425044471e-03,2.410445922532160681e-03,2.443033885305425593e-03,2.331035712989833805e-03,2.086103920344254108e-03,1.724464553777427982e-03,1.273302450447441093e-03,7.744001647043553642e-04,2.827242203910443753e-04,0.000000000000000000e+00,0.000000000000000000e+00,0.000000000000000000e+00,0.000000000000000000e+00,0.000000000000000000e+00,0.000000000000000000e+00,1.416994498235853250e-05,8.748610258368654956e-05,0.000000000000000000e+00,6.852347699901044787e-05,1.849666535435616932e-04,3.039065233446727743e-04,4.253077817923595137e-04,5.490277622355219881e-04,6.748141438538123602e-04,8.023077493083925022e-04,9.310428830240038327e-04,1.060454965688319411e-03,1.189886220789328902e-03,1.318596680769473783e-03,1.445777744052941958e-03,1.570567785952866518e-03,1.722082473476733511e-03,1.818202929309158371e-03,1.060289336681244040e-04,2.873401827776207534e-04,5.037812387005087067e-04,7.241873935938356347e-04,9.229008214585846838e-04,1.083202634251283995e-03,1.196537752774243886e-03,1.257322129523952498e-03,1.255430445346694505e-03,1.170040954995658303e-03,9.685499489503336494e-04,6.126705794524749896e-04,7.095310520488887793e-05,0.000000000000000000e+00,0.000000000000000000e+00,0.000000000000000000e+00,0.000000000000000000e+00,0.000000000000000000e+00,0.000000000000000000e+00,0.000000000000000000e+00,0.000000000000000000e+00,0.000000000000000000e+00,0.000000000000000000e+00,0.000000000000000000e+00,0.000000000000000000e+00,0.000000000000000000e+00,0.000000000000000000e+00,6.226323102799527975e-04,1.466633995702343015e-03,1.912414348566679727e-03,1.919742854695211196e-03,1.504403045026337987e-03,7.397789014871121362e-04,0.000000000000000000e+00,0.000000000000000000e+00,0.000000000000000000e+00,3.382055218770728118e-04,9.158569659543216784e-04,1.603414856440174259e-03,6.296391079770020591e-03,0.000000000000000000e+00,0.000000000000000000e+00,0.000000000000000000e+00,0.000000000000000000e+00,0.000000000000000000e+00,0.000000000000000000e+00,0.000000000000000000e+00,0.000000000000000000e+00,0.000000000000000000e+00,0.000000000000000000e+00,0.000000000000000000e+00,0.000000000000000000e+00,0.000000000000000000e+00,1.224449679621443824e-03,2.571239166585511347e-03,3.660611486223070733e-03,4.451059956175508828e-03,4.939493859851166492e-03,5.157284234609465362e-03,5.161521687176236564e-03,5.023384813626415903e-03,4.815198394948372318e-03,4.597645969281280269e-03,4.408992417472462448e-03,4.258678778094929750e-03,4.127384729808490117e-03,0.000000000000000000e+00,0.000000000000000000e+00,0.000000000000000000e+00,0.000000000000000000e+00,0.000000000000000000e+00,0.000000000000000000e+00,0.000000000000000000e+00,3.945248305173772695e-03,1.045775461307271552e-03,0.000000000000000000e+00,0.000000000000000000e+00,0.000000000000000000e+00,0.000000000000000000e+00,0.000000000000000000e+00,0.000000000000000000e+00,0.000000000000000000e+00,0.000000000000000000e+00,0.000000000000000000e+00,0.000000000000000000e+00,0.000000000000000000e+00,0.000000000000000000e+00,0.000000000000000000e+00,0.000000000000000000e+00,3.864554526175367787e-04,6.350164043156473342e-04,6.961539473286353780e-04,6.012200353412077911e-04,3.919696064155092120e-04,1.077687508842497188e-04,2.446555728714878449e-05,4.048189010802234972e-04,6.136696124155898747e-04,5.593956268288776150e-04,1.991330340367503257e-04,0.000000000000000000e+00,0.000000000000000000e+00,0.000000000000000000e+00,0.000000000000000000e+00,0.000000000000000000e+00,0.000000000000000000e+00,0.000000000000000000e+00,0.000000000000000000e+00,0.000000000000000000e+00,2.752676747461309226e-04,1.215590150071882338e-03,2.106049352127188547e-03,2.895690555801236875e-03,3.558233417714254734e-03,4.092511363053124088e-03,4.514634776071779765e-03,4.844980611319289060e-03,5.095523479215474834e-03,5.262930787693394750e-03,5.330143399242421101e-03,5.275140729520923048e-03,5.082273338474751698e-03,4.750577372115040789e-03,4.295298663166588829e-03,3.742404268891397386e-03,3.119404815070232762e-03,2.447588780664639377e-03,1.740057635592464876e-03,1.007135740741331269e-03,2.670528648376127015e-04,0.000000000000000000e+00,0.000000000000000000e+00,0.000000000000000000e+00,0.000000000000000000e+00,0.000000000000000000e+00,0.000000000000000000e+00,0.000000000000000000e+00,7.685669894296283302e-04,1.878369486351800805e-03,2.901399102969596210e-03,3.680826526083449263e-03,4.100170995788403328e-03,4.104631337513034960e-03,3.708476782962744165e-03,2.987919586775188239e-03,2.062492654390685708e-03,1.070286820208134204e-03,1.430396360556321247e-04,0.000000000000000000e+00,0.000000000000000000e+00,0.000000000000000000e+00,0.000000000000000000e+00,0.000000000000000000e+00,0.000000000000000000e+00,0.000000000000000000e+00,2.799695659870279451e-04,8.509667755019626519e-04,1.392814155013992776e-03,1.872679943646541473e-03,2.265745308182217158e-03,2.556263078346229269e-03,2.739159600951418094e-03,2.821531357494475381e-03,2.823197836344321435e-03,2.775672549682527222e-03,2.719336380434752426e-03,0.000000000000000000e+00,0.000000000000000000e+00,0.000000000000000000e+00,0.000000000000000000e+00,0.000000000000000000e+00,1.240334473266598546e-04,9.625773639826250153e-04,1.989952274050662932e-03,3.116073698341320555e-03,4.233799426792194363e-03,5.230294057888812582e-03,5.996759831144661719e-03,6.437702421576253949e-03,6.482150438892652147e-03,6.097868721475030972e-03,5.306068983822905677e-03,4.190768832331856313e-03,2.896140171810670464e-03,1.608159089239340374e-03,5.224610058966855895e-04,0.000000000000000000e+00,0.000000000000000000e+00,0.000000000000000000e+00,4.831143757900021262e-04,1.441260728312382822e-03,2.502961054472929801e-03,3.478969195387180552e-03,4.206860503278665037e-03,0.000000000000000000e+00,0.000000000000000000e+00,0.000000000000000000e+00,0.000000000000000000e+00,0.000000000000000000e+00,0.000000000000000000e+00,0.000000000000000000e+00,0.000000000000000000e+00,5.523671344670318074e-04,1.185618114083350017e-03,1.828980216533298902e-03,2.530825438404053513e-03,3.311131714883524483e-03,4.150842802184948749e-03,4.993019859159507010e-03,5.753975510761006988e-03,6.340192695490762774e-03,0.000000000000000000e+00,0.000000000000000000e+00,0.000000000000000000e+00,0.000000000000000000e+00,0.000000000000000000e+00,0.000000000000000000e+00,0.000000000000000000e+00,7.895102608411056269e-05,5.185561908305719257e-04,8.493401860038816455e-04,9.767191327883276673e-04,9.386351119752309007e-04,7.858952406510175560e-04,5.756070771804340340e-04,3.679706021118878709e-04,2.249090815380766896e-04,2.075955874627357723e-04,3.705147943538974488e-04,7.517771854753836636e-04,1.361873052029247654e-03,2.174592746479641053e-03,3.123936665542133458e-03,1.311455180715126023e-04,5.630264333003043818e-04
0.000000000000000000e+00,3.857700681804833551e-04,3.780341007498621403e-04,0.000000000000000000e+00,0.000000000000000000e+00,0.000000000000000000e+00,0.000000000000000000e+00,0.000000000000000000e+00,0.000000000000000000e+00,0.000000000000000000e+00,0.000000000000000000e+00,0.000000000000000000e+00,0.000000000000000000e+00,0.000000000000000000e+00,0.000000000000000000e+00,0.000000000000000000e+00,0.000000000000000000e+00,0.000000000000000000e+00,0.000000000000000000e+00,0.000000000000000000e+00,0.000000000000000000e+00,0.000000000000000000e+00,0.000000000000000000e+00,0.000000000000000000e+00,0.000000000000000000e+00,0.000000000000000000e+00,0.000000000000000000e+00,0.000000000000000000e+00,0.000000000000000000e+00,0.000000000000000000e+00,0.000000000000000000e+00,0.000000000000000000e+00,0.000000000000000000e+00,0.000000000000000000e+00,0.000000000000000000e+00,0.000000000000000000e+00,0.000000000000000000e+00,0.000000000000000000e+00,0.000000000000000000e+00,0.000000000000000000e+00,0.000000000000000000e+00,0.000000000000000000e+00,0.000000000000000000e+00,0.000000000000000000e+00,0.000000000000000000e+00,0.000000000000000000e+00,0.000000000000000000e+00,0.000000000000000000e+00,0.000000000000000000e+00,0.000000000000000000e+00,0.000000000000000000e+00,3.152836315019619121e-04,1.094659540635889569e-03,1.721897373652184725e-03,2.180709453493129626e-03,2.467093706598276481e-03,2.594716160684313027e-03,2.594605681873317186e-03,2.508250586468175301e-03,2.376347935875976983e-03,2.227595592031828258e-03,2.072180048992654407e-03,1.902889449513977529e-03,1.703625116004020687e-03,1.461909410137275005e-03,1.180111340827575545e-03,8.805739731537376609e-04,6.023872814236887327e-04,3.910286434733055883e-04,2.848807122098956021e-04,3.035690762603908584e-04,4.420319487544346719e-04,6.719332618792170884e-04,9.495294931458773870e-04,1.227204483678014275e-03,1.465056827248113931e-03,1.639243964706279134e-03,1.745056032615886592e-03,1.794493952435788527e-03,1.809814667416554616e-03,1.815497734079569384e-03,1.831105812226420208e-03,1.866752135372193224e-03,1.921844456765873631e-03,1.986813334711078332e-03,2.046837241235820518e-03,2.378373192165232543e-03,3.017441351524572952e-03,3.525155997988056213e-03,3.883876944812950614e-03,4.085137660835341279e-03,4.126776824050760323e-03,4.010334934072404441e-03,3.739359520519200484e-03,3.319531194448721145e-03,2.761242567047117718e-03,2.084270736615171250e-03,1.322764422676559045e-03,5.278334160007523050e-04,0.000000000000000000e+00,0.000000000000000000e+00,0.000000000000000000e+00,0.000000000000000000e+00,0.000000000000000000e+00,0.000000000000000000e+00,0.000000000000000000e+00,0.000000000000000000e+00,1.525723419616440487e-04,7.327825301649117194e-04,1.212969296421899986e-03,1.540082742723902472e-03,1.688411915602913487e-03,1.662574081113918313e-03,1.494858531267785357e-03,1.470139844493029840e-03,1.900365842300964433e-03,2.247408182502149462e-03,2.483040606911873782e-03,1.297746520251860268e-03,1.215572050407542773e-03,1.035473876964635321e-03,7.707988483836889860e-04,4.348840736143961736e-04,7.525648809681875599e-04,1.353781999899313386e-03,1.920312230150355562e-03,2.385482631623135705e-03,2.700169974836038374e-03,2.846519151262972679e-03,5.234762284258222438e-03,0.000000000000000000e+00,0.000000000000000000e+00,0.000000000000000000e+00,0.000000000000000000e+00,0.000000000000000000e+00,0.000000000000000000e+00,0.000000000000000000e+00,0.000000000000000000e+00,0.000000000000000000e+00,0.000000000000000000e+00,0.000000000000000000e+00,0.000000000000000000e+00,0.000000000000000000e+00,0.000000000000000000e+00,0.000000000000000000e+00,0.000000000000000000e+00,0.000000000000000000e+00,0.000000000000000000e+00,0.000000000000000000e+00,0.000000000000000000e+00,0.000000000000000000e+00,8.901216406321271987e-06,3.686006050688926959e-05,2.641582278422776383e-05,0.000000000000000000e+00,0.000000000000000000e+00,0.000000000000000000e+00,0.000000000000000000e+00,0.000000000000000000e+00,0.000000000000000000e+00,0.000000000000000000e+00,0.000000000000000000e+00,0.000000000000000000e+00,0.000000000000000000e+00,0.000000000000000000e+00,3.253522390929103987e-04,1.479653968928235433e-03,2.654867938372741480e-03,0.000000000000000000e+00,0.000000000000000000e+00,0.000000000000000000e+00,0.000000000000000000e+00,0.000000000000000000e+00,0.000000000000000000e+00,0.000000000000000000e+00,0.000000000000000000e+00,0.000000000000000000e+00,0.000000000000000000e+00,0.000000000000000000e+00,0.000000000000000000e+00,0.000000000000000000e+00,0.000000000000000000e+00,0.000000000000000000e+00,0.000000000000000000e+00,0.000000000000000000e+00,0.000000000000000000e+00,0.000000000000000000e+00,0.000000000000000000e+00,0.000000000000000000e+00,0.000000000000000000e+00,0.000000000000000000e+00,9.434696122231924463e-04,1.920011490905428617e-03,2.468442503581681942e-03,2.519411224590982143e-03,2.556972463852523469e-03,2.580332246134546190e-03,2.588867739890418802e-03,2.582140074282872084e-03,2.559902694411365833e-03,2.522104882117691665e-03,2.468890786192170020e-03,2.400597346478048483e-03,2.317745448409414162e-03,2.221031983537377456e-03,2.111320404472415060e-03,1.989628443250015914e-03,2.702617786225733863e-03,3.388159656496973066e-03,3.966207210556656551e-03,4.404209498536600098e-03,4.678704838826943345e-03,4.776047946982009580e-03,4.690452275502671360e-03,4.420804725116228746e-03,3.968916668844648353e-03,3.341365899123610421e-03,2.554886098622339598e-03,1.642689735527627648e-03,6.577696443421036498e-04,0.000000000000000000e+00,0.000000000000000000e+00,0.000000000000000000e+00,0.000000000000000000e+00,0.000000000000000000e+00,0.000000000000000000e+00,0.000000000000000000e+00,0.000000000000000000e+00,0.000000000000000000e+00,0.000000000000000000e+00,0.000000000000000000e+00,0.000000000000000000e+00,0.000000000000000000e+00,0.000000000000000000e+00,0.000000000000000000e+00,0.000000000000000000e+00,0.000000000000000000e+00,0.000000000000000000e+00,1.349015246954224064e-04,4.259793817294086574e-04,6.506403549571435031e-04,8.391766173421590178e-04,0.000000000000000000e+00,0.000000000000000000e+00,0.000000000000000000e+00,0.000000000000000000e+00,0.000000000000000000e+00,0.000000000000000000e+00,0.000000000000000000e+00,0.000000000000000000e+00,0.000000000000000000e+00,0.000000000000000000e+00,0.000000000000000000e+00,0.000000000000000000e+00,0.000000000000000000e+00,0.000000000000000000e+00,0.000000000000000000e+00,0.000000000000000000e+00,0.000000000000000000e+00,0.000000000000000000e+00,0.000000000000000000e+00,0.000000000000000000e+00,0.000000000000000000e+00,0.000000000000000000e+00,0.000000000000000000e+00,0.000000000000000000e+00,1.077528608161875583e-04,4.859851349159116434e-04,9.396193245635053480e-04,1.409952729288976338e-03,1.824309504237207414e-03,2.115687811834695599e-03,2.240523089330113526e-03,2.188622518903145589e-03,1.982937638246955875e-03,1.670841571937452209e-03,1.311013117766129292e-03,1.322585622356644121e-03,1.227834782308665895e-03,2.165000326700783871e-03,0.000000000000000000e+00,0.000000000000000000e+00,0.000000000000000000e+00,0.000000000000000000e+00,0.000000000000000000e+00,0.000000000000000000e+00,0.000000000000000000e+00,0.000000000000000000e+00,0.000000000000000000e+00,0.000000000000000000e+00,0.000000000000000000e+00,0.000000000000000000e+00,4.133767734677957736e-05,4.520596002631057037e-04,5.744850963161546092e-04,4.398693953793034205e-04,1.121406040733088645e-04,0.000000000000000000e+00,8.029063058730748475e-04,4.186780059205009248e-04,2.711483484128348378e-05,3.030733599222438677e-04,3.948842422959963861e-04,2.984347938565278056e-04,2.477077016919548987e-05,3.956411954018601270e-04,1.302712774841218238e-03,0.000000000000000000e+00,0.000000000000000000e+00,0.000000000000000000e+00,2.439388501423719619e-03,0.000000000000000000e+00,0.000000000000000000e+00,0.000000000000000000e+00,0.000000000000000000e+00,0.000000000000000000e+00,5.604381545892648002e-04,1.061972115855601157e-03,1.350488351603131975e-03,1.407089262959039565e-03,1.259844449970912508e-03,9.781291871167004971e-04,6.577436625847593241e-04,6.996663853011774034e-04,8.457340668128034492e-04,9.488561015147421252e-04,9.976794893824560140e-04,1.254759618141839837e-03,1.950323133464658713e-03,2.742377889347263203e-03,3.559764901769213539e-03,4.333257050201112445e-03,5.000535267506502589e-03,5.508553124493927554e-03,5.815213349665065631e-03,5.892198273949529261e-03,5.729566319312088228e-03,5.340914841180791246e-03,4.766431587574323191e-03,4.070942734732655929e-03,3.335374169525067486e-03,3.783785646496132249e-03,4.043035438646556089e-03,3.991607902054284014e-03,3.619251507992964946e-03,2.967814439694194291e-03,2.118950430473677191e-03,1.173828807602018704e-03,5.926637570851207241e-04,1.672910300687245773e-04,0.000000000000000000e+00,0.000000000000000000e+00,0.000000000000000000e+00,0.000000000000000000e+00,0.000000000000000000e+00,0.000000000000000000e+00,0.000000000000000000e+00,0.000000000000000000e+00,0.000000000000000000e+00,0.000000000000000000e+00,0.000000000000000000e+00,0.000000000000000000e+00,0.000000000000000000e+00,0.000000000000000000e+00,0.000000000000000000e+00,0.000000000000000000e+00,1.136324349764411632e-04,2.995103252385749064e-04,4.912229634407786882e-04,6.884570963646550372e-04,8.908477794661228896e-04,1.183310419679434134e-03,1.840545292530636505e-03,2.493324918973653572e-03,3.134255571314911899e-03,3.755102056542568550e-03,4.346284210021850343e-03,4.897314249466022326e-03,5.397976019940894932e-03,0.000000000000000000e+00,0.000000000000000000e+00,0.000000000000000000e+00,0.000000000000000000e+00,0.000000000000000000e+00,0.000000000000000000e+00,0.000000000000000000e+00,0.000000000000000000e+00,0.000000000000000000e+00,0.000000000000000000e+00,0.000000000000000000e+00,0.000000000000000000e+00,0.000000000000000000e+00,0.000000000000000000e+00,0.000000000000000000e+00,0.000000000000000000e+00,0.000000000000000000e+00,0.000000000000000000e+00,0.000000000000000000e+00,0.000000000000000000e+00,0.000000000000000000e+00
0.000000000000000000e+00,0.000000000000000000e+00,0.000000000000000000e+00,0.000000000000000000e+00,0.000000000000000000e+00,0.000000000000000000e+00,0.000000000000000000e+00,0.000000000000000000e+00,2.689026262991962694e-04,7.982593973515340023e-04,1.411638875819404195e-03,2.567183349190275878e-03,0.000000000000000000e+00,0.000000000000000000e+00,0.000000000000000000e+00,0.000000000000000000e+00,0.000000000000000000e+00,0.000000000000000000e+00,0.000000000000000000e+00,0.000000000000000000e+00,0.000000000000000000e+00,0.000000000000000000e+00,1.032580268445498642e-03,1.954831802480865369e-03,2.576218799049617182e-03,2.819021593171259187e-03,2.660107583100835508e-03,2.136719121213349285e-03,1.341531411318560999e-03,4.073942833784493373e-04,0.000000000000000000e+00,0.000000000000000000e+00,0.000000000000000000e+00,2.973643074611293655e-05,1.743366986089217542e-03,1.842550336008348623e-03,0.000000000000000000e+00,0.000000000000000000e+00,0.000000000000000000e+00,2.873072686429363389e-04,1.100518828185509303e-03,2.059893938763561385e-03,2.933628664727160659e-03,3.635453989662963854e-03,4.111232131647081511e-03,0.000000000000000000e+00,0.000000000000000000e+00,0.000000000000000000e+00,0.000000000000000000e+00,0.000000000000000000e+00,0.000000000000000000e+00,0.000000000000000000e+00,1.945791697590295091e-03,0.000000000000000000e+00,0.000000000000000000e+00,0.000000000000000000e+00,0.000000000000000000e+00,0.000000000000000000e+00,0.000000000000000000e+00,4.361314200151989416e-03,0.000000000000000000e+00,9.083121640295143502e-04,3.552399850822891662e-03,0.000000000000000000e+00,4.454501697514041351e-04,1.652303941463249305e-03,2.801488177411111825e-03,4.110483328697868248e-03,0.000000000000000000e+00,0.000000000000000000e+00,0.000000000000000000e+00,0.000000000000000000e+00,0.000000000000000000e+00,0.000000000000000000e+00,0.000000000000000000e+00,0.000000000000000000e+00,0.000000000000000000e+00,0.000000000000000000e+00,0.000000000000000000e+00,0.000000000000000000e+00,0.000000000000000000e+00,0.000000000000000000e+00,0.000000000000000000e+00,0.000000000000000000e+00,0.000000000000000000e+00,0.000000000000000000e+00,0.000000000000000000e+00,0.000000000000000000e+00,0.000000000000000000e+00,0.000000000000000000e+00,3.846436623257445931e-04,0.000000000000000000e+00,0.000000000000000000e+00,0.000000000000000000e+00,0.000000000000000000e+00,0.000000000000000000e+00,0.000000000000000000e+00,0.000000000000000000e+00,0.000000000000000000e+00,0.000000000000000000e+00,0.000000000000000000e+00,0.000000000000000000e+00,0.000000000000000000e+00,5.752520723042016349e-04,8.732505862269816202e-05,3.591503160124531594e-04,5.122095538166416499e-04,0.000000000000000000e+00,5.034912265731560104e-05,1.940442213565818689e-04,0.000000000000000000e+00,0.000000000000000000e+00,8.224952121726704021e-04,0.000000000000000000e+00,2.437275983922870077e-04,0.000000000000000000e+00,0.000000000000000000e+00,0.000000000000000000e+00,3.067908333579870373e-04,1.226901725187186419e-03,2.363727253827515359e-03,3.611222734961427958e-03,0.000000000000000000e+00,0.000000000000000000e+00,0.000000000000000000e+00,0.000000000000000000e+00,0.000000000000000000e+00,0.000000000000000000e+00,0.000000000000000000e+00,0.000000000000000000e+00,0.000000000000000000e+00,0.000000000000000000e+00,0.000000000000000000e+00,0.000000000000000000e+00,1.394155149207328625e-04,0.000000000000000000e+00,0.000000000000000000e+00,0.000000000000000000e+00,3.073257676897901583e-04,7.785688241906503970e-04,1.274352962183293624e-03,1.781962165883920531e-03,2.276865410584055349e-03,2.726437007038697274e-03,3.095070572505139329e-03,3.349301318913834417e-03,3.461809681845438337e-03,3.413858631068994454e-03,3.196481747404285746e-03,2.811121303059973143e-03,2.270273622654794213e-03,1.598105280625577084e-03,1.148300605268520519e-03,1.090263970163860442e-03,1.009354993644234018e-03,9.070897539507241474e-04,7.853828224893901226e-04,6.465105190621134833e-04,4.930685373365800055e-04,3.279148159516175292e-04,1.541100508532595916e-04,0.000000000000000000e+00,0.000000000000000000e+00,0.000000000000000000e+00,0.000000000000000000e+00,0.000000000000000000e+00,0.000000000000000000e+00,0.000000000000000000e+00,0.000000000000000000e+00,0.000000000000000000e+00,0.000000000000000000e+00,0.000000000000000000e+00,3.569008061401001504e-04,8.700788527222290229e-04,1.319496964027024304e-03,1.669391868422959299e-03,1.896226759326134726e-03,1.997707372127234451e-03,1.994653101060848803e-03,1.925057657362802413e-03,1.832867165511771999e-03,1.755780095992736734e-03,1.716159567981197318e-03,1.717315906795617618e-03,1.745152448249647067e-03,1.773505272772319579e-03,1.770991524221927557e-03,1.707622096860790658e-03,1.560220389962233261e-03,1.316280212335023013e-03,9.760832234245997701e-04,5.528592693004655539e-04,7.081830865870494395e-05,0.000000000000000000e+00,0.000000000000000000e+00,0.000000000000000000e+00,0.000000000000000000e+00,0.000000000000000000e+00,0.000000000000000000e+00,0.000000000000000000e+00,0.000000000000000000e+00,0.000000000000000000e+00,0.000000000000000000e+00,0.000000000000000000e+00,0.000000000000000000e+00,0.000000000000000000e+00,0.000000000000000000e+00,0.000000000000000000e+00,0.000000000000000000e+00,0.000000000000000000e+00,0.000000000000000000e+00,0.000000000000000000e+00,2.635772161630509200e-04,9.843796177502748320e-04,1.403241453123287323e-03,1.446465546454697758e-03,1.100568432790561537e-03,4.211712723649216014e-04,0.000000000000000000e+00,0.000000000000000000e+00,0.000000000000000000e+00,0.000000000000000000e+00,0.000000000000000000e+00,0.000000000000000000e+00,0.000000000000000000e+00,0.000000000000000000e+00,0.000000000000000000e+00,0.000000000000000000e+00,0.000000000000000000e+00,5.552179292906120117e-04,1.245152517913523287e-03,1.723949316704129729e-03,1.946248965086668382e-03,1.899232433160065372e-03,1.603301464714921394e-03,1.106383484990670300e-03,1.238403818019027198e-03,1.784427127736728635e-03,2.269573524639532328e-03,2.642399126799779147e-03,2.849290378309283622e-03,2.856118638666241358e-03,2.663949955993948591e-03,2.314311913910470191e-03,1.882805243937455504e-03,1.463050547507861992e-03,1.145423048227384557e-03,9.962428702323105224e-04,1.042888869977489415e-03,1.268716132322618602e-03,1.619036481371285844e-03,2.016486832125062491e-03,2.381654296705231107e-03,2.653522949130643609e-03,4.614074170481361793e-03,0.000000000000000000e+00,0.000000000000000000e+00,0.000000000000000000e+00,0.000000000000000000e+00,0.000000000000000000e+00,0.000000000000000000e+00,0.000000000000000000e+00,0.000000000000000000e+00,0.000000000000000000e+00,0.000000000000000000e+00,0.000000000000000000e+00,0.000000000000000000e+00,0.000000000000000000e+00,0.000000000000000000e+00,0.000000000000000000e+00,0.000000000000000000e+00,0.000000000000000000e+00,0.000000000000000000e+00,0.000000000000000000e+00,0.000000000000000000e+00,0.000000000000000000e+00,0.000000000000000000e+00,0.000000000000000000e+00,0.000000000000000000e+00,0.000000000000000000e+00,3.540828294063505955e-03,7.400665519309279454e-03,1.237735235543073985e-03,0.000000000000000000e+00,0.000000000000000000e+00,0.000000000000000000e+00,0.000000000000000000e+00,0.000000000000000000e+00,0.000000000000000000e+00,0.000000000000000000e+00,0.000000000000000000e+00,6.475676144663587513e-05,3.736055908998493942e-03,0.000000000000000000e+00,0.000000000000000000e+00,0.000000000000000000e+00,0.000000000000000000e+00,1.082704053918480392e-04,0.000000000000000000e+00,0.000000000000000000e+00,0.000000000000000000e+00,0.000000000000000000e+00,8.425241784117226641e-04,7.286876462535936058e-05,1.049571650300637786e-03,2.013916971207119211e-03,2.885606387915082196e-03,3.588915718086661127e-03,0.000000000000000000e+00,0.000000000000000000e+00,0.000000000000000000e+00,0.000000000000000000e+00,0.000000000000000000e+00,0.000000000000000000e+00,4.480724668229212906e-04,1.884669651719938057e-03,0.000000000000000000e+00,0.000000000000000000e+00,0.000000000000000000e+00,0.000000000000000000e+00,0.000000000000000000e+00,0.000000000000000000e+00,0.000000000000000000e+00,0.000000000000000000e+00,0.000000000000000000e+00,0.000000000000000000e+00,0.000000000000000000e+00,0.000000000000000000e+00,0.000000000000000000e+00,0.000000000000000000e+00,0.000000000000000000e+00,2.825074213513947851e-04,1.322256980102939081e-03,2.125642895370247198e-03,2.672777118118569925e-03,2.967772364478388474e-03,3.032997380221328764e-03,2.903676678569315321e-03,2.624223356190119680e-03,2.266999090324660956e-03,2.274907059167765797e-03,2.276555926650573533e-03,2.272318695386671590e-03,2.262526171034524598e-03,2.247457251190060953e-03,2.227335285867591309e-03,2.202327022350927550e-03,2.172543026246464507e-03,2.138041381105844178e-03,2.098833877068453490e-03,6.623145316808915894e-04,7.486726463656077695e-04,1.062024527276380281e-03,1.320700571823858402e-03,1.492522176803452987e-03,1.568487779042991928e-03,1.565233205369570384e-03,1.519010070074454377e-03,1.473396333684051825e-03,1.465058487794416607e-03,5.682626978070284433e-05,0.000000000000000000e+00,0.000000000000000000e+00,0.000000000000000000e+00,0.000000000000000000e+00,7.129430946737082254e-05,2.925961147600114999e-04,5.706755637074426837e-04,0.000000000000000000e+00,0.000000000000000000e+00,7.509724035869826597e-04,1.565068782452437015e-03,2.350167503389152639e-03,3.015297372468427745e-03,3.464436717801046891e-03,3.612625282229237327e-03,3.405147349920778412e-03,2.834530799129636198e-03,1.949304603415354369e-03,8.502228607913924624e-04,0.000000000000000000e+00,0.000000000000000000e+00,0.000000000000000000e+00,0.000000000000000000e+00,0.000000000000000000e+00,0.000000000000000000e+00,0.000000000000000000e+00,0.000000000000000000e+00,0.000000000000000000e+00,5.890779496151757983e-04,0.000000000000000000e+00,0.000000000000000000e+00,0.000000000000000000e+00,0.000000000000000000e+00,0.000000000000000000e+00,0.000000000000000000e+00,0.000000000000000000e+00,0.000000000000000000e+00,1.985304418952249864e-04,0.000000000000000000e+00
1.371835054930927629e-07,6.870968988267829635e-04,0.000000000000000000e+00,0.000000000000000000e+00,0.000000000000000000e+00,0.000000000000000000e+00,0.000000000000000000e+00,0.000000000000000000e+00,0.000000000000000000e+00,0.000000000000000000e+00,0.000000000000000000e+00,0.000000000000000000e+00,0.000000000000000000e+00,0.000000000000000000e+00,0.000000000000000000e+00,0.000000000000000000e+00,0.000000000000000000e+00,4.712866278805286709e-04,9.996466499353313332e-04,1.315314014645012569e-03,1.396919179668464290e-03,1.265372096641366418e-03,9.782150452478143368e-04,6.133151625016733778e-04,8.796034745941870439e-04,2.135626123196175327e-03,0.000000000000000000e+00,0.000000000000000000e+00,0.000000000000000000e+00,0.000000000000000000e+00,0.000000000000000000e+00,0.000000000000000000e+00,0.000000000000000000e+00,0.000000000000000000e+00,0.000000000000000000e+00,0.000000000000000000e+00,0.000000000000000000e+00,6.544370615481248416e-05,2.466406464039322898e-04,4.391903595343214783e-04,4.270785916139209991e-04,2.426249826433607372e-04,0.000000000000000000e+00,0.000000000000000000e+00,0.000000000000000000e+00,0.000000000000000000e+00,0.000000000000000000e+00,0.000000000000000000e+00,0.000000000000000000e+00,0.000000000000000000e+00,1.479861247035042934e-04,3.346549823325602776e-04,3.880923356574485965e-04,2.951440637771055096e-04,7.246546132049670058e-05,0.000000000000000000e+00,0.000000000000000000e+00,0.000000000000000000e+00,0.000000000000000000e+00,0.000000000000000000e+00,0.000000000000000000e+00,0.000000000000000000e+00,0.000000000000000000e+00,0.000000000000000000e+00,0.000000000000000000e+00,1.022808677645069151e-04,7.584310294152337610e-04,1.466995951813652652e-03,2.183552140598571476e-03,2.857110170163663053e-03,3.434592338407563891e-03,3.867503964153312310e-03,4.119972050359750615e-03,4.176167963915548668e-03,4.044383065687610218e-03,3.755433887057942587e-03,3.354785102296076876e-03,2.890347247796158300e-03,2.400141963421979947e-03,1.904707791465465056e-03,1.407551373061029492e-03,9.035701951861413624e-04,8.832717983231634694e-04,9.308199378480204282e-04,9.365022339373964451e-04,9.215841682483004145e-04,8.940418134025032715e-04,8.457586473677961448e-04,7.555060843422690357e-04,5.970201030783076892e-04,3.498162820723611549e-04,9.413390946270622293e-06,0.000000000000000000e+00,0.000000000000000000e+00,0.000000000000000000e+00,0.000000000000000000e+00,0.000000000000000000e+00,0.000000000000000000e+00,0.000000000000000000e+00,0.000000000000000000e+00,0.000000000000000000e+00,0.000000000000000000e+00,0.000000000000000000e+00,0.000000000000000000e+00,0.000000000000000000e+00,0.000000000000000000e+00,0.000000000000000000e+00,0.000000000000000000e+00,0.000000000000000000e+00,0.000000000000000000e+00,0.000000000000000000e+00,0.000000000000000000e+00,0.000000000000000000e+00,0.000000000000000000e+00,0.000000000000000000e+00,0.000000000000000000e+00,0.000000000000000000e+00,0.000000000000000000e+00,5.060961492546040517e-04,1.306713008518717344e-03,2.059439485601411227e-03,2.696876451357460049e-03,3.164569457777593499e-03,3.431633527608412594e-03,3.496082886557276559e-03,3.384202940157314196e-03,3.144621238108625486e-03,2.838305651775739017e-03,2.526049108800012231e-03,2.255513743258086377e-03,2.050573431047332789e-03,1.905896841591112143e-03,1.788834752811041800e-03,1.648672023331149627e-03,1.430891511591088827e-03,1.092409329153759719e-03,6.136491083539796169e-04,4.754179581618183796e-06,0.000000000000000000e+00,0.000000000000000000e+00,0.000000000000000000e+00,0.000000000000000000e+00,0.000000000000000000e+00,0.000000000000000000e+00,0.000000000000000000e+00,0.000000000000000000e+00,0.000000000000000000e+00,0.000000000000000000e+00,0.000000000000000000e+00,6.410826955890224291e-04,1.203834870635273925e-03,1.589392020357774946e-03,1.813552960709891157e-03,0.000000000000000000e+00,0.000000000000000000e+00,0.000000000000000000e+00,0.000000000000000000e+00,0.000000000000000000e+00,0.000000000000000000e+00,0.000000000000000000e+00,0.000000000000000000e+00,0.000000000000000000e+00,0.000000000000000000e+00,0.000000000000000000e+00,0.000000000000000000e+00,7.938446386523127134e-04,0.000000000000000000e+00,2.993615088510233248e-04,9.285580350467223694e-04,1.570729003365768693e-03,2.190104205983827660e-03,2.753384513146056676e-03,3.233273722218900185e-03,3.609152938771908754e-03,3.865307651936039125e-03,3.988912058989115515e-03,3.970442324075154107e-03,3.807809601579152485e-03,3.512950850156243074e-03,3.117420872356470134e-03,2.673123302320185718e-03,2.246096688499152599e-03,1.904360717686891594e-03,1.703569950202194535e-03,1.675211419357423587e-03,1.820952894785967790e-03,2.114199001192345901e-03,2.507336858862480467e-03,2.941674599920849134e-03,3.357116833464388050e-03,3.699767218642720321e-03,3.927022050275423212e-03,4.010641119456617894e-03,3.938463120830651594e-03,3.715112920268216681e-03,3.361638881980753314e-03,2.913848554391475568e-03,2.419212356638660889e-03,1.932451715747874124e-03,1.510114619864639119e-03,1.204525503637122585e-03,0.000000000000000000e+00,0.000000000000000000e+00,0.000000000000000000e+00,0.000000000000000000e+00,0.000000000000000000e+00,0.000000000000000000e+00,0.000000000000000000e+00,0.000000000000000000e+00,0.000000000000000000e+00,0.000000000000000000e+00,0.000000000000000000e+00,0.000000000000000000e+00,0.000000000000000000e+00,0.000000000000000000e+00,0.000000000000000000e+00,0.000000000000000000e+00,0.000000000000000000e+00,0.000000000000000000e+00,0.000000000000000000e+00,0.000000000000000000e+00,0.000000000000000000e+00,0.000000000000000000e+00,0.000000000000000000e+00,0.000000000000000000e+00,0.000000000000000000e+00,0.000000000000000000e+00,0.000000000000000000e+00,0.000000000000000000e+00,0.000000000000000000e+00,0.000000000000000000e+00,0.000000000000000000e+00,0.000000000000000000e+00,0.000000000000000000e+00,0.000000000000000000e+00,0.000000000000000000e+00,0.000000000000000000e+00,0.000000000000000000e+00,0.000000000000000000e+00,5.657743764329782208e-04,1.017474460842035956e-03,1.282156252838903684e-03,1.408586796680981034e-03,1.451276874842755788e-03,1.452401158324562961e-03,1.431983783338006827e-03,1.627981106863943392e-03,1.721188206499342380e-03,1.572999917378619522e-03,1.236971477502314285e-03,9.300492834800775863e-04,8.639019383075797814e-04,9.215553711926758890e-04,1.152918574962810607e-03,1.582744435250370979e-03,2.200674392655662878e-03,1.300579460652276798e-03,1.323772467775775983e-03,1.372674411190330859e-03,1.476264737837847812e-03,1.695758479709824499e-03,2.267658660411519882e-04,3.865714832090955621e-04,5.260482757037509421e-04,6.444770238102173233e-04,7.415122338769559399e-04,8.171872235507575844e-04,8.719060807725996379e-04,9.064354445574243245e-04,9.218869918844194503e-04,9.196940669607931189e-04,9.015852678398569506e-04,8.695514191727410965e-04,8.258107072949540063e-04,7.727687076378368485e-04,7.129747974049042676e-04,6.490784232517840795e-04,5.837814581226247017e-04,0.000000000000000000e+00,0.000000000000000000e+00,0.000000000000000000e+00,0.000000000000000000e+00,0.000000000000000000e+00,0.000000000000000000e+00,1.582860598416806783e-04,0.000000000000000000e+00,0.000000000000000000e+00,0.000000000000000000e+00,0.000000000000000000e+00,0.000000000000000000e+00,0.000000000000000000e+00,0.000000000000000000e+00,0.000000000000000000e+00,0.000000000000000000e+00,0.000000000000000000e+00,0.000000000000000000e+00,0.000000000000000000e+00,0.000000000000000000e+00,0.000000000000000000e+00,0.000000000000000000e+00,0.000000000000000000e+00,0.000000000000000000e+00,0.000000000000000000e+00,0.000000000000000000e+00,0.000000000000000000e+00,0.000000000000000000e+00,1.191858443835217804e-04,5.691252518581563702e-04,1.031625816708308177e-03,1.506669658873538388e-03,1.981352910230665607e-03,2.431549998024383485e-03,2.825657179903125898e-03,3.134993734024429761e-03,2.748982991834628825e-03,2.655266671774781945e-03,2.548231593967954008e-03,2.429614861960763261e-03,2.301173408030909515e-03,2.164637906376471778e-03,2.021665397220815015e-03,1.873803937485773747e-03,1.722462112246596257e-03,1.568886514163887703e-03,1.844518313205831348e-03,2.339335986227069307e-03,2.785446648516139677e-03,3.109674483104959888e-03,3.241348750301582381e-03,3.134921757417005565e-03,2.787816670875679480e-03,2.246317171823554795e-03,1.596688149917707559e-03,9.442719122589410220e-04,0.000000000000000000e+00,0.000000000000000000e+00,0.000000000000000000e+00,0.000000000000000000e+00,0.000000000000000000e+00,0.000000000000000000e+00,0.000000000000000000e+00,0.000000000000000000e+00,4.675850363317973963e-04,0.000000000000000000e+00,0.000000000000000000e+00,0.000000000000000000e+00,0.000000000000000000e+00,0.000000000000000000e+00,0.000000000000000000e+00,0.000000000000000000e+00,0.000000000000000000e+00,0.000000000000000000e+00,0.000000000000000000e+00,0.000000000000000000e+00,0.000000000000000000e+00,0.000000000000000000e+00,0.000000000000000000e+00,0.000000000000000000e+00,0.000000000000000000e+00,0.000000000000000000e+00,0.000000000000000000e+00,0.000000000000000000e+00,0.000000000000000000e+00,0.000000000000000000e+00,0.000000000000000000e+00,0.000000000000000000e+00,0.000000000000000000e+00,2.990464964259700160e-04,9.155701484462080075e-04,7.493809386934789051e-06,1.687224107221524166e-04,3.384579135721084951e-04,4.528133386196653916e-04,4.501192891909492006e-04,2.916816357436860627e-04,0.000000000000000000e+00,0.000000000000000000e+00,0.000000000000000000e+00,0.000000000000000000e+00,0.000000000000000000e+00,0.000000000000000000e+00,0.000000000000000000e+00,0.000000000000000000e+00,0.000000000000000000e+00,3.538311862454297037e-04,1.170774126669846347e-03,1.869240891480025311e-03,2.549533369829526039e-03,3.152708312094637619e-03,3.613395635896022185e-03,3.874872010942197360e-03,3.902957544061089884e-03,3.694465294972051200e-03,3.278106278092783859e-03,2.708098245818313116e-03,2.052490118106334738e-03,1.379138702386661875e-03,7.426200797055134990e-04,1.752405773373997937e-04,0.000000000000000000e+00
9.416108747200798804e-08,2.928002885081578094e-04,7.260154905982526630e-04,1.289733347088819863e-03,1.958513214256067583e-03,0.000000000000000000e+00,0.000000000000000000e+00,0.000000000000000000e+00,0.000000000000000000e+00,0.000000000000000000e+00,0.000000000000000000e+00,0.000000000000000000e+00,0.000000000000000000e+00,0.000000000000000000e+00,0.000000000000000000e+00,0.000000000000000000e+00,0.000000000000000000e+00,3.711230714974587280e-04,1.319021361823924854e-03,3.754994573991390222e-03,1.133533811374650563e-03,1.330316869817035463e-03,1.526728145192290031e-03,1.689709814699342019e-03,1.786696902001406019e-03,1.798272225159206232e-03,1.729518853808968172e-03,1.615168547517279720e-03,1.514592098599246974e-03,1.496035370500081512e-03,1.614174905283736333e-03,0.000000000000000000e+00,0.000000000000000000e+00,0.000000000000000000e+00,0.000000000000000000e+00,0.000000000000000000e+00,0.000000000000000000e+00,0.000000000000000000e+00,0.000000000000000000e+00,0.000000000000000000e+00,0.000000000000000000e+00,0.000000000000000000e+00,0.000000000000000000e+00,0.000000000000000000e+00,0.000000000000000000e+00,0.000000000000000000e+00,0.000000000000000000e+00,0.000000000000000000e+00,0.000000000000000000e+00,0.000000000000000000e+00,0.000000000000000000e+00,0.000000000000000000e+00,0.000000000000000000e+00,0.000000000000000000e+00,0.000000000000000000e+00,2.298326916598004695e-04,1.274811009398477048e-03,2.151971276714693179e-03,2.740545736196984931e-03,2.976683240118698729e-03,2.865962443418995642e-03,2.474922415665618304e-03,1.905626122430754011e-03,1.263268546006307775e-03,6.287731918071130582e-04,4.554352359846090164e-05,0.000000000000000000e+00,0.000000000000000000e+00,0.000000000000000000e+00,0.000000000000000000e+00,0.000000000000000000e+00,0.000000000000000000e+00,3.338213547076037714e-04,8.270745200969205173e-04,1.288037072265277218e-03,1.712143978938677688e-03,2.083717534762774548e-03,7.088765554747304427e-04,4.697787014739050727e-04,4.557257498452341681e-04,6.864165144522508958e-04,1.136371854132889802e-03,8.505799188068211697e-04,6.412447031424922715e-04,4.220593760930964637e-04,5.088380275507423502e-04,8.244754953595461030e-04,1.089932725642319073e-03,1.337436836784977904e-03,1.606923768459438562e-03,1.924993903501941508e-03,2.288058254897561324e-03,2.656340862543724469e-03,2.961456107350280472e-03,3.125267879927039368e-03,3.083614935173501718e-03,2.806903274576103956e-03,2.310911161927971160e-03,1.654812521391380454e-03,9.277094983341373875e-04,2.283342453074608809e-04,0.000000000000000000e+00,0.000000000000000000e+00,0.000000000000000000e+00,0.000000000000000000e+00,0.000000000000000000e+00,0.000000000000000000e+00,0.000000000000000000e+00,0.000000000000000000e+00,0.000000000000000000e+00,0.000000000000000000e+00,0.000000000000000000e+00,0.000000000000000000e+00,1.707097082144916442e-04,7.957587190585096006e-04,1.300541769968169411e-03,1.622234500798377119e-03,1.719904131106673659e-03,1.580959937274501988e-03,1.221976025045848910e-03,6.836990535960238468e-04,1.849315694918646582e-04,8.083198251173393054e-04,1.439590880218202936e-03,2.070847463357721342e-03,2.691345424566687298e-03,3.279610882497849180e-03,3.801178784724623498e-03,4.213290986377805566e-03,4.474875302577158327e-03,4.558053894933540746e-03,4.456953577197459576e-03,4.190695447264888678e-03,3.799545475113945241e-03,3.335470241536974117e-03,2.849988020730991924e-03,2.382860973654918942e-03,0.000000000000000000e+00,0.000000000000000000e+00,0.000000000000000000e+00,0.000000000000000000e+00,0.000000000000000000e+00,2.040299458554630224e-03,3.269389183674038368e-03,0.000000000000000000e+00,0.000000000000000000e+00,5.992849905556940594e-04,1.595692575721547810e-03,2.610513710417460605e-03,3.551106402893766580e-03,5.465927364777195194e-03,0.000000000000000000e+00,0.000000000000000000e+00,0.000000000000000000e+00,0.000000000000000000e+00,0.000000000000000000e+00,0.000000000000000000e+00,0.000000000000000000e+00,1.326601388767807016e-04,9.951241041769021394e-04,0.000000000000000000e+00,0.000000000000000000e+00,0.000000000000000000e+00,0.000000000000000000e+00,0.000000000000000000e+00,0.000000000000000000e+00,0.000000000000000000e+00,0.000000000000000000e+00,0.000000000000000000e+00,0.000000000000000000e+00,0.000000000000000000e+00,0.000000000000000000e+00,0.000000000000000000e+00,0.000000000000000000e+00,0.000000000000000000e+00,0.000000000000000000e+00,0.000000000000000000e+00,0.000000000000000000e+00,8.948587515582975870e-04,0.000000000000000000e+00,0.000000000000000000e+00,0.000000000000000000e+00,0.000000000000000000e+00,0.000000000000000000e+00,0.000000000000000000e+00,0.000000000000000000e+00,0.000000000000000000e+00,0.000000000000000000e+00,0.000000000000000000e+00,0.000000000000000000e+00,0.000000000000000000e+00,0.000000000000000000e+00,0.000000000000000000e+00,0.000000000000000000e+00,5.593958316128799790e-04,4.693539852228829218e-04,0.000000000000000000e+00,0.000000000000000000e+00,0.000000000000000000e+00,0.000000000000000000e+00,0.000000000000000000e+00,0.000000000000000000e+00,0.000000000000000000e+00,0.000000000000000000e+00,0.000000000000000000e+00,0.000000000000000000e+00,0.000000000000000000e+00,0.000000000000000000e+00,0.000000000000000000e+00,0.000000000000000000e+00,0.000000000000000000e+00,0.000000000000000000e+00,0.000000000000000000e+00,0.000000000000000000e+00,0.000000000000000000e+00,0.000000000000000000e+00,0.000000000000000000e+00,0.000000000000000000e+00,0.000000000000000000e+00,0.000000000000000000e+00,0.000000000000000000e+00,0.000000000000000000e+00,0.000000000000000000e+00,0.000000000000000000e+00,0.000000000000000000e+00,3.650465147057575625e-04,1.016942219809808439e-03,4.780183368375339262e-03,0.000000000000000000e+00,0.000000000000000000e+00,0.000000000000000000e+00,0.000000000000000000e+00,0.000000000000000000e+00,0.000000000000000000e+00,0.000000000000000000e+00,0.000000000000000000e+00,0.000000000000000000e+00,0.000000000000000000e+00,0.000000000000000000e+00,0.000000000000000000e+00,0.000000000000000000e+00,0.000000000000000000e+00,6.787808940840899972e-04,1.489770619272162483e-03,2.219981547187569338e-03,2.842785803785266661e-03,3.349987961913339796e-03,3.754631388618771739e-03,4.088547652592910801e-03,4.393636639080548273e-03,4.707998133521508650e-03,5.050730645741009946e-03,5.410963894692514924e-03,5.746186725104598242e-03,5.991829441448387993e-03,6.079558437802084180e-03,5.957971348927742009e-03,5.608275053496266684e-03,5.049702522584168310e-03,4.333742885316333067e-03,3.530515956146743073e-03,2.712793312469648048e-03,1.942559452788583272e-03,1.262563490884045184e-03,6.928376584421517886e-04,2.311247054443889173e-04,0.000000000000000000e+00,0.000000000000000000e+00,0.000000000000000000e+00,0.000000000000000000e+00,1.666502667285642557e-05,2.046529813874105102e-04,4.691064249071843660e-04,7.942121038327242975e-04,1.152496639207101995e-03,1.510006463987184546e-03,1.832142812700206539e-03,2.090302445656113620e-03,0.000000000000000000e+00,0.000000000000000000e+00,0.000000000000000000e+00,0.000000000000000000e+00,0.000000000000000000e+00,0.000000000000000000e+00,0.000000000000000000e+00,0.000000000000000000e+00,0.000000000000000000e+00,0.000000000000000000e+00,0.000000000000000000e+00,0.000000000000000000e+00,0.000000000000000000e+00,0.000000000000000000e+00,0.000000000000000000e+00,0.000000000000000000e+00,2.602654628520003548e-04,1.008986630003702763e-03,2.464252370144514540e-03,0.000000000000000000e+00,0.000000000000000000e+00,0.000000000000000000e+00,0.000000000000000000e+00,0.000000000000000000e+00,0.000000000000000000e+00,1.121913380499125904e-04,2.286401134483832896e-04,3.428803808221799940e-04,4.531364641528558323e-04,5.577128681839038128e-04,6.666853677067327696e-04,1.043128754488072867e-03,1.387094446894939848e-03,1.636474801292449668e-03,1.755503133522893751e-03,1.744882325203378015e-03,1.638374032556197705e-03,1.488283158380548660e-03,1.346391989597402888e-03,1.247942546314262206e-03,1.204063526954820282e-03,1.203886581880375846e-03,1.223578200137897479e-03,1.237347726353830134e-03,1.225808844866844343e-03,1.179225508826847518e-03,1.095829730722958258e-03,9.772924666409097717e-04,8.239769307521690490e-04,6.320317726347615293e-04,5.750004425534750848e-04,5.234874899881094374e-04,4.735364929140271277e-04,4.251103005328910273e-04,7.821727831448910912e-04,1.025002282289873019e-03,1.117528078060257704e-03,1.092657759291816187e-03,9.940453971797680657e-04,8.661890356069962575e-04,7.451912678587792934e-04,6.519503744984065600e-04,5.891306082214661311e-04,5.424217604288041972e-04,9.945533492766152426e-04,1.605816450989179739e-03,2.088657824530965913e-03,2.424518511145559545e-03,2.607011807900622927e-03,2.636843481218342777e-03,2.521098688719501831e-03,2.276479912514242643e-03,1.933256940861178197e-03,1.536044964534763555e-03,1.139201505577937647e-03,7.974830276480961416e-04,5.550039747823761133e-04,4.363665043146481909e-04,4.428901069277256086e-04,5.548544851020078498e-04,7.385307437429626618e-04,9.553078886766217317e-04,1.169865319615670486e-03,1.355087562344965343e-03,1.493049412910820535e-03,1.573265765903162196e-03,1.590728439209053262e-03,1.546247201599194746e-03,1.450067782237822673e-03,1.327193756918163079e-03,1.220674291529909306e-03,1.188648096953457897e-03,1.292913884751924637e-03,1.580583942354982447e-03,2.064331820945434874e-03,2.708778520482057420e-03,3.429409951408308923e-03,4.106263432369899186e-03,4.609178868648087721e-03,4.827113887977385262e-03,4.692776381149752450e-03,4.195973583834664185e-03,3.383343273202246877e-03,2.346420656413927656e-03,1.323795052673398635e-03,1.360709412266118473e-03,1.388427350053638223e-03,1.406321259871204507e-03,1.413765947658902292e-03,1.410169703323482316e-03,1.395009860774043845e-03,1.367870015402624035e-03,1.328475451772388564e-03,1.276731363543017871e-03,1.212750148473100637e-03,1.136878848656383252e-03,1.049714604573778829e-03,9.521130545583581396e-04,8.451881754846289705e-04,7.303000533263128997e-04,6.090354293522637699e-04,4.831778038278780650e-04
1.768068000534046518e-07,1.525655226076898035e-05,1.082596332127389109e-04,2.419503882259104843e-04,6.334833007256050145e-04,0.000000000000000000e+00,0.000000000000000000e+00,0.000000000000000000e+00,1.280195550265272831e-04,3.620267095063130149e-04,4.849226261515371850e-04,4.484804483024104008e-04,2.392865608148648290e-04,0.000000000000000000e+00,0.000000000000000000e+00,0.000000000000000000e+00,0.000000000000000000e+00,0.000000000000000000e+00,0.000000000000000000e+00,0.000000000000000000e+00,0.000000000000000000e+00,0.000000000000000000e+00,0.000000000000000000e+00,0.000000000000000000e+00,0.000000000000000000e+00,0.000000000000000000e+00,0.000000000000000000e+00,0.000000000000000000e+00,0.000000000000000000e+00,0.000000000000000000e+00,0.000000000000000000e+00,1.353197257848229578e-04,8.786322527448535424e-04,1.598653443970843606e-03,2.203367489343837932e-03,2.614133832940205345e-03,2.775933162494589792e-03,2.664292989700402757e-03,2.289298964156711875e-03,1.696518736591236297e-03,3.182880552001030299e-03,0.000000000000000000e+00,5.043918467938604848e-04,4.636850541912143284e-03,0.000000000000000000e+00,0.000000000000000000e+00,0.000000000000000000e+00,0.000000000000000000e+00,1.139660150382901249e-03,2.357945391735629358e-03,3.549083228621445311e-03,4.687177030223584756e-03,5.731148987743815704e-03,6.628685823108983362e-03,7.325873978402303727e-03,2.249946784057537275e-03,1.389899210032264579e-03,2.951746032680130079e-04,0.000000000000000000e+00,0.000000000000000000e+00,0.000000000000000000e+00,0.000000000000000000e+00,0.000000000000000000e+00,0.000000000000000000e+00,0.000000000000000000e+00,0.000000000000000000e+00,0.000000000000000000e+00,0.000000000000000000e+00,0.000000000000000000e+00,0.000000000000000000e+00,0.000000000000000000e+00,8.739435115489048705e-04,0.000000000000000000e+00,0.000000000000000000e+00,0.000000000000000000e+00,3.652636602745879370e-04,1.036357485589802863e-03,0.000000000000000000e+00,0.000000000000000000e+00,0.000000000000000000e+00,0.000000000000000000e+00,0.000000000000000000e+00,0.000000000000000000e+00,0.000000000000000000e+00,0.000000000000000000e+00,0.000000000000000000e+00,1.797329983274129723e-04,3.752110072820962275e-04,5.736844201232520288e-04,7.726395693527147003e-04,9.695145929057418519e-04,1.161752812274364794e-03,1.346844792239130888e-03,1.522375951212243160e-03,1.686064974883888165e-03,2.432152501140127585e-03,3.354747114213913872e-03,4.232401815507279980e-03,5.046815757978815632e-03,5.766756360602376570e-03,6.355643034534398141e-03,6.782623581931597305e-03,7.032768093856072225e-03,7.112349326248367312e-03,7.047353496388936156e-03,6.876234616643541950e-03,6.640042671021297201e-03,6.373527674342194423e-03,7.424570584179944130e-03,0.000000000000000000e+00,0.000000000000000000e+00,0.000000000000000000e+00,0.000000000000000000e+00,0.000000000000000000e+00,0.000000000000000000e+00,0.000000000000000000e+00,0.000000000000000000e+00,0.000000000000000000e+00,0.000000000000000000e+00,0.000000000000000000e+00,0.000000000000000000e+00,0.000000000000000000e+00,2.370954382163209702e-03,5.388494431555181097e-03,2.632129366828660092e-04,0.000000000000000000e+00,0.000000000000000000e+00,0.000000000000000000e+00,0.000000000000000000e+00,0.000000000000000000e+00,0.000000000000000000e+00,0.000000000000000000e+00,0.000000000000000000e+00,0.000000000000000000e+00,0.000000000000000000e+00,0.000000000000000000e+00,0.000000000000000000e+00,0.000000000000000000e+00,4.015643429788004503e-04,0.000000000000000000e+00,0.000000000000000000e+00,0.000000000000000000e+00,0.000000000000000000e+00,7.511654631367722956e-05,9.062501023699427553e-04,1.837032298616090567e-03,2.746926803367741917e-03,3.525062736762215286e-03,3.478587358597758257e-03,3.241256800561292256e-03,2.694214010133254809e-03,0.000000000000000000e+00,0.000000000000000000e+00,2.159641616173586234e-04,0.000000000000000000e+00,0.000000000000000000e+00,3.230654447521815516e-03,0.000000000000000000e+00,0.000000000000000000e+00,0.000000000000000000e+00,0.000000000000000000e+00,0.000000000000000000e+00,0.000000000000000000e+00,0.000000000000000000e+00,0.000000000000000000e+00,0.000000000000000000e+00,0.000000000000000000e+00,0.000000000000000000e+00,0.000000000000000000e+00,2.371728435097311509e-04,4.189611204381212678e-03,0.000000000000000000e+00,0.000000000000000000e+00,0.000000000000000000e+00,8.944091239737343084e-05,1.941127689627418441e-04,2.875371509628607916e-04,3.699083397440372750e-04,4.415235953810028890e-04,5.027733132954377484e-04,5.541330493979941063e-04,5.961529796358858331e-04,6.294489712433195020e-04,6.546938803581684460e-04,6.726057931018653794e-04,6.839422537275371278e-04,6.894879673648315974e-04,6.900482849253432652e-04,6.864402035216307218e-04,6.794842026891624934e-04,6.699963756760496901e-04,6.587819674274659294e-04,6.466281347721330184e-04,6.342996594842684709e-04,6.225319343237535174e-04,6.120268194383071377e-04,6.034510832405354155e-04,5.974306747452064626e-04,5.945508918735100540e-04,5.953527711912295298e-04,6.003345517187476214e-04,6.099491164487168098e-04,6.246052697687710974e-04,6.446664883553852214e-04,6.704514212816011518e-04,7.022345832806568865e-04,7.402453057230876316e-04,7.846666326738334059e-04,8.992570353020181307e-04,0.000000000000000000e+00,0.000000000000000000e+00,0.000000000000000000e+00,0.000000000000000000e+00,0.000000000000000000e+00,0.000000000000000000e+00,0.000000000000000000e+00,0.000000000000000000e+00,0.000000000000000000e+00,7.550345115104950067e-04,0.000000000000000000e+00,5.355853967303000765e-04,1.077554515559982391e-03,1.536603408149766906e-03,1.893702370139347052e-03,2.126967118491636648e-03,2.222056541322281736e-03,0.000000000000000000e+00,0.000000000000000000e+00,0.000000000000000000e+00,8.372409769390876241e-04,1.693385864174468472e-03,2.551964056953802233e-03,3.463640067049206933e-03,4.478467638051201148e-03,5.617585220573295332e-03,6.853895272413605168e-03,8.109697375042013850e-03,9.272674695069600681e-03,1.022473887132415576e-02,1.087401883016715122e-02,0.000000000000000000e+00,0.000000000000000000e+00,0.000000000000000000e+00,0.000000000000000000e+00,0.000000000000000000e+00,0.000000000000000000e+00,0.000000000000000000e+00,0.000000000000000000e+00,0.000000000000000000e+00,2.307619063737375740e-04,5.690944341295589310e-04,7.736576188010891144e-04,9.351103166593187311e-04,1.142492114981690562e-03,1.469163726175310098e-03,1.961663023194963953e-03,2.632780825636516983e-03,3.460219970345432532e-03,5.585089571287819681e-03,5.438283572236667258e-03,0.000000000000000000e+00,0.000000000000000000e+00,0.000000000000000000e+00,0.000000000000000000e+00,0.000000000000000000e+00,0.000000000000000000e+00,0.000000000000000000e+00,0.000000000000000000e+00,0.000000000000000000e+00,0.000000000000000000e+00,0.000000000000000000e+00,0.000000000000000000e+00,0.000000000000000000e+00,0.000000000000000000e+00,0.000000000000000000e+00,0.000000000000000000e+00,0.000000000000000000e+00,0.000000000000000000e+00,0.000000000000000000e+00,0.000000000000000000e+00,0.000000000000000000e+00,0.000000000000000000e+00,0.000000000000000000e+00,0.000000000000000000e+00,2.869768294389816749e-04,9.741291396793416713e-04,1.625275985025833279e-03,2.154259499891515717e-03,2.484083416817754134e-03,2.560214225950760598e-03,2.359660778897819909e-03,1.893698947821870334e-03,1.204018300941901232e-03,7.674194027303998973e-04,1.009447644169960334e-03,1.239889536965227369e-03,1.456756815633986806e-03,4.894355552203973926e-03,5.874898732987182161e-03,0.000000000000000000e+00,0.000000000000000000e+00,0.000000000000000000e+00,0.000000000000000000e+00,0.000000000000000000e+00,0.000000000000000000e+00,0.000000000000000000e+00,0.000000000000000000e+00,0.000000000000000000e+00,0.000000000000000000e+00,0.000000000000000000e+00,0.000000000000000000e+00,7.117085505899335869e-04,1.329051633096473180e-03,1.749385431722271867e-03,1.999284029473442394e-03,2.133355870835690858e-03,2.219036260438162975e-03,2.318899013483333073e-03,2.475846931693208124e-03,2.704909847027952684e-03,2.992830346641017682e-03,3.304394913011840171e-03,3.593146021195599282e-03,3.813632386341061099e-03,3.932407407698805014e-03,3.935283387418371179e-03,3.829114442382740464e-03,3.637821145024418539e-03,3.394326018641507202e-03,3.131839703053967451e-03,2.878402767869013557e-03,2.566585485595213045e-03,0.000000000000000000e+00,0.000000000000000000e+00,3.215657686710141164e-05,2.940362613439984459e-05,0.000000000000000000e+00,0.000000000000000000e+00,0.000000000000000000e+00,0.000000000000000000e+00,0.000000000000000000e+00,0.000000000000000000e+00,0.000000000000000000e+00,0.000000000000000000e+00,0.000000000000000000e+00,0.000000000000000000e+00,0.000000000000000000e+00,0.000000000000000000e+00,0.000000000000000000e+00,0.000000000000000000e+00,3.060085909244469632e-05,1.410361885583368956e-03,0.000000000000000000e+00,0.000000000000000000e+00,0.000000000000000000e+00,0.000000000000000000e+00,0.000000000000000000e+00,0.000000000000000000e+00,0.000000000000000000e+00,6.610179283756393480e-04,2.550979921053160484e-03,7.065473971992058955e-03,0.000000000000000000e+00,0.000000000000000000e+00,0.000000000000000000e+00,0.000000000000000000e+00,0.000000000000000000e+00,0.000000000000000000e+00,0.000000000000000000e+00,0.000000000000000000e+00,0.000000000000000000e+00,0.000000000000000000e+00,0.000000000000000000e+00,0.000000000000000000e+00,0.000000000000000000e+00,0.000000000000000000e+00,0.000000000000000000e+00,0.000000000000000000e+00,0.000000000000000000e+00,0.000000000000000000e+00,0.000000000000000000e+00,0.000000000000000000e+00,0.000000000000000000e+00,0.000000000000000000e+00,0.000000000000000000e+00,0.000000000000000000e+00,0.000000000000000000e+00,0.000000000000000000e+00,0.000000000000000000e+00,0.000000000000000000e+00,0.000000000000000000e+00,0.000000000000000000e+00,6.193778868015060643e-05,9.018236709001208875e-04,1.799702984434561892e-03,0.000000000000000000e+00,0.000000000000000000e+00,0.000000000000000000e+00,0.000000000000000000e+00,0.000000000000000000e+00
0.000000000000000000e+00,1.108777909175715642e-04,2.059828416331964927e-04,2.733646061487010094e-04,3.275805866315677629e-04,3.852296667183466089e-04,4.670467411022879772e-04,5.942545279188830940e-04,7.839288756485971767e-04,1.043827322442609281e-03,1.367755015325474843e-03,8.134358017246810487e-04,8.098116396665117241e-04,7.927159371147327526e-04,7.632454544959766220e-04,7.227720962095761110e-04,6.728858381885365015e-04,6.153411307304769429e-04,5.519981392670027113e-04,4.847601312959061003e-04,4.155168718730528643e-04,3.460875069155170715e-04,2.781705385712011469e-04,7.349940468576830884e-04,1.126196984583927941e-03,1.416418029658145531e-03,1.583128681239679520e-03,1.612206280201834317e-03,1.500029942885326185e-03,1.255102725378849995e-03,9.664542471801440288e-04,1.071917410623802460e-03,1.168088643280267664e-03,1.247986943125258203e-03,1.300449878134669326e-03,1.315864085653597635e-03,1.293007565286166932e-03,1.244128051086828071e-03,1.195496964708361474e-03,1.181999607802235609e-03,1.236577806899649299e-03,1.377695768098960265e-03,0.000000000000000000e+00,0.000000000000000000e+00,0.000000000000000000e+00,0.000000000000000000e+00,0.000000000000000000e+00,0.000000000000000000e+00,0.000000000000000000e+00,0.000000000000000000e+00,0.000000000000000000e+00,3.626886622446916664e-03,0.000000000000000000e+00,0.000000000000000000e+00,0.000000000000000000e+00,0.000000000000000000e+00,0.000000000000000000e+00,0.000000000000000000e+00,6.736411161073170084e-04,1.435613405367966488e-03,2.140143043096087629e-03,2.680875201906588769e-03,2.975070130848399188e-03,2.978468114001803831e-03,4.306332917305562627e-03,0.000000000000000000e+00,0.000000000000000000e+00,0.000000000000000000e+00,9.904635529540805478e-04,1.178473484169274962e-03,1.255143797415876833e-03,1.198149934102482128e-03,1.065420007708618765e-03,9.284176228093178563e-04,8.577095976359703448e-04,9.057084046866761742e-04,1.091575580002171302e-03,1.393743377181585683e-03,1.753576552879758214e-03,2.090000674178405654e-03,2.321017386419234590e-03,2.385639131821761134e-03,2.259906422524808438e-03,1.962956530062112768e-03,1.552363745723490951e-03,1.110678395878256317e-03,7.266795949632950339e-04,4.753784157804924341e-04,4.008709339671225557e-04,5.058921527420971558e-04,7.510656680707271902e-04,1.064864389504380790e-03,1.362368367192831348e-03,1.567894650470135019e-03,1.634878280203558038e-03,1.556974547787629524e-03,1.367182688382426355e-03,1.125740484120159833e-03,9.010923116662688951e-04,7.500841679484130265e-04,7.032198536845703446e-04,7.586781240641359610e-04,8.857850945230823312e-04,1.035808921391990958e-03,1.156202618424080879e-03,1.204102312455412535e-03,1.155816709434839915e-03,1.010604629054123694e-03,7.885605040885368617e-04,5.235360323734732698e-04,2.527520941918401680e-04,5.391710587845792840e-06,0.000000000000000000e+00,0.000000000000000000e+00,0.000000000000000000e+00,0.000000000000000000e+00,0.000000000000000000e+00,5.004508206449653475e-05,1.040224285205093477e-04,1.545854105849327773e-04,2.019711507551039380e-04,2.464738084356798194e-04,2.884304503068762073e-04,3.282043825989312867e-04,3.661708840354086511e-04,4.027025266116758778e-04,4.381563075934666318e-04,4.728633761202670547e-04,5.071184967866731921e-04,5.411738336265156267e-04,5.752327557232310212e-04,6.094445542180586001e-04,6.439030459720774136e-04,6.786418109006128350e-04,7.136321281568780818e-04,7.487813253967015668e-04,7.839289577681925886e-04,8.188454208854763303e-04,8.532268341685744989e-04,8.866951896361152489e-04,9.187937243793784176e-04,9.489878198239822329e-04,9.766670235152002770e-04,1.001147601073871423e-03,1.021679861932196136e-03,1.037460489250740213e-03,1.047646743442288367e-03,1.553063977563038474e-03,2.383635166833041573e-03,3.115891248475714369e-03,3.679851207328941384e-03,4.022871899533929027e-03,4.114201630711951906e-03,3.946389616907951606e-03,3.534633217859630642e-03,2.915312325502285046e-03,2.144264004175604199e-03,1.794177865069725153e-03,1.560371594817166075e-03,1.150136713131418888e-03,6.827974983684899921e-04,2.754371871123321514e-04,1.589696200560979737e-05,0.000000000000000000e+00,6.030307862673187682e-05,3.166131732949458702e-04,6.571891165383304985e-04,1.027773423331274603e-03,1.390062003924893465e-03,1.723250669456534651e-03,2.016356356004618978e-03,2.256771611865837808e-03,2.421731438125465045e-03,2.477454651716227453e-03,2.386812852538776428e-03,2.122308456242174950e-03,1.678787238163174673e-03,1.288464714634933277e-03,1.134874515480760416e-03,9.628270640194832664e-04,7.552818969135471298e-04,4.964995274346562437e-04,1.773162560194885490e-04,0.000000000000000000e+00,0.000000000000000000e+00,0.000000000000000000e+00,0.000000000000000000e+00,0.000000000000000000e+00,0.000000000000000000e+00,0.000000000000000000e+00,0.000000000000000000e+00,0.000000000000000000e+00,0.000000000000000000e+00,0.000000000000000000e+00,0.000000000000000000e+00,0.000000000000000000e+00,0.000000000000000000e+00,0.000000000000000000e+00,0.000000000000000000e+00,0.000000000000000000e+00,0.000000000000000000e+00,0.000000000000000000e+00,0.000000000000000000e+00,0.000000000000000000e+00,1.885608025394745296e-05,1.633132691366869762e-04,3.150327905611740079e-04,4.729185299537543431e-04,0.000000000000000000e+00,0.000000000000000000e+00,0.000000000000000000e+00,0.000000000000000000e+00,0.000000000000000000e+00,0.000000000000000000e+00,0.000000000000000000e+00,0.000000000000000000e+00,0.000000000000000000e+00,0.000000000000000000e+00,1.579862614136065969e-04,2.884063717460322350e-04,3.634101533650851089e-04,3.885286139044221072e-04,3.715567731796873122e-04,3.199051655000442729e-04,2.393652280770620748e-04,1.342657006793810282e-04,8.318603434847391062e-06,0.000000000000000000e+00,0.000000000000000000e+00,0.000000000000000000e+00,0.000000000000000000e+00,0.000000000000000000e+00,0.000000000000000000e+00,0.000000000000000000e+00,0.000000000000000000e+00,0.000000000000000000e+00,0.000000000000000000e+00,0.000000000000000000e+00,0.000000000000000000e+00,0.000000000000000000e+00,7.608371941229939315e-04,1.773860471345641921e-03,2.647308647216802847e-03,0.000000000000000000e+00,0.000000000000000000e+00,0.000000000000000000e+00,0.000000000000000000e+00,0.000000000000000000e+00,0.000000000000000000e+00,0.000000000000000000e+00,0.000000000000000000e+00,0.000000000000000000e+00,0.000000000000000000e+00,0.000000000000000000e+00,0.000000000000000000e+00,0.000000000000000000e+00,0.000000000000000000e+00,0.000000000000000000e+00,0.000000000000000000e+00,0.000000000000000000e+00,0.000000000000000000e+00,0.000000000000000000e+00,0.000000000000000000e+00,2.277197803720579683e-04,5.840430672327520450e-04,8.121045910825105355e-04,8.946097877988420976e-04,8.163460848741479862e-04,5.609139465737346657e-04,1.110419407504417358e-04,0.000000000000000000e+00,0.000000000000000000e+00,0.000000000000000000e+00,0.000000000000000000e+00,0.000000000000000000e+00,0.000000000000000000e+00,0.000000000000000000e+00,0.000000000000000000e+00,0.000000000000000000e+00,0.000000000000000000e+00,0.000000000000000000e+00,0.000000000000000000e+00,0.000000000000000000e+00,0.000000000000000000e+00,0.000000000000000000e+00,0.000000000000000000e+00,0.000000000000000000e+00,0.000000000000000000e+00,0.000000000000000000e+00,0.000000000000000000e+00,0.000000000000000000e+00,0.000000000000000000e+00,0.000000000000000000e+00,0.000000000000000000e+00,0.000000000000000000e+00,0.000000000000000000e+00,0.000000000000000000e+00,0.000000000000000000e+00,0.000000000000000000e+00,0.000000000000000000e+00,0.000000000000000000e+00,0.000000000000000000e+00,0.000000000000000000e+00,0.000000000000000000e+00,1.192335703992748524e-04,4.553200523218048725e-04,6.480365281056856474e-04,0.000000000000000000e+00,3.385414163778759002e-05,7.542076892689576761e-04,1.241373633040918339e-03,1.447437375835971271e-03,1.365194000117453703e-03,1.033711308456100597e-03,5.340938262798477359e-04,2.085888548314847617e-04,0.000000000000000000e+00,0.000000000000000000e+00,0.000000000000000000e+00,0.000000000000000000e+00,0.000000000000000000e+00,8.481166780821616780e-05,7.724507417970925480e-04,1.517539405549796694e-03,2.260251084570414487e-03,2.953881162682888209e-03,3.564733793035439451e-03,4.068868834367436044e-03,4.448816443634101211e-03,4.692771997211972815e-03,4.796969548297360525e-03,4.769699484412377906e-03,4.634006045870184796e-03,4.426295219424368661e-03,4.189960894490466457e-03,3.965823874699241254e-03,3.783194781000854406e-03,3.655507519783969886e-03,3.582434733437396112e-03,3.557101921641131481e-03,3.574200774933854532e-03,3.634107053318555436e-03,3.740131701911646699e-03,3.889878001754107535e-03,4.065245638529155214e-03,4.226951904586591889e-03,4.317627008976757802e-03,4.273509326983341433e-03,4.040674884697652985e-03,3.589650410875838780e-03,2.923126380839835645e-03,2.074608970203165557e-03,1.099511481320324157e-03,6.267139140481488714e-05,0.000000000000000000e+00,0.000000000000000000e+00,0.000000000000000000e+00,0.000000000000000000e+00,0.000000000000000000e+00,0.000000000000000000e+00,0.000000000000000000e+00,0.000000000000000000e+00,0.000000000000000000e+00,0.000000000000000000e+00,0.000000000000000000e+00,0.000000000000000000e+00,0.000000000000000000e+00,0.000000000000000000e+00,0.000000000000000000e+00,0.000000000000000000e+00,0.000000000000000000e+00,0.000000000000000000e+00,0.000000000000000000e+00,0.000000000000000000e+00,0.000000000000000000e+00,4.496412872886204105e-05,7.051917151459258541e-04,1.192854282251269585e-03,1.456124770232783416e-03,1.462311146827011046e-03,1.209827044986551718e-03,7.329655499792681007e-04,9.765940397706009103e-05,0.000000000000000000e+00,0.000000000000000000e+00,0.000000000000000000e+00,0.000000000000000000e+00,0.000000000000000000e+00,0.000000000000000000e+00,0.000000000000000000e+00,0.000000000000000000e+00,0.000000000000000000e+00,0.000000000000000000e+00,0.000000000000000000e+00,0.000000000000000000e+00,3.573797369114394842e-04,6.569586544782876668e-04,8.039121101960201117e-04,7.880434174474804359e-04,6.193986694319706396e-04
2.062355272544492394e-08,2.901855418263691862e-04,1.909670145117711281e-04,0.000000000000000000e+00,0.000000000000000000e+00,8.313737879677446526e-05,3.433147501087183574e-04,7.009654835380934711e-04,1.133910181100438591e-03,1.603623030435463162e-03,2.059930406965529599e-03,2.448888218268256527e-03,2.722407946783285491e-03,2.847601642595517981e-03,2.813734866198484928e-03,2.635133449048995043e-03,2.349197209118725291e-03,2.009631401746219195e-03,1.675927304816652837e-03,1.400966539633360583e-03,1.686348870916174305e-03,2.546153352379209363e-03,3.367094292445532797e-03,4.134088919175090381e-03,4.840683107168860730e-03,4.277790282799404618e-03,4.947658075340245938e-03,5.618540823669180596e-03,6.252931778577848661e-03,6.796067808052450726e-03,7.192168973262320214e-03,7.399620613388450258e-03,0.000000000000000000e+00,0.000000000000000000e+00,0.000000000000000000e+00,0.000000000000000000e+00,0.000000000000000000e+00,0.000000000000000000e+00,0.000000000000000000e+00,0.000000000000000000e+00,0.000000000000000000e+00,0.000000000000000000e+00,1.630393383747773847e-04,9.471884394547200759e-04,1.608177553391795193e-03,1.990657422022876124e-03,2.057345041172808572e-03,1.813490824463077303e-03,1.309413238827007372e-03,6.321620180816012353e-04,0.000000000000000000e+00,0.000000000000000000e+00,0.000000000000000000e+00,0.000000000000000000e+00,0.000000000000000000e+00,0.000000000000000000e+00,0.000000000000000000e+00,0.000000000000000000e+00,0.000000000000000000e+00,0.000000000000000000e+00,0.000000000000000000e+00,0.000000000000000000e+00,0.000000000000000000e+00,0.000000000000000000e+00,0.000000000000000000e+00,0.000000000000000000e+00,0.000000000000000000e+00,0.000000000000000000e+00,0.000000000000000000e+00,0.000000000000000000e+00,0.000000000000000000e+00,0.000000000000000000e+00,0.000000000000000000e+00,0.000000000000000000e+00,0.000000000000000000e+00,0.000000000000000000e+00,0.000000000000000000e+00,0.000000000000000000e+00,0.000000000000000000e+00,6.136982103892407291e-04,7.498907609286912775e-04,0.000000000000000000e+00,0.000000000000000000e+00,0.000000000000000000e+00,1.107696603698773887e-04,3.078917831905844042e-04,4.445692260459622406e-04,5.142461682976073997e-04,5.162427827589440152e-04,4.513557330585919280e-04,3.200283991739418183e-04,1.231521297689565830e-04,0.000000000000000000e+00,0.000000000000000000e+00,0.000000000000000000e+00,0.000000000000000000e+00,0.000000000000000000e+00,0.000000000000000000e+00,0.000000000000000000e+00,0.000000000000000000e+00,0.000000000000000000e+00,0.000000000000000000e+00,0.000000000000000000e+00,0.000000000000000000e+00,0.000000000000000000e+00,0.000000000000000000e+00,0.000000000000000000e+00,0.000000000000000000e+00,0.000000000000000000e+00,0.000000000000000000e+00,0.000000000000000000e+00,0.000000000000000000e+00,0.000000000000000000e+00,0.000000000000000000e+00,0.000000000000000000e+00,0.000000000000000000e+00,0.000000000000000000e+00,0.000000000000000000e+00,0.000000000000000000e+00,0.000000000000000000e+00,0.000000000000000000e+00,0.000000000000000000e+00,0.000000000000000000e+00,0.000000000000000000e+00,1.106125183111037087e-03,2.469356224970844713e-03,3.528113774367303175e-03,4.227408726426571881e-03,4.550688834522725011e-03,5.774122232979995994e-03,0.000000000000000000e+00,0.000000000000000000e+00,0.000000000000000000e+00,0.000000000000000000e+00,0.000000000000000000e+00,1.302647246813971697e-03,0.000000000000000000e+00,0.000000000000000000e+00,3.369362805301429585e-03,0.000000000000000000e+00,0.000000000000000000e+00,0.000000000000000000e+00,0.000000000000000000e+00,6.730074818871616463e-05,2.132024687792940653e-04,3.604893415825221117e-04,5.090087534370764302e-04,6.585126460461992711e-04,2.241492463679580285e-03,9.589507140584719366e-04,1.108846093944390815e-03,4.062862310618386465e-03,1.404579623892017676e-03,1.548759151537342383e-03,1.689242896397974382e-03,1.825029489041342943e-03,2.416241694967927352e-03,3.487269737289817179e-03,4.669716301898805405e-03,5.910570925250506827e-03,7.127239293649644154e-03,0.000000000000000000e+00,0.000000000000000000e+00,0.000000000000000000e+00,0.000000000000000000e+00,0.000000000000000000e+00,0.000000000000000000e+00,0.000000000000000000e+00,0.000000000000000000e+00,0.000000000000000000e+00,1.667828119247885543e-03,6.456341904512318333e-03,2.709326096397298746e-03,0.000000000000000000e+00,0.000000000000000000e+00,0.000000000000000000e+00,0.000000000000000000e+00,0.000000000000000000e+00,0.000000000000000000e+00,0.000000000000000000e+00,0.000000000000000000e+00,0.000000000000000000e+00,0.000000000000000000e+00,0.000000000000000000e+00,0.000000000000000000e+00,0.000000000000000000e+00,0.000000000000000000e+00,0.000000000000000000e+00,0.000000000000000000e+00,0.000000000000000000e+00,0.000000000000000000e+00,0.000000000000000000e+00,0.000000000000000000e+00,0.000000000000000000e+00,0.000000000000000000e+00,0.000000000000000000e+00,0.000000000000000000e+00,5.657540795063727493e-04,1.352617184520451188e-03,2.147804016853900773e-03,2.886978212218970375e-03,3.488191931368518628e-03,3.870749646589562859e-03,0.000000000000000000e+00,0.000000000000000000e+00,0.000000000000000000e+00,0.000000000000000000e+00,0.000000000000000000e+00,0.000000000000000000e+00,1.595809177584255360e-03,3.994766650041272401e-04,1.174327667621678881e-04,1.265819981830816686e-05,9.199318055744765360e-05,2.835894088698418447e-04,8.083744430816882515e-04,9.202186053650147262e-04,9.689517879005267367e-04,1.136123383104427906e-03,0.000000000000000000e+00,0.000000000000000000e+00,0.000000000000000000e+00,0.000000000000000000e+00,3.085169728768839782e-04,0.000000000000000000e+00,0.000000000000000000e+00,0.000000000000000000e+00,0.000000000000000000e+00,0.000000000000000000e+00,0.000000000000000000e+00,0.000000000000000000e+00,0.000000000000000000e+00,0.000000000000000000e+00,0.000000000000000000e+00,5.686629641767800263e-04,1.182283716405247743e-03,1.780587613578444922e-03,2.308778945573954251e-03,2.710302202417106451e-03,2.939691638838907474e-03,2.974773745511511899e-03,2.824784782754298767e-03,2.532034357118998283e-03,2.166138503812652365e-03,1.811515862528452177e-03,1.550618890555093780e-03,1.446819955048650203e-03,1.531376745564118130e-03,1.797953147846192024e-03,2.205990084147472965e-03,0.000000000000000000e+00,0.000000000000000000e+00,0.000000000000000000e+00,0.000000000000000000e+00,0.000000000000000000e+00,0.000000000000000000e+00,0.000000000000000000e+00,0.000000000000000000e+00,0.000000000000000000e+00,0.000000000000000000e+00,0.000000000000000000e+00,0.000000000000000000e+00,0.000000000000000000e+00,0.000000000000000000e+00,0.000000000000000000e+00,0.000000000000000000e+00,0.000000000000000000e+00,0.000000000000000000e+00,0.000000000000000000e+00,1.773132547220222441e-04,1.535831754202708404e-03,0.000000000000000000e+00,0.000000000000000000e+00,0.000000000000000000e+00,0.000000000000000000e+00,0.000000000000000000e+00,0.000000000000000000e+00,0.000000000000000000e+00,0.000000000000000000e+00,0.000000000000000000e+00,0.000000000000000000e+00,0.000000000000000000e+00,0.000000000000000000e+00,0.000000000000000000e+00,0.000000000000000000e+00,0.000000000000000000e+00,0.000000000000000000e+00,0.000000000000000000e+00,0.000000000000000000e+00,0.000000000000000000e+00,0.000000000000000000e+00,0.000000000000000000e+00,9.388181975268105640e-04,1.961663165112699763e-03,2.900871689568793738e-03,3.610894605597012117e-03,3.983411940274969934e-03,3.967863285356207706e-03,3.578393427293397305e-03,2.887130349721819551e-03,2.006926158444470674e-03,1.068333034745261659e-03,1.957268751741728942e-04,0.000000000000000000e+00,0.000000000000000000e+00,0.000000000000000000e+00,3.807704041917111897e-04,1.291330741236896770e-03,3.192843847064588507e-03,3.933448071338635499e-03,0.000000000000000000e+00,0.000000000000000000e+00,0.000000000000000000e+00,0.000000000000000000e+00,0.000000000000000000e+00,0.000000000000000000e+00,0.000000000000000000e+00,0.000000000000000000e+00,0.000000000000000000e+00,0.000000000000000000e+00,0.000000000000000000e+00,0.000000000000000000e+00,0.000000000000000000e+00,0.000000000000000000e+00,1.419439957046610894e-04,5.785784246324439557e-04,9.218513999428207305e-04,1.195894323305631696e-03,1.429531922956735071e-03,1.642234229078293022e-03,1.833737167662826979e-03,1.981754388640290590e-03,2.049343756626858300e-03,1.999792456113174809e-03,1.813722887463364766e-03,1.501877276274925016e-03,1.108288172368321247e-03,7.019263996264260954e-04,3.591952680439309425e-04,1.430912639003362652e-04,4.090534396157986677e-04,1.731226492521848164e-03,2.994723960892647485e-03,4.114899829165061251e-03,5.027247141862230609e-03,5.693744680993755025e-03,6.104456759627077678e-03,6.275674322930670235e-03,6.245657355538640140e-03,6.068239614897202178e-03,5.804231797394624262e-03,5.511153539399978214e-03,5.233053699133656013e-03,4.993104093560875138e-03,4.791442138039714999e-03,4.609272569633920090e-03,4.418173218907558812e-03,4.191791722041609061e-03,1.220507300500780606e-04,0.000000000000000000e+00,0.000000000000000000e+00,0.000000000000000000e+00,0.000000000000000000e+00,0.000000000000000000e+00,0.000000000000000000e+00,1.959782210331141678e-05,4.876204764820216684e-04,9.582661641318885714e-04,1.395215909271768336e-03,1.768758272984690457e-03,2.061347550881363795e-03,2.269540245464038430e-03,2.402109513361709407e-03,2.475747052885832796e-03,2.510523353071824129e-03,2.526837583572905804e-03,2.544294224893374218e-03,2.763215965279191503e-03,3.184884546240049092e-03,3.447060142411254285e-03,3.497584484015764730e-03,3.884002730470772526e-03,5.440982990540954188e-04,1.334547140893752341e-03,2.144758468824276790e-03,2.858326739756127024e-03,0.000000000000000000e+00,0.000000000000000000e+00,0.000000000000000000e+00,0.000000000000000000e+00,0.000000000000000000e+00,0.000000000000000000e+00,0.000000000000000000e+00,0.000000000000000000e+00,0.000000000000000000e+00,0.000000000000000000e+00,0.000000000000000000e+00,0.000000000000000000e+00,0.000000000000000000e+00,0.000000000000000000e+00
5.027535421819802868e-08,4.223863469441866141e-04,7.535493107915215922e-04,9.925851682330603335e-04,1.123492578170963386e-03,6.844159611954772279e-04,8.432554785846938232e-05,0.000000000000000000e+00,0.000000000000000000e+00,0.000000000000000000e+00,0.000000000000000000e+00,0.000000000000000000e+00,0.000000000000000000e+00,0.000000000000000000e+00,0.000000000000000000e+00,0.000000000000000000e+00,0.000000000000000000e+00,0.000000000000000000e+00,0.000000000000000000e+00,0.000000000000000000e+00,0.000000000000000000e+00,0.000000000000000000e+00,0.000000000000000000e+00,7.975557083539748992e-04,1.451808970581866792e-03,1.873440588850340538e-03,2.042639701450475135e-03,1.966369145389171551e-03,1.673668870810920885e-03,1.207129053700299777e-03,6.849403781244597878e-04,2.481274850047866082e-04,0.000000000000000000e+00,0.000000000000000000e+00,0.000000000000000000e+00,0.000000000000000000e+00,0.000000000000000000e+00,0.000000000000000000e+00,0.000000000000000000e+00,0.000000000000000000e+00,0.000000000000000000e+00,0.000000000000000000e+00,7.133684155871455662e-04,1.587038491107390899e-03,2.517238637455598491e-03,2.046180034496107667e-03,1.325423194997401525e-03,5.651556842890841830e-04,0.000000000000000000e+00,0.000000000000000000e+00,0.000000000000000000e+00,0.000000000000000000e+00,0.000000000000000000e+00,4.182980926312595952e-04,1.243209293418327940e-03,2.138917320829374080e-03,3.030415019366278825e-03,0.000000000000000000e+00,0.000000000000000000e+00,0.000000000000000000e+00,0.000000000000000000e+00,0.000000000000000000e+00,0.000000000000000000e+00,0.000000000000000000e+00,0.000000000000000000e+00,0.000000000000000000e+00,0.000000000000000000e+00,0.000000000000000000e+00,0.000000000000000000e+00,0.000000000000000000e+00,0.000000000000000000e+00,0.000000000000000000e+00,0.000000000000000000e+00,0.000000000000000000e+00,3.367731569943552966e-05,1.084019472042057654e-03,2.036212911348470565e-03,2.808571984929641042e-03,3.332233479617985068e-03,3.553446521669028756e-03,3.435584230279160097e-03,2.963356266265625323e-03,2.148845966154393824e-03,1.036358236571361920e-03,0.000000000000000000e+00,0.000000000000000000e+00,0.000000000000000000e+00,0.000000000000000000e+00,0.000000000000000000e+00,0.000000000000000000e+00,0.000000000000000000e+00,0.000000000000000000e+00,0.000000000000000000e+00,0.000000000000000000e+00,0.000000000000000000e+00,0.000000000000000000e+00,0.000000000000000000e+00,0.000000000000000000e+00,0.000000000000000000e+00,8.556533819610820141e-05,8.983656000818743097e-04,1.748675161170356023e-03,2.528811328994792513e-03,3.233477770287450804e-03,3.846873438923808109e-03,4.349313188704316546e-03,4.727135549189671535e-03,4.980526321618887649e-03,5.124960778133525949e-03,5.185066477281328502e-03,5.183471872214862226e-03,5.129748714795088517e-03,5.014810253656861762e-03,4.813794009908286577e-03,4.496713014283669138e-03,4.042722873149693502e-03,3.452212450845816918e-03,2.751796206021617230e-03,1.990113858161634153e-03,1.225907624363244955e-03,5.127128373648012164e-04,0.000000000000000000e+00,0.000000000000000000e+00,0.000000000000000000e+00,0.000000000000000000e+00,0.000000000000000000e+00,0.000000000000000000e+00,0.000000000000000000e+00,0.000000000000000000e+00,0.000000000000000000e+00,0.000000000000000000e+00,0.000000000000000000e+00,0.000000000000000000e+00,0.000000000000000000e+00,4.042619597700476144e-04,7.563314988923081680e-04,8.040900608004662590e-04,5.299118768375205490e-04,0.000000000000000000e+00,0.000000000000000000e+00,0.000000000000000000e+00,0.000000000000000000e+00,0.000000000000000000e+00,0.000000000000000000e+00,0.000000000000000000e+00,0.000000000000000000e+00,1.781790828895137913e-04,2.202439403701047897e-03,1.986570196331629776e-03,1.109907433791266183e-03,0.000000000000000000e+00,0.000000000000000000e+00,0.000000000000000000e+00,0.000000000000000000e+00,0.000000000000000000e+00,0.000000000000000000e+00,0.000000000000000000e+00,0.000000000000000000e+00,0.000000000000000000e+00,0.000000000000000000e+00,0.000000000000000000e+00,0.000000000000000000e+00,0.000000000000000000e+00,1.542512332441556765e-04,8.904597492622861330e-04,1.469656332513825242e-03,1.881254797077679857e-03,2.112514431547399176e-03,2.141674759300054784e-03,1.936872915092545215e-03,1.463866936504888911e-03,7.025283102191025829e-04,0.000000000000000000e+00,0.000000000000000000e+00,0.000000000000000000e+00,0.000000000000000000e+00,0.000000000000000000e+00,0.000000000000000000e+00,0.000000000000000000e+00,0.000000000000000000e+00,0.000000000000000000e+00,0.000000000000000000e+00,0.000000000000000000e+00,5.269282169308621292e-04,1.164852530554508171e-03,0.000000000000000000e+00,0.000000000000000000e+00,0.000000000000000000e+00,0.000000000000000000e+00,0.000000000000000000e+00,0.000000000000000000e+00,0.000000000000000000e+00,0.000000000000000000e+00,1.254871204335353827e-03,8.214169045325352960e-04,1.165400177075199585e-03,0.000000000000000000e+00,0.000000000000000000e+00,0.000000000000000000e+00,0.000000000000000000e+00,0.000000000000000000e+00,0.000000000000000000e+00,0.000000000000000000e+00,4.017810945309531956e-04,0.000000000000000000e+00,0.000000000000000000e+00,0.000000000000000000e+00,0.000000000000000000e+00,0.000000000000000000e+00,0.000000000000000000e+00,0.000000000000000000e+00,0.000000000000000000e+00,0.000000000000000000e+00,0.000000000000000000e+00,0.000000000000000000e+00,1.116949451164596813e-05,3.912900973561614110e-04,8.038303282629133319e-04,3.922884278111258595e-03,0.000000000000000000e+00,0.000000000000000000e+00,0.000000000000000000e+00,0.000000000000000000e+00,0.000000000000000000e+00,0.000000000000000000e+00,0.000000000000000000e+00,0.000000000000000000e+00,0.000000000000000000e+00,0.000000000000000000e+00,1.865231499314446632e-05,1.041923378089284645e-03,1.761988204072511850e-03,2.082613785997305521e-03,1.942223773551953912e-03,1.332764482084479278e-03,3.150562370529553092e-04,0.000000000000000000e+00,0.000000000000000000e+00,0.000000000000000000e+00,1.546187304647164132e-03,5.011421813001645451e-03,2.198412582601600926e-03,0.000000000000000000e+00,0.000000000000000000e+00,0.000000000000000000e+00,3.451989370325204889e-04,0.000000000000000000e+00,1.392049614989598547e-04,9.212814692311346919e-06,0.000000000000000000e+00,4.133585653879940812e-04,0.000000000000000000e+00,1.503358754114030764e-03,0.000000000000000000e+00,0.000000000000000000e+00,0.000000000000000000e+00,0.000000000000000000e+00,0.000000000000000000e+00,0.000000000000000000e+00,0.000000000000000000e+00,0.000000000000000000e+00,0.000000000000000000e+00,0.000000000000000000e+00,0.000000000000000000e+00,9.546643306787708574e-04,0.000000000000000000e+00,0.000000000000000000e+00,0.000000000000000000e+00,0.000000000000000000e+00,0.000000000000000000e+00,0.000000000000000000e+00,0.000000000000000000e+00,0.000000000000000000e+00,0.000000000000000000e+00,0.000000000000000000e+00,0.000000000000000000e+00,0.000000000000000000e+00,0.000000000000000000e+00,0.000000000000000000e+00,0.000000000000000000e+00,6.823238798516898136e-03,4.020555941555292376e-03,0.000000000000000000e+00,0.000000000000000000e+00,0.000000000000000000e+00,0.000000000000000000e+00,0.000000000000000000e+00,0.000000000000000000e+00,0.000000000000000000e+00,0.000000000000000000e+00,0.000000000000000000e+00,0.000000000000000000e+00,0.000000000000000000e+00,0.000000000000000000e+00,0.000000000000000000e+00,0.000000000000000000e+00,0.000000000000000000e+00,4.235326522511020974e-04,1.206721420646001113e-03,2.330406663449649963e-03,3.775272359428040372e-03,5.448595823130952809e-03,7.192447283824127645e-03,8.807789654785283182e-03,1.008911314551848466e-02,1.286930907103870508e-02,0.000000000000000000e+00,0.000000000000000000e+00,0.000000000000000000e+00,0.000000000000000000e+00,0.000000000000000000e+00,0.000000000000000000e+00,0.000000000000000000e+00,0.000000000000000000e+00,1.498313718333575163e-03,5.561613836926344173e-04,0.000000000000000000e+00,3.077397643802762674e-04,8.926915587827146878e-04,0.000000000000000000e+00,0.000000000000000000e+00,0.000000000000000000e+00,0.000000000000000000e+00,0.000000000000000000e+00,0.000000000000000000e+00,0.000000000000000000e+00,0.000000000000000000e+00,0.000000000000000000e+00,0.000000000000000000e+00,0.000000000000000000e+00,0.000000000000000000e+00,0.000000000000000000e+00,0.000000000000000000e+00,0.000000000000000000e+00,0.000000000000000000e+00,4.579053085519406256e-03,7.064902529303463113e-04,7.950135294756346819e-04,0.000000000000000000e+00,0.000000000000000000e+00,0.000000000000000000e+00,0.000000000000000000e+00,0.000000000000000000e+00,0.000000000000000000e+00,0.000000000000000000e+00,3.619628910624809234e-03,0.000000000000000000e+00,0.000000000000000000e+00,0.000000000000000000e+00,0.000000000000000000e+00,0.000000000000000000e+00,2.861370275667709704e-04,9.488085530050886481e-04,1.327864679908294810e-03,1.423053726184577610e-03,1.266502213407678760e-03,9.225415068643276657e-04,4.838117062454465713e-04,6.233668827490773754e-05,0.000000000000000000e+00,0.000000000000000000e+00,0.000000000000000000e+00,5.715612419213495421e-04,1.451903561818947098e-03,2.534438448416817969e-03,3.687839738701836727e-03,4.762692752218643071e-03,5.618501003362357839e-03,6.149871195080545798e-03,6.306537456275791535e-03,6.102699429780368903e-03,5.612860025769794182e-03,4.954151369379927207e-03,4.258662999417912008e-03,3.642644384852446356e-03,3.181141847185487738e-03,2.895594287150730743e-03,2.757940133480521732e-03,2.709212357662970760e-03,2.685500547996648880e-03,2.641706997285066770e-03,2.564751337711931433e-03,2.472328632895211264e-03,2.399099604784361503e-03,2.376939457341187712e-03,2.417683511112767459e-03,2.505141554191788605e-03,2.598992294545966666e-03,2.648393031413472706e-03,2.609720364294193171e-03,2.461944445987027455e-03,2.214670575586524803e-03,1.906896806236186908e-03,1.597674021719755651e-03,1.351998329482759524e-03,1.225931950675016990e-03,1.254297778196259306e-03,1.442953935227539800e-03,1.766328066258149310e-03,2.170029996616677174e-03
0.000000000000000000e+00,0.000000000000000000e+00,0.000000000000000000e+00,0.000000000000000000e+00,0.000000000000000000e+00,0.000000000000000000e+00,0.000000000000000000e+00,0.000000000000000000e+00,0.000000000000000000e+00,1.139667547911036552e-04,8.833302571964944498e-04,3.101713702380124848e-03,3.262941408353222435e-03,0.000000000000000000e+00,0.000000000000000000e+00,0.000000000000000000e+00,0.000000000000000000e+00,0.000000000000000000e+00,0.000000000000000000e+00,0.000000000000000000e+00,0.000000000000000000e+00,1.150477167663542348e-03,1.116212332675813219e-03,5.313287780569112906e-04,2.216403914642724280e-04,0.000000000000000000e+00,0.000000000000000000e+00,0.000000000000000000e+00,0.000000000000000000e+00,0.000000000000000000e+00,0.000000000000000000e+00,0.000000000000000000e+00,0.000000000000000000e+00,0.000000000000000000e+00,0.000000000000000000e+00,0.000000000000000000e+00,0.000000000000000000e+00,0.000000000000000000e+00,0.000000000000000000e+00,0.000000000000000000e+00,0.000000000000000000e+00,2.401325157711714292e-04,9.158281685894974385e-04,1.606144766057193696e-03,3.698656125985070719e-03,2.890347601328053465e-03,3.875542914613244998e-03,0.000000000000000000e+00,0.000000000000000000e+00,0.000000000000000000e+00,0.000000000000000000e+00,0.000000000000000000e+00,0.000000000000000000e+00,0.000000000000000000e+00,0.000000000000000000e+00,0.000000000000000000e+00,0.000000000000000000e+00,0.000000000000000000e+00,0.000000000000000000e+00,0.000000000000000000e+00,0.000000000000000000e+00,0.000000000000000000e+00,0.000000000000000000e+00,0.000000000000000000e+00,0.000000000000000000e+00,0.000000000000000000e+00,0.000000000000000000e+00,0.000000000000000000e+00,0.000000000000000000e+00,4.766431894387062143e-04,1.476621988227700202e-03,2.269851067810780242e-03,2.807945521214026425e-03,3.078948713685115100e-03,2.526345260254138272e-04,0.000000000000000000e+00,0.000000000000000000e+00,0.000000000000000000e+00,0.000000000000000000e+00,0.000000000000000000e+00,0.000000000000000000e+00,0.000000000000000000e+00,0.000000000000000000e+00,0.000000000000000000e+00,0.000000000000000000e+00,0.000000000000000000e+00,0.000000000000000000e+00,3.836204459754859685e-04,1.171481750028377988e-03,0.000000000000000000e+00,0.000000000000000000e+00,0.000000000000000000e+00,0.000000000000000000e+00,6.492967802628317746e-05,6.502040950312515692e-04,1.218193472289618232e-03,1.701521301632027408e-03,2.042792052957939988e-03,2.196579602409514352e-03,2.130267659561890705e-03,1.825144312260598787e-03,1.278402538470655532e-03,8.636648949417298710e-04,7.068092045691106492e-04,4.874483060847963696e-04,1.865224177831488158e-04,0.000000000000000000e+00,0.000000000000000000e+00,0.000000000000000000e+00,0.000000000000000000e+00,0.000000000000000000e+00,0.000000000000000000e+00,0.000000000000000000e+00,0.000000000000000000e+00,7.569864390242692152e-05,1.544444068558545899e-04,6.762331900595419318e-04,1.790300037511302319e-03,2.709467823404657517e-03,3.428953925884609642e-03,3.974563273051396131e-03,4.390588062461742332e-03,4.726460350739169515e-03,5.024688138140697043e-03,5.311823743936266995e-03,5.593654025709710390e-03,5.855352068121328322e-03,0.000000000000000000e+00,0.000000000000000000e+00,0.000000000000000000e+00,0.000000000000000000e+00,0.000000000000000000e+00,0.000000000000000000e+00,0.000000000000000000e+00,0.000000000000000000e+00,0.000000000000000000e+00,0.000000000000000000e+00,0.000000000000000000e+00,0.000000000000000000e+00,0.000000000000000000e+00,0.000000000000000000e+00,0.000000000000000000e+00,0.000000000000000000e+00,0.000000000000000000e+00,0.000000000000000000e+00,0.000000000000000000e+00,0.000000000000000000e+00,0.000000000000000000e+00,0.000000000000000000e+00,2.998004760684421237e-04,5.093976175847098010e-04,9.503662925123833620e-04,1.379152327640600873e-03,1.799388719394756945e-03,2.194838675620844597e-03,2.530802307691859369e-03,2.761162031603175970e-03,3.832483922116682734e-03,0.000000000000000000e+00,0.000000000000000000e+00,0.000000000000000000e+00,0.000000000000000000e+00,0.000000000000000000e+00,5.411741693037000261e-04,1.435461765416172139e-03,2.229661699292226958e-03,2.822003609896857421e-03,3.114756942039698627e-03,3.033067034661040499e-03,2.545008730226990933e-03,1.675956757648056203e-03,5.112163953384698525e-04,0.000000000000000000e+00,0.000000000000000000e+00,0.000000000000000000e+00,0.000000000000000000e+00,0.000000000000000000e+00,0.000000000000000000e+00,0.000000000000000000e+00,0.000000000000000000e+00,0.000000000000000000e+00,0.000000000000000000e+00,3.674874880489551452e-04,1.218374217602940374e-03,1.856596459515161886e-03,2.244526480803611061e-03,2.371862852703119674e-03,2.250241638110397468e-03,1.906371705477268204e-03,1.376307864302374253e-03,7.021357248318875434e-04,0.000000000000000000e+00,0.000000000000000000e+00,0.000000000000000000e+00,0.000000000000000000e+00,0.000000000000000000e+00,0.000000000000000000e+00,0.000000000000000000e+00,0.000000000000000000e+00,0.000000000000000000e+00,0.000000000000000000e+00,0.000000000000000000e+00,0.000000000000000000e+00,0.000000000000000000e+00,0.000000000000000000e+00,0.000000000000000000e+00,0.000000000000000000e+00,0.000000000000000000e+00,0.000000000000000000e+00,0.000000000000000000e+00,5.435073202018540035e-04,1.484109349141630486e-03,2.222682436401282862e-03,2.675936410600504405e-03,2.783814169223196126e-03,2.523481269138524562e-03,1.919373848254185035e-03,1.045475717853310352e-03,1.734582343633295500e-05,0.000000000000000000e+00,0.000000000000000000e+00,0.000000000000000000e+00,0.000000000000000000e+00,0.000000000000000000e+00,0.000000000000000000e+00,0.000000000000000000e+00,0.000000000000000000e+00,0.000000000000000000e+00,4.765269851449157961e-04,1.766444097796082040e-03,2.823695320594021146e-03,3.593439963026910742e-03,4.045845476086045757e-03,4.181744042233865970e-03,4.037381164505378546e-03,0.000000000000000000e+00,0.000000000000000000e+00,0.000000000000000000e+00,0.000000000000000000e+00,0.000000000000000000e+00,0.000000000000000000e+00,0.000000000000000000e+00,0.000000000000000000e+00,0.000000000000000000e+00,0.000000000000000000e+00,0.000000000000000000e+00,0.000000000000000000e+00,0.000000000000000000e+00,0.000000000000000000e+00,0.000000000000000000e+00,0.000000000000000000e+00,0.000000000000000000e+00,2.901248857167519515e-05,4.259910410283533275e-03,0.000000000000000000e+00,0.000000000000000000e+00,0.000000000000000000e+00,0.000000000000000000e+00,0.000000000000000000e+00,0.000000000000000000e+00,0.000000000000000000e+00,0.000000000000000000e+00,2.847300933109113722e-04,4.396841344483189335e-04,3.593158315394206787e-04,6.170014041552196503e-05,0.000000000000000000e+00,0.000000000000000000e+00,0.000000000000000000e+00,0.000000000000000000e+00,0.000000000000000000e+00,0.000000000000000000e+00,0.000000000000000000e+00,0.000000000000000000e+00,0.000000000000000000e+00,0.000000000000000000e+00,0.000000000000000000e+00,0.000000000000000000e+00,0.000000000000000000e+00,1.307952466080334838e-04,6.174647776415211325e-04,1.024090814158562469e-03,1.281824274753942238e-03,1.349901481824041958e-03,1.228738945402083277e-03,9.592781244778780239e-04,6.092767645730861161e-04,2.521215634831350510e-04,0.000000000000000000e+00,0.000000000000000000e+00,0.000000000000000000e+00,0.000000000000000000e+00,0.000000000000000000e+00,0.000000000000000000e+00,3.480230491934669388e-04,1.147504077888607601e-03,1.916411964913662018e-03,2.629279405664974693e-03,3.271058656133824655e-03,3.835220975105731699e-03,0.000000000000000000e+00,0.000000000000000000e+00,0.000000000000000000e+00,0.000000000000000000e+00,0.000000000000000000e+00,0.000000000000000000e+00,0.000000000000000000e+00,0.000000000000000000e+00,0.000000000000000000e+00,0.000000000000000000e+00,0.000000000000000000e+00,7.790310810852701332e-04,0.000000000000000000e+00,0.000000000000000000e+00,0.000000000000000000e+00,0.000000000000000000e+00,0.000000000000000000e+00,0.000000000000000000e+00,0.000000000000000000e+00,0.000000000000000000e+00,0.000000000000000000e+00,0.000000000000000000e+00,0.000000000000000000e+00,0.000000000000000000e+00,0.000000000000000000e+00,0.000000000000000000e+00,0.000000000000000000e+00,0.000000000000000000e+00,0.000000000000000000e+00,0.000000000000000000e+00,0.000000000000000000e+00,0.000000000000000000e+00,3.877831348879088908e-04,0.000000000000000000e+00,0.000000000000000000e+00,0.000000000000000000e+00,0.000000000000000000e+00,0.000000000000000000e+00,0.000000000000000000e+00,0.000000000000000000e+00,0.000000000000000000e+00,0.000000000000000000e+00,0.000000000000000000e+00,0.000000000000000000e+00,0.000000000000000000e+00,0.000000000000000000e+00,0.000000000000000000e+00,0.000000000000000000e+00,0.000000000000000000e+00,0.000000000000000000e+00,0.000000000000000000e+00,0.000000000000000000e+00,0.000000000000000000e+00,0.000000000000000000e+00,3.973391314875910772e-04,1.316517455825768311e-03,2.237672617982515866e-03,3.058149619372764905e-03,3.671086661551323325e-03,3.977091440229234449e-03,3.900953954008583909e-03,3.409660291488983246e-03,2.525440022937870243e-03,1.327818760983696987e-03,0.000000000000000000e+00,0.000000000000000000e+00,0.000000000000000000e+00,0.000000000000000000e+00,3.265923154798391854e-05,7.779865460158467820e-05,1.151135899725307701e-04,1.437906950164796478e-04,1.629999010628686222e-04,1.719288232260600315e-04,1.698243329134497160e-04,1.560375497050577422e-04,5.104380028608814478e-04,6.264874914752509120e-04,3.839892314981720308e-04,0.000000000000000000e+00,0.000000000000000000e+00,0.000000000000000000e+00,0.000000000000000000e+00,0.000000000000000000e+00,0.000000000000000000e+00,0.000000000000000000e+00,0.000000000000000000e+00,0.000000000000000000e+00,0.000000000000000000e+00,0.000000000000000000e+00,0.000000000000000000e+00,0.000000000000000000e+00,0.000000000000000000e+00,0.000000000000000000e+00,0.000000000000000000e+00,0.000000000000000000e+00,0.000000000000000000e+00,0.000000000000000000e+00,0.000000000000000000e+00,0.000000000000000000e+00
8.802769034285928286e-08,1.017836681671946365e-03,0.000000000000000000e+00,0.000000000000000000e+00,0.000000000000000000e+00,0.000000000000000000e+00,0.000000000000000000e+00,8.572288585552179400e-05,7.316682577574549085e-04,0.000000000000000000e+00,0.000000000000000000e+00,0.000000000000000000e+00,0.000000000000000000e+00,0.000000000000000000e+00,0.000000000000000000e+00,0.000000000000000000e+00,0.000000000000000000e+00,0.000000000000000000e+00,2.141809479040366617e-04,1.457936835507305873e-03,2.645606264862189038e-03,3.736694090496875658e-03,4.992256983487196667e-03,2.416255633120471813e-03,3.122764832057299891e-03,4.080666452030531216e-03,5.161300533123858170e-03,6.201419782477018625e-03,7.043217860228393780e-03,0.000000000000000000e+00,0.000000000000000000e+00,0.000000000000000000e+00,0.000000000000000000e+00,0.000000000000000000e+00,0.000000000000000000e+00,0.000000000000000000e+00,0.000000000000000000e+00,0.000000000000000000e+00,0.000000000000000000e+00,9.397570897727809734e-05,1.103788930347035166e-03,2.048270370244270611e-03,1.898242394352220872e-03,2.105946589909990247e-03,2.304752495588636724e-03,2.482029558304595877e-03,2.632949143981354496e-03,2.763397221063884114e-03,2.886665415990351171e-03,3.016577324044066206e-03,3.161212906613901624e-03,3.320331405796811235e-03,3.486971355321612145e-03,3.651387785902627560e-03,0.000000000000000000e+00,0.000000000000000000e+00,0.000000000000000000e+00,0.000000000000000000e+00,0.000000000000000000e+00,0.000000000000000000e+00,0.000000000000000000e+00,0.000000000000000000e+00,0.000000000000000000e+00,0.000000000000000000e+00,0.000000000000000000e+00,0.000000000000000000e+00,0.000000000000000000e+00,3.292908456343571753e-04,2.103044591779572488e-03,3.716798997232592834e-03,0.000000000000000000e+00,0.000000000000000000e+00,0.000000000000000000e+00,0.000000000000000000e+00,0.000000000000000000e+00,0.000000000000000000e+00,0.000000000000000000e+00,0.000000000000000000e+00,0.000000000000000000e+00,0.000000000000000000e+00,0.000000000000000000e+00,2.833398978284839848e-03,1.925515909969213030e-04,0.000000000000000000e+00,0.000000000000000000e+00,2.278675806827436755e-04,0.000000000000000000e+00,0.000000000000000000e+00,0.000000000000000000e+00,0.000000000000000000e+00,0.000000000000000000e+00,0.000000000000000000e+00,1.212418662228610753e-03,0.000000000000000000e+00,0.000000000000000000e+00,3.518742858223437246e-04,9.587946677778769492e-04,1.755045066050391718e-03,2.446836844974569023e-03,3.010681544476436020e-03,3.448827666009464388e-03,3.783769411095545387e-03,4.048325930847260570e-03,4.274725981759647589e-03,4.486238592406079952e-03,4.693509065429806761e-03,4.895515108853155245e-03,5.083113321032552319e-03,5.242409324016870584e-03,5.356116203298364430e-03,5.403039968708976855e-03,5.357691010064408003e-03,5.192519416930472392e-03,4.883894850474889901e-03,4.420441983146158015e-03,3.810223729920519161e-03,3.082943148540516574e-03,2.285158509283624628e-03,1.469608934765295619e-03,6.824458273947852293e-04,0.000000000000000000e+00,0.000000000000000000e+00,0.000000000000000000e+00,0.000000000000000000e+00,0.000000000000000000e+00,0.000000000000000000e+00,0.000000000000000000e+00,0.000000000000000000e+00,0.000000000000000000e+00,0.000000000000000000e+00,0.000000000000000000e+00,0.000000000000000000e+00,0.000000000000000000e+00,0.000000000000000000e+00,0.000000000000000000e+00,0.000000000000000000e+00,0.000000000000000000e+00,0.000000000000000000e+00,0.000000000000000000e+00,0.000000000000000000e+00,0.000000000000000000e+00,0.000000000000000000e+00,0.000000000000000000e+00,0.000000000000000000e+00,0.000000000000000000e+00,0.000000000000000000e+00,0.000000000000000000e+00,1.932663216999329847e-04,1.759998332089951273e-03,3.256376799160278813e-03,4.504449231930472870e-03,5.365127103314218208e-03,5.764795636604359147e-03,5.701414507772158656e-03,5.230498624543557587e-03,4.438306660854753234e-03,3.413158611963238234e-03,2.224892912028290145e-03,9.179222997594540731e-04,0.000000000000000000e+00,0.000000000000000000e+00,0.000000000000000000e+00,0.000000000000000000e+00,0.000000000000000000e+00,0.000000000000000000e+00,0.000000000000000000e+00,0.000000000000000000e+00,0.000000000000000000e+00,0.000000000000000000e+00,0.000000000000000000e+00,0.000000000000000000e+00,0.000000000000000000e+00,0.000000000000000000e+00,0.000000000000000000e+00,0.000000000000000000e+00,0.000000000000000000e+00,0.000000000000000000e+00,0.000000000000000000e+00,8.244654658057564355e-05,8.048220227313123429e-05,1.584400401503752875e-05,0.000000000000000000e+00,0.000000000000000000e+00,0.000000000000000000e+00,6.022201336506748277e-05,3.087244216180237721e-04,6.517610889088738032e-04,1.047604776125783156e-03,1.442460914099444368e-03,1.787587944996515922e-03,2.055621505477553141e-03,2.249349952619745120e-03,2.399005321822210868e-03,2.548660607626841105e-03,2.736546279899409063e-03,2.976230118443361737e-03,3.245132258321565492e-03,3.484240870222512533e-03,3.609367825674089474e-03,3.531010434495170970e-03,3.177664125055076286e-03,2.516667109675707094e-03,1.567413922957209063e-03,1.440985801723481535e-03,1.352342632866090563e-03,1.257990634302352459e-03,1.159577942906079131e-03,1.058521383144005873e-03,9.559996511540360927e-04,8.529554339871710375e-04,7.501089253558862989e-04,6.479830121133658451e-04,5.469291313057117812e-04,4.471648237205291267e-04,9.155541027678665462e-04,1.759662325929593155e-03,2.371446318488084574e-03,2.756479637633680712e-03,2.956747830181100101e-03,3.030083459578701739e-03,3.029669650823005756e-03,2.990180692529661489e-03,2.923853132988925557e-03,2.825540513926423202e-03,2.682581189091881764e-03,2.484379649966014705e-03,2.228091840224062387e-03,1.919484147954587982e-03,1.570381761969466073e-03,1.195077555396706825e-03,8.075613380272209487e-04,5.463352699004305705e-04,7.993693848195929357e-04,1.086057706215845867e-03,1.382821730345700157e-03,1.673245774835879340e-03,1.952378441709460080e-03,2.223256162055002941e-03,2.488645717321667176e-03,2.742827794279367737e-03,2.967418945626368754e-03,3.132865740954528504e-03,3.204894963184007177e-03,3.153754292866516561e-03,2.963657520237156055e-03,2.639856151664073548e-03,2.211032231567021129e-03,1.725527801646251471e-03,1.241577983894014657e-03,8.139550958005721147e-04,4.811432781694161692e-04,3.834501309833099965e-04,7.096943898338789079e-04,9.874842960438999593e-04,1.136921200371197437e-03,1.091440231203655124e-03,8.143330115230525698e-04,3.055086082817481757e-04,0.000000000000000000e+00,0.000000000000000000e+00,0.000000000000000000e+00,0.000000000000000000e+00,0.000000000000000000e+00,0.000000000000000000e+00,0.000000000000000000e+00,0.000000000000000000e+00,0.000000000000000000e+00,0.000000000000000000e+00,0.000000000000000000e+00,0.000000000000000000e+00,0.000000000000000000e+00,0.000000000000000000e+00,7.338304910110058201e-04,1.321856973197864903e-03,1.737070134014148800e-03,1.990637341482191444e-03,2.096675825819759899e-03,2.063659851076267860e-03,3.701068889702274593e-03,0.000000000000000000e+00,0.000000000000000000e+00,8.284519499432745548e-04,3.328331272450219414e-03,3.040693517895949778e-03,3.420199722683381523e-03,3.431615187540315581e-03,0.000000000000000000e+00,0.000000000000000000e+00,0.000000000000000000e+00,0.000000000000000000e+00,0.000000000000000000e+00,0.000000000000000000e+00,0.000000000000000000e+00,0.000000000000000000e+00,0.000000000000000000e+00,0.000000000000000000e+00,0.000000000000000000e+00,0.000000000000000000e+00,0.000000000000000000e+00,0.000000000000000000e+00,0.000000000000000000e+00,0.000000000000000000e+00,0.000000000000000000e+00,0.000000000000000000e+00,0.000000000000000000e+00,4.679512711827993939e-04,1.064525864679525657e-03,1.707791484869734594e-03,2.341659620223707737e-03,2.920425685138488409e-03,3.417801019551595845e-03,3.826335526142525967e-03,4.149072249416922188e-03,4.388861248280861993e-03,4.541166144769226247e-03,4.593463364238266171e-03,4.530272212388327530e-03,4.340002199357659643e-03,4.019572296699983928e-03,3.575167396053615873e-03,3.020607633348679731e-03,2.376494963140619605e-03,1.672302319330376888e-03,3.776908161579767623e-03,0.000000000000000000e+00,3.033519123902615310e-04,3.460842923148463486e-03,0.000000000000000000e+00,0.000000000000000000e+00,0.000000000000000000e+00,0.000000000000000000e+00,2.509971724880564266e-04,6.143942243955526896e-04,8.852518237388977158e-04,1.075605982160200485e-03,1.247894143894345050e-03,1.494197980770133136e-03,1.905430353235024838e-03,2.540937332060183226e-03,3.408153749502355716e-03,0.000000000000000000e+00,0.000000000000000000e+00,0.000000000000000000e+00,0.000000000000000000e+00,0.000000000000000000e+00,0.000000000000000000e+00,0.000000000000000000e+00,0.000000000000000000e+00,0.000000000000000000e+00,0.000000000000000000e+00,0.000000000000000000e+00,0.000000000000000000e+00,1.947967938461598789e-04,2.608997251679030967e-03,9.638681496993047049e-05,0.000000000000000000e+00,4.709143468669282310e-05,0.000000000000000000e+00,6.340997227651475922e-04,1.474458388410914648e-03,0.000000000000000000e+00,0.000000000000000000e+00,0.000000000000000000e+00,0.000000000000000000e+00,0.000000000000000000e+00,0.000000000000000000e+00,0.000000000000000000e+00,0.000000000000000000e+00,0.000000000000000000e+00,0.000000000000000000e+00,0.000000000000000000e+00,0.000000000000000000e+00,0.000000000000000000e+00,0.000000000000000000e+00,0.000000000000000000e+00,0.000000000000000000e+00,0.000000000000000000e+00,0.000000000000000000e+00,0.000000000000000000e+00,0.000000000000000000e+00,0.000000000000000000e+00,0.000000000000000000e+00,0.000000000000000000e+00,0.000000000000000000e+00,0.000000000000000000e+00,0.000000000000000000e+00,0.000000000000000000e+00,0.000000000000000000e+00,0.000000000000000000e+00,0.000000000000000000e+00,0.000000000000000000e+00,0.000000000000000000e+00,0.000000000000000000e+00,0.000000000000000000e+00,1.169420212790881169e-04,0.000000000000000000e+00,0.000000000000000000e+00,0.000000000000000000e+00,2.167902376876503130e-04,8.891043396883115948e-04
0.000000000000000000e+00,7.146609747658678948e-05,1.242289058352850808e-04,1.703362010661077638e-04,2.274067785961781014e-04,3.115276548962156271e-04,4.312587720252510841e-04,5.831754593376340225e-04,7.499159347064506724e-04,9.022560790996312936e-04,1.005952438674570905e-03,1.031837479572737283e-03,9.652416123950847667e-04,8.101276428063086199e-04,7.548772883653127918e-04,1.487293701828043156e-03,0.000000000000000000e+00,0.000000000000000000e+00,0.000000000000000000e+00,0.000000000000000000e+00,0.000000000000000000e+00,0.000000000000000000e+00,0.000000000000000000e+00,0.000000000000000000e+00,0.000000000000000000e+00,3.828851763682184959e-04,7.947654233742177483e-04,9.062145360010666860e-04,7.400521266062189390e-04,3.677420892426639353e-04,0.000000000000000000e+00,0.000000000000000000e+00,0.000000000000000000e+00,0.000000000000000000e+00,0.000000000000000000e+00,0.000000000000000000e+00,0.000000000000000000e+00,0.000000000000000000e+00,1.313245152289119080e-04,4.666774823689594774e-04,7.068264585722512693e-04,8.496367256686489450e-04,9.215055363121577503e-04,9.660805072165903635e-04,1.029844620828370295e-03,1.149721035616263444e-03,1.346394444210873486e-03,1.624135343422888943e-03,1.974914286193913977e-03,2.382983855429055258e-03,5.059414476131074596e-03,0.000000000000000000e+00,0.000000000000000000e+00,0.000000000000000000e+00,0.000000000000000000e+00,0.000000000000000000e+00,0.000000000000000000e+00,0.000000000000000000e+00,0.000000000000000000e+00,0.000000000000000000e+00,2.435050245273985114e-04,1.122138621919881001e-03,2.995207698856105528e-03,0.000000000000000000e+00,0.000000000000000000e+00,0.000000000000000000e+00,0.000000000000000000e+00,0.000000000000000000e+00,0.000000000000000000e+00,0.000000000000000000e+00,0.000000000000000000e+00,0.000000000000000000e+00,0.000000000000000000e+00,0.000000000000000000e+00,7.998500323707457942e-04,0.000000000000000000e+00,0.000000000000000000e+00,0.000000000000000000e+00,0.000000000000000000e+00,0.000000000000000000e+00,0.000000000000000000e+00,0.000000000000000000e+00,0.000000000000000000e+00,0.000000000000000000e+00,0.000000000000000000e+00,0.000000000000000000e+00,0.000000000000000000e+00,3.062187838883396844e-04,1.016861394097390119e-03,1.729931901789548291e-03,2.360919428240160298e-03,8.148262507967608814e-03,0.000000000000000000e+00,0.000000000000000000e+00,0.000000000000000000e+00,0.000000000000000000e+00,0.000000000000000000e+00,0.000000000000000000e+00,0.000000000000000000e+00,0.000000000000000000e+00,1.633550864234872575e-03,3.046457285173163540e-03,4.137256842316521833e-03,4.858175645455682992e-03,5.198760199763650253e-03,5.180432474533007946e-03,4.848786025005285931e-03,4.277696633060304801e-03,4.368825209429090181e-03,4.111741374898507558e-03,3.532681162364400759e-03,2.700952712628938452e-03,1.714800347373634246e-03,6.836266667492280980e-04,0.000000000000000000e+00,0.000000000000000000e+00,0.000000000000000000e+00,0.000000000000000000e+00,0.000000000000000000e+00,0.000000000000000000e+00,0.000000000000000000e+00,0.000000000000000000e+00,0.000000000000000000e+00,1.150300868618342551e-03,5.413653352939654106e-03,0.000000000000000000e+00,0.000000000000000000e+00,0.000000000000000000e+00,0.000000000000000000e+00,0.000000000000000000e+00,0.000000000000000000e+00,0.000000000000000000e+00,1.665038835020696826e-04,5.065214573127294713e-04,7.592585317436253284e-04,8.780241653717293666e-04,8.302909039416229639e-04,5.966632273911021394e-04,1.688654288102138220e-04,0.000000000000000000e+00,0.000000000000000000e+00,0.000000000000000000e+00,0.000000000000000000e+00,0.000000000000000000e+00,0.000000000000000000e+00,0.000000000000000000e+00,0.000000000000000000e+00,0.000000000000000000e+00,0.000000000000000000e+00,0.000000000000000000e+00,0.000000000000000000e+00,0.000000000000000000e+00,0.000000000000000000e+00,0.000000000000000000e+00,0.000000000000000000e+00,0.000000000000000000e+00,0.000000000000000000e+00,0.000000000000000000e+00,0.000000000000000000e+00,0.000000000000000000e+00,0.000000000000000000e+00,2.756631374386892203e-04,5.268395782768660373e-04,7.177940256332921527e-04,7.912293230251434819e-04,6.724631314731394386e-04,2.907418244441878461e-04,0.000000000000000000e+00,0.000000000000000000e+00,0.000000000000000000e+00,0.000000000000000000e+00,0.000000000000000000e+00,0.000000000000000000e+00,0.000000000000000000e+00,0.000000000000000000e+00,0.000000000000000000e+00,0.000000000000000000e+00,0.000000000000000000e+00,0.000000000000000000e+00,0.000000000000000000e+00,0.000000000000000000e+00,0.000000000000000000e+00,0.000000000000000000e+00,0.000000000000000000e+00,4.607349982129970941e-04,6.793859293995870366e-04,5.965765535873016794e-04,2.522223187384562272e-04,0.000000000000000000e+00,0.000000000000000000e+00,0.000000000000000000e+00,0.000000000000000000e+00,0.000000000000000000e+00,2.109231565947590373e-04,4.499344974676643171e-04,5.562929298354119066e-04,4.550746383670149840e-04,1.030322951393367563e-04,0.000000000000000000e+00,0.000000000000000000e+00,0.000000000000000000e+00,0.000000000000000000e+00,0.000000000000000000e+00,0.000000000000000000e+00,0.000000000000000000e+00,0.000000000000000000e+00,0.000000000000000000e+00,0.000000000000000000e+00,0.000000000000000000e+00,0.000000000000000000e+00,0.000000000000000000e+00,0.000000000000000000e+00,3.638960751242571300e-04,5.149541774238786248e-04,4.659181978934843213e-04,2.762664987157364602e-04,2.875185121332031219e-05,0.000000000000000000e+00,0.000000000000000000e+00,0.000000000000000000e+00,0.000000000000000000e+00,0.000000000000000000e+00,0.000000000000000000e+00,0.000000000000000000e+00,0.000000000000000000e+00,0.000000000000000000e+00,0.000000000000000000e+00,0.000000000000000000e+00,0.000000000000000000e+00,0.000000000000000000e+00,0.000000000000000000e+00,0.000000000000000000e+00,0.000000000000000000e+00,0.000000000000000000e+00,0.000000000000000000e+00,0.000000000000000000e+00,0.000000000000000000e+00,0.000000000000000000e+00,0.000000000000000000e+00,4.253226673320469942e-04,1.180329562060727531e-03,1.807025404970118718e-03,2.282955935379797196e-03,2.616289634938238212e-03,2.840598857227368251e-03,3.004215707837611625e-03,3.156778234620112675e-03,3.336545463888839890e-03,3.561925170255311225e-03,3.829388072753179325e-03,4.117887643078140848e-03,4.397792716076544609e-03,4.640955728597956700e-03,4.828396255649390102e-03,0.000000000000000000e+00,0.000000000000000000e+00,0.000000000000000000e+00,0.000000000000000000e+00,0.000000000000000000e+00,0.000000000000000000e+00,5.081538397216914986e-04,9.689685637604206810e-04,1.006500462519516409e-03,6.901851744497440990e-04,1.333383890839763986e-04,0.000000000000000000e+00,0.000000000000000000e+00,0.000000000000000000e+00,0.000000000000000000e+00,0.000000000000000000e+00,0.000000000000000000e+00,0.000000000000000000e+00,0.000000000000000000e+00,0.000000000000000000e+00,0.000000000000000000e+00,0.000000000000000000e+00,0.000000000000000000e+00,0.000000000000000000e+00,0.000000000000000000e+00,0.000000000000000000e+00,0.000000000000000000e+00,0.000000000000000000e+00,0.000000000000000000e+00,0.000000000000000000e+00,0.000000000000000000e+00,0.000000000000000000e+00,0.000000000000000000e+00,0.000000000000000000e+00,0.000000000000000000e+00,0.000000000000000000e+00,0.000000000000000000e+00,0.000000000000000000e+00,0.000000000000000000e+00,0.000000000000000000e+00,0.000000000000000000e+00,0.000000000000000000e+00,0.000000000000000000e+00,0.000000000000000000e+00,0.000000000000000000e+00,0.000000000000000000e+00,0.000000000000000000e+00,0.000000000000000000e+00,0.000000000000000000e+00,0.000000000000000000e+00,0.000000000000000000e+00,0.000000000000000000e+00,0.000000000000000000e+00,8.239465038999930092e-05,6.558693760334208776e-04,2.023846613567767926e-03,2.932333895991599999e-03,0.000000000000000000e+00,0.000000000000000000e+00,0.000000000000000000e+00,0.000000000000000000e+00,0.000000000000000000e+00,0.000000000000000000e+00,0.000000000000000000e+00,0.000000000000000000e+00,0.000000000000000000e+00,0.000000000000000000e+00,4.975406675527885427e-05,0.000000000000000000e+00,3.872332812825754760e-04,1.631700831114097716e-03,1.763687086187992401e-03,2.900721758769852707e-03,0.000000000000000000e+00,0.000000000000000000e+00,0.000000000000000000e+00,0.000000000000000000e+00,0.000000000000000000e+00,0.000000000000000000e+00,0.000000000000000000e+00,0.000000000000000000e+00,1.018799167143494061e-03,0.000000000000000000e+00,0.000000000000000000e+00,0.000000000000000000e+00,0.000000000000000000e+00,0.000000000000000000e+00,0.000000000000000000e+00,0.000000000000000000e+00,0.000000000000000000e+00,0.000000000000000000e+00,0.000000000000000000e+00,0.000000000000000000e+00,0.000000000000000000e+00,0.000000000000000000e+00,1.177387175983403043e-04,2.468816649417938567e-04,3.768045569609595091e-04,5.465105681127203300e-04,0.000000000000000000e+00,0.000000000000000000e+00,0.000000000000000000e+00,0.000000000000000000e+00,0.000000000000000000e+00,0.000000000000000000e+00,0.000000000000000000e+00,0.000000000000000000e+00,0.000000000000000000e+00,0.000000000000000000e+00,0.000000000000000000e+00,0.000000000000000000e+00,0.000000000000000000e+00,0.000000000000000000e+00,0.000000000000000000e+00,0.000000000000000000e+00,4.304570425505617362e-04,1.286366061924127009e-03,3.836327084313168913e-03,0.000000000000000000e+00,0.000000000000000000e+00,0.000000000000000000e+00,8.457610076709737692e-04,1.451988199463605657e-04,0.000000000000000000e+00,0.000000000000000000e+00,0.000000000000000000e+00,0.000000000000000000e+00,0.000000000000000000e+00,0.000000000000000000e+00,0.000000000000000000e+00,0.000000000000000000e+00,0.000000000000000000e+00,0.000000000000000000e+00,0.000000000000000000e+00,0.000000000000000000e+00,0.000000000000000000e+00,0.000000000000000000e+00,1.652770692380494538e-04,3.221222745022958838e-04,2.069481003181483311e-04,0.000000000000000000e+00,0.000000000000000000e+00,0.000000000000000000e+00,0.000000000000000000e+00,0.000000000000000000e+00,0.000000000000000000e+00
0.000000000000000000e+00,3.906632356119027331e-04,1.572717279612950150e-03,0.000000000000000000e+00,0.000000000000000000e+00,0.000000000000000000e+00,0.000000000000000000e+00,0.000000000000000000e+00,0.000000000000000000e+00,0.000000000000000000e+00,0.000000000000000000e+00,0.000000000000000000e+00,0.000000000000000000e+00,3.465542368877949728e-04,0.000000000000000000e+00,0.000000000000000000e+00,0.000000000000000000e+00,0.000000000000000000e+00,8.056440748360224971e-06,7.599820523671157730e-05,1.529855054646138087e-04,2.382946213913409762e-04,3.310563843765514038e-04,4.302951210729681923e-04,5.349700426432482626e-04,6.440199480707895332e-04,7.564010930855140933e-04,8.711219189060581073e-04,9.872724543474992696e-04,1.104044663111790293e-03,1.220740582900995156e-03,1.336773349950413567e-03,1.451656841864049996e-03,1.564985450816264384e-03,1.676405203764923723e-03,1.785580769007452922e-03,1.892157177895980496e-03,1.995719586169319212e-03,2.095760192914473789e-03,2.191639644022112116e-03,2.282568021957784125e-03,2.367587066218913155e-03,2.445566042650636641e-03,5.871694535305774752e-03,1.102341498657829827e-03,1.119505162378866886e-03,1.381562012407665848e-03,1.888687046915592726e-03,0.000000000000000000e+00,0.000000000000000000e+00,0.000000000000000000e+00,0.000000000000000000e+00,0.000000000000000000e+00,0.000000000000000000e+00,0.000000000000000000e+00,0.000000000000000000e+00,0.000000000000000000e+00,0.000000000000000000e+00,0.000000000000000000e+00,0.000000000000000000e+00,0.000000000000000000e+00,0.000000000000000000e+00,0.000000000000000000e+00,0.000000000000000000e+00,0.000000000000000000e+00,1.195753769066707428e-04,5.770531288509065130e-04,7.716332476821580709e-04,6.748457231079408019e-04,4.523053897614936559e-04,5.815875467657161992e-04,6.904546430875795667e-04,7.781844048747748894e-04,8.445696804700449870e-04,8.899079222892804317e-04,9.149766098630545503e-04,9.209931621243170599e-04,9.095619771232801029e-04,8.826128346039991508e-04,8.423298646443662559e-04,7.910771489813138869e-04,7.313159266083248599e-04,6.655263462665809981e-04,5.961287601862175992e-04,5.254097880398610242e-04,4.554511135157481255e-04,3.880712787538359641e-04,3.247726782844431248e-04,2.667036199077156252e-04,2.146270537750280538e-04,1.689060375529627183e-04,1.295023707589244919e-04,9.598516332621897390e-05,6.755549378973009240e-05,4.308145996656451420e-05,2.114507585093767443e-05,9.830769937606096563e-08,0.000000000000000000e+00,0.000000000000000000e+00,0.000000000000000000e+00,0.000000000000000000e+00,2.578268181949478367e-04,4.224757305428941461e-04,4.822197276756967567e-04,4.663306313649243063e-04,1.264927566567897958e-03,2.252828183053339536e-03,3.004025342922397521e-03,3.475936961626329563e-03,3.669051224861830541e-03,3.626984417253709212e-03,3.423976202778055214e-03,3.682861886697794129e-03,4.201097418891306182e-03,4.414372367428281117e-03,4.264091734497314767e-03,3.757879819450415070e-03,2.967642970423979391e-03,2.012701963640752684e-03,1.789279209781502672e-03,1.596435573510501024e-03,1.371995197926971022e-03,1.103023198317524146e-03,7.697147390094749358e-04,3.519459798608146040e-04,0.000000000000000000e+00,0.000000000000000000e+00,0.000000000000000000e+00,1.142970794267759950e-04,2.154415440009026196e-04,2.308865006198045880e-04,2.101476995348277612e-04,2.214851701642886635e-04,0.000000000000000000e+00,2.191962778978376152e-03,1.524264175932101353e-03,0.000000000000000000e+00,0.000000000000000000e+00,0.000000000000000000e+00,0.000000000000000000e+00,0.000000000000000000e+00,0.000000000000000000e+00,0.000000000000000000e+00,0.000000000000000000e+00,0.000000000000000000e+00,0.000000000000000000e+00,0.000000000000000000e+00,0.000000000000000000e+00,0.000000000000000000e+00,4.069442043368680763e-05,2.152459535983284461e-03,9.573453980344788202e-04,0.000000000000000000e+00,0.000000000000000000e+00,0.000000000000000000e+00,0.000000000000000000e+00,2.861299229129245615e-04,8.387245359054500094e-04,1.352139620003091867e-03,1.772060027534047956e-03,2.058156917789676944e-03,2.189642319690206489e-03,2.168456132862235566e-03,2.018363791504825238e-03,1.779640050595888891e-03,1.500956954122083329e-03,1.231265214021275579e-03,1.013911699266053200e-03,1.256829189313763123e-03,1.798936201323535862e-03,2.292109514896181754e-03,2.656022280712324116e-03,2.804441323272617841e-03,2.659299030258038647e-03,2.166105883387168304e-03,2.380929903039428770e-03,2.567076447880630753e-03,2.690308295660070407e-03,2.791557246857561802e-03,2.921840125050616764e-03,3.117321737733067064e-03,3.376818836280647777e-03,3.651319281294383278e-03,3.850861022243388249e-03,3.867624667067237881e-03,3.608060578788997372e-03,3.023636651499420503e-03,2.130399530850165309e-03,1.808213468078603142e-03,3.157812439769729172e-03,3.858515643480672254e-03,0.000000000000000000e+00,0.000000000000000000e+00,0.000000000000000000e+00,0.000000000000000000e+00,2.621850298618004678e-03,1.125224579510641920e-03,0.000000000000000000e+00,0.000000000000000000e+00,0.000000000000000000e+00,0.000000000000000000e+00,0.000000000000000000e+00,0.000000000000000000e+00,0.000000000000000000e+00,0.000000000000000000e+00,0.000000000000000000e+00,1.547784267216647863e-04,4.959113949032550915e-04,1.401642421851384806e-03,1.207460991526025824e-02,0.000000000000000000e+00,0.000000000000000000e+00,0.000000000000000000e+00,0.000000000000000000e+00,0.000000000000000000e+00,0.000000000000000000e+00,0.000000000000000000e+00,0.000000000000000000e+00,0.000000000000000000e+00,0.000000000000000000e+00,0.000000000000000000e+00,0.000000000000000000e+00,0.000000000000000000e+00,0.000000000000000000e+00,0.000000000000000000e+00,0.000000000000000000e+00,0.000000000000000000e+00,0.000000000000000000e+00,0.000000000000000000e+00,0.000000000000000000e+00,0.000000000000000000e+00,0.000000000000000000e+00,0.000000000000000000e+00,0.000000000000000000e+00,0.000000000000000000e+00,0.000000000000000000e+00,0.000000000000000000e+00,0.000000000000000000e+00,0.000000000000000000e+00,0.000000000000000000e+00,0.000000000000000000e+00,0.000000000000000000e+00,0.000000000000000000e+00,0.000000000000000000e+00,0.000000000000000000e+00,0.000000000000000000e+00,0.000000000000000000e+00,2.292138604693899975e-04,4.518531566579096249e-04,6.389022397533847914e-04,8.047642325295470715e-04,9.755430093668892568e-04,1.185869277650808580e-03,1.470007184707522669e-03,1.849593155522246627e-03,2.322564126555477955e-03,3.802227399467614406e-03,3.286108835429533536e-03,0.000000000000000000e+00,0.000000000000000000e+00,0.000000000000000000e+00,0.000000000000000000e+00,0.000000000000000000e+00,0.000000000000000000e+00,0.000000000000000000e+00,0.000000000000000000e+00,0.000000000000000000e+00,7.406004483107779361e-05,8.532892593160542206e-04,1.478109583895092019e-03,1.546796293145040382e-03,1.565422069092487715e-03,1.379939324705255470e-03,1.014148385139814444e-03,5.166681064216470691e-04,0.000000000000000000e+00,0.000000000000000000e+00,0.000000000000000000e+00,0.000000000000000000e+00,0.000000000000000000e+00,0.000000000000000000e+00,0.000000000000000000e+00,0.000000000000000000e+00,0.000000000000000000e+00,0.000000000000000000e+00,0.000000000000000000e+00,0.000000000000000000e+00,0.000000000000000000e+00,0.000000000000000000e+00,0.000000000000000000e+00,0.000000000000000000e+00,0.000000000000000000e+00,6.037025937741857589e-04,2.814091970207911741e-03,4.897296378296849342e-03,0.000000000000000000e+00,0.000000000000000000e+00,0.000000000000000000e+00,0.000000000000000000e+00,0.000000000000000000e+00,0.000000000000000000e+00,0.000000000000000000e+00,0.000000000000000000e+00,0.000000000000000000e+00,0.000000000000000000e+00,0.000000000000000000e+00,0.000000000000000000e+00,0.000000000000000000e+00,0.000000000000000000e+00,0.000000000000000000e+00,0.000000000000000000e+00,0.000000000000000000e+00,4.035378130332792465e-04,1.241848818012874492e-03,2.030067801298369220e-03,2.673302139416916176e-03,3.079774272049332681e-03,0.000000000000000000e+00,0.000000000000000000e+00,0.000000000000000000e+00,0.000000000000000000e+00,0.000000000000000000e+00,0.000000000000000000e+00,0.000000000000000000e+00,0.000000000000000000e+00,0.000000000000000000e+00,0.000000000000000000e+00,0.000000000000000000e+00,1.111917008615418742e-05,1.842976267663981550e-05,0.000000000000000000e+00,1.152219852903590196e-05,3.239442192058981712e-04,1.348163435810231315e-03,2.230643542609247933e-03,2.836662419245732959e-03,3.047750880276374908e-03,2.785306059680588142e-03,2.030149528170542214e-03,1.069341017760752416e-03,1.083954060251418909e-03,1.078258836795183834e-03,1.073758281974053659e-03,1.415663036165750680e-03,1.654641922721311999e-03,8.912321984700892832e-03,0.000000000000000000e+00,0.000000000000000000e+00,0.000000000000000000e+00,0.000000000000000000e+00,0.000000000000000000e+00,0.000000000000000000e+00,0.000000000000000000e+00,0.000000000000000000e+00,0.000000000000000000e+00,3.715219519491634814e-05,1.896585027115372992e-03,3.083714621610099751e-03,3.841044557950569482e-03,4.274380637329954803e-03,4.358194521946660502e-03,0.000000000000000000e+00,0.000000000000000000e+00,0.000000000000000000e+00,0.000000000000000000e+00,0.000000000000000000e+00,0.000000000000000000e+00,0.000000000000000000e+00,0.000000000000000000e+00,0.000000000000000000e+00,0.000000000000000000e+00,0.000000000000000000e+00,0.000000000000000000e+00,0.000000000000000000e+00,1.209280974248800750e-05,6.774039681914002407e-04,1.600917525496133682e-03,2.759573272584942873e-03,4.093909925498190848e-03,0.000000000000000000e+00,0.000000000000000000e+00,0.000000000000000000e+00,0.000000000000000000e+00,0.000000000000000000e+00,0.000000000000000000e+00,0.000000000000000000e+00,0.000000000000000000e+00,0.000000000000000000e+00,0.000000000000000000e+00,0.000000000000000000e+00,0.000000000000000000e+00,0.000000000000000000e+00,0.000000000000000000e+00,0.000000000000000000e+00,0.000000000000000000e+00,0.000000000000000000e+00,5.002263320156458701e-04,8.728299598976304446e-04,9.042506433648386148e-04,6.785271171774542127e-04
1.668635134905407264e-08,0.000000000000000000e+00,0.000000000000000000e+00,0.000000000000000000e+00,0.000000000000000000e+00,0.000000000000000000e+00,0.000000000000000000e+00,0.000000000000000000e+00,0.000000000000000000e+00,0.000000000000000000e+00,6.721146439086352021e-04,1.050699002205553439e-03,1.286423570177262690e-03,1.415135560813503583e-03,1.447800383468967689e-03,1.396749138526272131e-03,1.265990028268686477e-03,1.047459949708083376e-03,7.254683658505917381e-04,2.881230218923304972e-04,0.000000000000000000e+00,0.000000000000000000e+00,0.000000000000000000e+00,0.000000000000000000e+00,0.000000000000000000e+00,0.000000000000000000e+00,0.000000000000000000e+00,0.000000000000000000e+00,0.000000000000000000e+00,0.000000000000000000e+00,0.000000000000000000e+00,0.000000000000000000e+00,0.000000000000000000e+00,0.000000000000000000e+00,0.000000000000000000e+00,1.668829180198247623e-06,4.284069778926460816e-04,8.952630857163888312e-04,1.336430646404199694e-03,1.752265960595592248e-03,2.144712442397942939e-03,2.513392786047837640e-03,2.851615684117386491e-03,3.143872111757104251e-03,3.366229893194743958e-03,3.490043695259052985e-03,3.488021216019628837e-03,3.340604835632118678e-03,3.040527372968828898e-03,2.594319779028597152e-03,2.020995369914188079e-03,1.349227873704151714e-03,6.144477066520805542e-04,0.000000000000000000e+00,0.000000000000000000e+00,0.000000000000000000e+00,8.262100645524480961e-04,1.505254435060535481e-03,1.964820129480558154e-03,2.182941017883255515e-03,2.164394827824104011e-03,1.935947041917252366e-03,1.538062068036486147e-03,1.016049347624493849e-03,4.137214553103800343e-04,0.000000000000000000e+00,0.000000000000000000e+00,0.000000000000000000e+00,0.000000000000000000e+00,0.000000000000000000e+00,0.000000000000000000e+00,0.000000000000000000e+00,0.000000000000000000e+00,0.000000000000000000e+00,0.000000000000000000e+00,0.000000000000000000e+00,0.000000000000000000e+00,0.000000000000000000e+00,0.000000000000000000e+00,0.000000000000000000e+00,0.000000000000000000e+00,0.000000000000000000e+00,0.000000000000000000e+00,0.000000000000000000e+00,0.000000000000000000e+00,0.000000000000000000e+00,0.000000000000000000e+00,0.000000000000000000e+00,0.000000000000000000e+00,0.000000000000000000e+00,0.000000000000000000e+00,0.000000000000000000e+00,0.000000000000000000e+00,0.000000000000000000e+00,0.000000000000000000e+00,0.000000000000000000e+00,0.000000000000000000e+00,0.000000000000000000e+00,0.000000000000000000e+00,0.000000000000000000e+00,0.000000000000000000e+00,0.000000000000000000e+00,0.000000000000000000e+00,2.534871283328384703e-05,7.300308555657866218e-04,2.914960134721873274e-03,0.000000000000000000e+00,0.000000000000000000e+00,0.000000000000000000e+00,0.000000000000000000e+00,0.000000000000000000e+00,1.377546533152445370e-04,2.743402120434993287e-04,2.814591867505560085e-04,1.707788100090638754e-04,0.000000000000000000e+00,0.000000000000000000e+00,0.000000000000000000e+00,9.906543386849341482e-04,0.000000000000000000e+00,0.000000000000000000e+00,0.000000000000000000e+00,4.902432322938071437e-04,2.127208361231590437e-03,7.272152278415761409e-04,1.026812915404402664e-03,0.000000000000000000e+00,0.000000000000000000e+00,0.000000000000000000e+00,0.000000000000000000e+00,0.000000000000000000e+00,0.000000000000000000e+00,0.000000000000000000e+00,0.000000000000000000e+00,0.000000000000000000e+00,0.000000000000000000e+00,0.000000000000000000e+00,0.000000000000000000e+00,0.000000000000000000e+00,0.000000000000000000e+00,0.000000000000000000e+00,0.000000000000000000e+00,0.000000000000000000e+00,0.000000000000000000e+00,0.000000000000000000e+00,0.000000000000000000e+00,0.000000000000000000e+00,5.541085506641060983e-03,1.599430097879494216e-03,0.000000000000000000e+00,0.000000000000000000e+00,0.000000000000000000e+00,0.000000000000000000e+00,0.000000000000000000e+00,0.000000000000000000e+00,0.000000000000000000e+00,0.000000000000000000e+00,0.000000000000000000e+00,0.000000000000000000e+00,0.000000000000000000e+00,8.894158933570062988e-05,1.189563826663493092e-04,5.610668688611843190e-04,1.532129925193628653e-03,0.000000000000000000e+00,0.000000000000000000e+00,0.000000000000000000e+00,0.000000000000000000e+00,0.000000000000000000e+00,0.000000000000000000e+00,0.000000000000000000e+00,0.000000000000000000e+00,0.000000000000000000e+00,0.000000000000000000e+00,0.000000000000000000e+00,1.199461778151696183e-04,1.129678656007782230e-03,2.193573509173354832e-03,3.269849026455429880e-03,4.298115247616913007e-03,5.205971979863630549e-03,5.920779442363575604e-03,6.385057543445866839e-03,6.571986704978926078e-03,6.496051074432756915e-03,6.214173440391171366e-03,5.815326772015421211e-03,0.000000000000000000e+00,0.000000000000000000e+00,0.000000000000000000e+00,0.000000000000000000e+00,0.000000000000000000e+00,0.000000000000000000e+00,0.000000000000000000e+00,0.000000000000000000e+00,0.000000000000000000e+00,0.000000000000000000e+00,0.000000000000000000e+00,0.000000000000000000e+00,0.000000000000000000e+00,0.000000000000000000e+00,0.000000000000000000e+00,0.000000000000000000e+00,0.000000000000000000e+00,0.000000000000000000e+00,0.000000000000000000e+00,0.000000000000000000e+00,0.000000000000000000e+00,0.000000000000000000e+00,0.000000000000000000e+00,0.000000000000000000e+00,0.000000000000000000e+00,0.000000000000000000e+00,0.000000000000000000e+00,0.000000000000000000e+00,6.674369934863657499e-04,1.395551078311602512e-03,1.936067989805141795e-03,2.247730751890340654e-03,2.319890756903115071e-03,2.179139148147950580e-03,1.887661807944806440e-03,1.532212967598079378e-03,1.205964224253522994e-03,9.882921178267661290e-04,9.285290570236983581e-04,1.038366419348718496e-03,1.294570740332351942e-03,1.650264328887277900e-03,2.050614619876914204e-03,2.448090714013998956e-03,2.813316727665656197e-03,3.139301576300100680e-03,3.438672504244122841e-03,5.102312946780324619e-03,0.000000000000000000e+00,0.000000000000000000e+00,0.000000000000000000e+00,0.000000000000000000e+00,0.000000000000000000e+00,0.000000000000000000e+00,0.000000000000000000e+00,0.000000000000000000e+00,0.000000000000000000e+00,0.000000000000000000e+00,0.000000000000000000e+00,0.000000000000000000e+00,0.000000000000000000e+00,0.000000000000000000e+00,0.000000000000000000e+00,0.000000000000000000e+00,3.816348704040986215e-04,8.581877600269211199e-04,1.206476736698396460e-03,1.419268443449400903e-03,1.499376910878440564e-03,1.460747212964446295e-03,1.501321500423365629e-03,1.518308013531656812e-03,1.292977102891440435e-03,8.476029681637647960e-04,3.862243388236765882e-04,1.236164431199354154e-04,0.000000000000000000e+00,0.000000000000000000e+00,0.000000000000000000e+00,0.000000000000000000e+00,0.000000000000000000e+00,0.000000000000000000e+00,0.000000000000000000e+00,0.000000000000000000e+00,0.000000000000000000e+00,0.000000000000000000e+00,0.000000000000000000e+00,0.000000000000000000e+00,0.000000000000000000e+00,0.000000000000000000e+00,0.000000000000000000e+00,0.000000000000000000e+00,0.000000000000000000e+00,0.000000000000000000e+00,0.000000000000000000e+00,0.000000000000000000e+00,0.000000000000000000e+00,0.000000000000000000e+00,3.182612266341532515e-04,9.578877468216824434e-04,1.608540226900602140e-03,2.204599007473496443e-03,2.676305596261900881e-03,2.962268056272569609e-03,3.022737639054322648e-03,2.849885239986957308e-03,2.471394425400334771e-03,1.945364416070884768e-03,1.347319741666365292e-03,7.529393969408507354e-04,2.217094363667574536e-04,0.000000000000000000e+00,0.000000000000000000e+00,0.000000000000000000e+00,0.000000000000000000e+00,0.000000000000000000e+00,0.000000000000000000e+00,2.303302018184834055e-05,0.000000000000000000e+00,0.000000000000000000e+00,0.000000000000000000e+00,0.000000000000000000e+00,0.000000000000000000e+00,0.000000000000000000e+00,0.000000000000000000e+00,0.000000000000000000e+00,0.000000000000000000e+00,0.000000000000000000e+00,0.000000000000000000e+00,0.000000000000000000e+00,0.000000000000000000e+00,0.000000000000000000e+00,0.000000000000000000e+00,5.995011783181807425e-05,6.863989673475154958e-05,0.000000000000000000e+00,0.000000000000000000e+00,0.000000000000000000e+00,0.000000000000000000e+00,0.000000000000000000e+00,0.000000000000000000e+00,0.000000000000000000e+00,0.000000000000000000e+00,0.000000000000000000e+00,0.000000000000000000e+00,0.000000000000000000e+00,3.741553405585233694e-04,9.259634879342967242e-04,1.389215535664253690e-03,1.731506540389012678e-03,1.943457977509613615e-03,2.036374685367805561e-03,2.230894412254111683e-03,2.360926352315475141e-03,2.410699688170582673e-03,2.391323583168956154e-03,2.315138891100446475e-03,2.188345120814195847e-03,2.006716396834844034e-03,1.806802388029381777e-03,1.942243818322904629e-03,2.122237761011534080e-03,2.320950623532715053e-03,2.500105790460898422e-03,2.614862856485464931e-03,2.622627182598172898e-03,2.491761373987181390e-03,2.207284188111016243e-03,1.772176438602002680e-03,1.204889768236424349e-03,5.349533197960122752e-04,2.156821553431142937e-04,7.813954378089020287e-04,1.282724012417736171e-03,1.673286658958113293e-03,1.928287157757850936e-03,2.043305139648750931e-03,2.030550389672761830e-03,1.914231378088113947e-03,1.725766433180673945e-03,1.498809130853271179e-03,1.263957659780768879e-03,1.043430200204498951e-03,8.464406140599645047e-04,6.661740403474087453e-04,4.791457033172265008e-04,2.475441665214719454e-04,0.000000000000000000e+00,0.000000000000000000e+00,0.000000000000000000e+00,0.000000000000000000e+00,0.000000000000000000e+00,0.000000000000000000e+00,0.000000000000000000e+00,0.000000000000000000e+00,0.000000000000000000e+00,0.000000000000000000e+00,0.000000000000000000e+00,0.000000000000000000e+00,0.000000000000000000e+00,0.000000000000000000e+00,0.000000000000000000e+00,0.000000000000000000e+00,0.000000000000000000e+00,0.000000000000000000e+00,0.000000000000000000e+00,0.000000000000000000e+00,0.000000000000000000e+00,0.000000000000000000e+00,0.000000000000000000e+00,0.000000000000000000e+00,0.000000000000000000e+00,0.000000000000000000e+00
0.000000000000000000e+00,1.304551882412819611e-04,1.455950384390195906e-04,1.461776566398286317e-04,2.102773865009704762e-04,3.837393430787441992e-04,6.789646456138233614e-04,1.079883283849732579e-03,1.550133243067824745e-03,2.041717955056063499e-03,2.502362145725828269e-03,2.881003274008169055e-03,3.131985245681049614e-03,3.218917301296374961e-03,3.118808877556605332e-03,2.826273927938671455e-03,2.356969371941198318e-03,1.749389645382516591e-03,1.064435978952330735e-03,3.823849569987502008e-04,0.000000000000000000e+00,0.000000000000000000e+00,0.000000000000000000e+00,0.000000000000000000e+00,2.228095996479047638e-04,8.572496055115201878e-04,1.842288795325660016e-03,0.000000000000000000e+00,0.000000000000000000e+00,0.000000000000000000e+00,0.000000000000000000e+00,0.000000000000000000e+00,0.000000000000000000e+00,0.000000000000000000e+00,0.000000000000000000e+00,0.000000000000000000e+00,4.511279506820691383e-05,9.977766422711792978e-04,1.764886980735049394e-03,1.840455159686662503e-03,2.011485705928711242e-03,2.169349586904909758e-03,2.313061621398162897e-03,2.441725827292515368e-03,2.554553389685612543e-03,2.650878727261362418e-03,2.730180748101437155e-03,2.792101414666599193e-03,0.000000000000000000e+00,0.000000000000000000e+00,0.000000000000000000e+00,0.000000000000000000e+00,0.000000000000000000e+00,0.000000000000000000e+00,0.000000000000000000e+00,0.000000000000000000e+00,0.000000000000000000e+00,0.000000000000000000e+00,0.000000000000000000e+00,0.000000000000000000e+00,0.000000000000000000e+00,0.000000000000000000e+00,0.000000000000000000e+00,0.000000000000000000e+00,0.000000000000000000e+00,4.813339830052553142e-05,4.043114813945234993e-04,5.840104504535236982e-04,5.719979202091891000e-04,3.686328579117372330e-04,0.000000000000000000e+00,0.000000000000000000e+00,0.000000000000000000e+00,0.000000000000000000e+00,0.000000000000000000e+00,0.000000000000000000e+00,0.000000000000000000e+00,0.000000000000000000e+00,0.000000000000000000e+00,0.000000000000000000e+00,1.112536910776022351e-04,2.253610630159374247e-04,3.386769537187025851e-04,4.502885750009636952e-04,5.590918016039427875e-04,6.638170961328971383e-04,7.630601078809313769e-04,8.553190893198515379e-04,9.390369823911727228e-04,2.575133174492048264e-03,4.223027894761049832e-03,5.520485881302742044e-03,6.295516250769943138e-03,6.462492124092686016e-03,6.036857251145854621e-03,5.127286585899636963e-03,3.907674941631977122e-03,2.575966065767638577e-03,1.309905083906960036e-03,9.205371714616527364e-04,8.144774045786419385e-04,6.911965808235929305e-04,5.515234298366728178e-04,3.964765782397419941e-04,2.272442411883879277e-04,4.516019231069425986e-05,0.000000000000000000e+00,0.000000000000000000e+00,0.000000000000000000e+00,0.000000000000000000e+00,0.000000000000000000e+00,0.000000000000000000e+00,0.000000000000000000e+00,0.000000000000000000e+00,0.000000000000000000e+00,0.000000000000000000e+00,0.000000000000000000e+00,1.996015604743877009e-04,9.693360387927173064e-04,1.463458765128573509e-03,1.706008425237082269e-03,1.737534071452832580e-03,1.605524020622251836e-03,1.775229788344894703e-03,2.566469140815675568e-03,3.116021191532315250e-03,3.390138791342209648e-03,3.393182697892257668e-03,3.162635100978190665e-03,2.758577738138578810e-03,2.250900108596757144e-03,1.707280021094880439e-03,1.184086931043075528e-03,7.212316043608599887e-04,3.408624412345704095e-04,2.083054092585836657e-04,8.744638358308659109e-04,1.694387690626557134e-03,2.606846030536083981e-03,3.528576208408172512e-03,4.371857871432615998e-03,5.066150133976612957e-03,5.577156656213996117e-03,5.916441962001686358e-03,6.137064434183676226e-03,6.315163584938520737e-03,6.522527611911455719e-03,6.798813074151907609e-03,7.132740087025170317e-03,7.458807669145056662e-03,7.671059907564195708e-03,7.650097036504041777e-03,7.295748794248844982e-03,6.556636970802744852e-03,5.449089365722768752e-03,4.060801285595102422e-03,2.538270531593772930e-03,1.060678480294154503e-03,1.731828882684706286e-03,2.358106936068944583e-03,2.888618359911977740e-03,3.321951907818812381e-03,3.639521215257680332e-03,3.803789986624413373e-03,3.768341059835833042e-03,3.495569588324662878e-03,2.974751598513276137e-03,2.233373305470643441e-03,2.144342786826080455e-03,2.063814165107275694e-03,1.848832522173159869e-03,1.592498958516098875e-03,1.384276201536611874e-03,1.288695789462667189e-03,1.330997186356389084e-03,1.493131217757536150e-03,1.720759445423868670e-03,1.938639514881052971e-03,2.069276035682996156e-03,2.049043152265193467e-03,1.837498252185750056e-03,1.418828119435175741e-03,7.977837847436906448e-04,4.529353224834997693e-04,5.717442842247251423e-04,6.816475217596152910e-04,7.821581223745295922e-04,8.729349385789696592e-04,9.537726721887273976e-04,1.024588204890516550e-03,0.000000000000000000e+00,0.000000000000000000e+00,9.513292510734238771e-04,1.871833761531049639e-03,2.623395658619465977e-03,3.128137406834922106e-03,3.340605040089606511e-03,3.257277589558916706e-03,2.915906395863510601e-03,2.384641773793505677e-03,1.744712008320838852e-03,1.072683037104871532e-03,4.279833723050918107e-04,0.000000000000000000e+00,0.000000000000000000e+00,0.000000000000000000e+00,0.000000000000000000e+00,0.000000000000000000e+00,0.000000000000000000e+00,0.000000000000000000e+00,0.000000000000000000e+00,0.000000000000000000e+00,0.000000000000000000e+00,0.000000000000000000e+00,0.000000000000000000e+00,0.000000000000000000e+00,0.000000000000000000e+00,0.000000000000000000e+00,0.000000000000000000e+00,0.000000000000000000e+00,3.979607602536181996e-03,5.975701619538803869e-04,7.409881423328930719e-05,6.597107997207637433e-05,6.471322575360107703e-05,8.756506953377604131e-05,6.624455880164500975e-04,1.350678561124690671e-03,2.069528709594780670e-03,2.722682175536724185e-03,3.217631000712135522e-03,3.482200616106453581e-03,0.000000000000000000e+00,0.000000000000000000e+00,0.000000000000000000e+00,0.000000000000000000e+00,0.000000000000000000e+00,7.342071235838131720e-04,0.000000000000000000e+00,0.000000000000000000e+00,0.000000000000000000e+00,0.000000000000000000e+00,0.000000000000000000e+00,0.000000000000000000e+00,0.000000000000000000e+00,0.000000000000000000e+00,0.000000000000000000e+00,0.000000000000000000e+00,1.031065848844180555e-03,2.532830277999473939e-03,3.759377604930984589e-03,3.876311016438164971e-03,3.699296481384949185e-03,3.308284777088837600e-03,2.778136251095954419e-03,2.196865954890564725e-03,1.651808054830121832e-03,1.215805847443659007e-03,9.357415919791276350e-04,8.261755324703879419e-04,8.702198338085304508e-04,1.027680913082496981e-03,1.247811538728515286e-03,1.482032290976879191e-03,1.692001162596044753e-03,1.850639322540991805e-03,1.937254503649271176e-03,1.930925082659317327e-03,1.807222990390880022e-03,1.541502089980628350e-03,1.118194627826904052e-03,5.418542339345297672e-04,4.188206884156767096e-04,5.970243469289236672e-04,5.682360864311835659e-04,4.160282590899276622e-04,2.334306339436233104e-04,9.724759977500461734e-05,4.988329897889812691e-05,9.361850096166921226e-05,1.978601920468458803e-04,3.154784061483526924e-04,4.016299564094325805e-04,5.552835597798003696e-04,6.999673470479728403e-04,8.302671091384419746e-04,9.446221213240187532e-04,1.041723648148140235e-03,1.120525943133928197e-03,1.180254074743287453e-03,1.220405784825461058e-03,1.240750683793463141e-03,1.241323875032030464e-03,1.222419809913905019e-03,1.184581322496768094e-03,1.128586924143303548e-03,1.055437683902375919e-03,9.663390262047341075e-04,8.626836769085315538e-04,7.460312762500255403e-04,6.180842829559318784e-04,4.806635437906133846e-04,3.356804975257579897e-04,1.851065573350163399e-04,3.093968883675958796e-05,0.000000000000000000e+00,0.000000000000000000e+00,0.000000000000000000e+00,0.000000000000000000e+00,0.000000000000000000e+00,0.000000000000000000e+00,0.000000000000000000e+00,0.000000000000000000e+00,1.731593973605302628e-04,4.177748721598067657e-04,5.373551404807287149e-04,4.825413840784105826e-04,2.274855341531892717e-04,0.000000000000000000e+00,8.313433956394620681e-04,4.313690956923155531e-03,1.737624041523994859e-03,0.000000000000000000e+00,0.000000000000000000e+00,0.000000000000000000e+00,0.000000000000000000e+00,0.000000000000000000e+00,3.445413887125708431e-03,0.000000000000000000e+00,0.000000000000000000e+00,0.000000000000000000e+00,0.000000000000000000e+00,0.000000000000000000e+00,0.000000000000000000e+00,0.000000000000000000e+00,0.000000000000000000e+00,0.000000000000000000e+00,0.000000000000000000e+00,0.000000000000000000e+00,0.000000000000000000e+00,0.000000000000000000e+00,0.000000000000000000e+00,0.000000000000000000e+00,0.000000000000000000e+00,0.000000000000000000e+00,0.000000000000000000e+00,0.000000000000000000e+00,0.000000000000000000e+00,0.000000000000000000e+00,0.000000000000000000e+00,0.000000000000000000e+00,0.000000000000000000e+00,0.000000000000000000e+00,0.000000000000000000e+00,0.000000000000000000e+00,0.000000000000000000e+00,0.000000000000000000e+00,0.000000000000000000e+00,0.000000000000000000e+00,0.000000000000000000e+00,0.000000000000000000e+00,8.986852023014688497e-04,2.022290475104688168e-03,6.687185573128872490e-04,1.177558057860642700e-03,1.814776730446719536e-03,0.000000000000000000e+00,0.000000000000000000e+00,0.000000000000000000e+00,0.000000000000000000e+00,0.000000000000000000e+00,0.000000000000000000e+00,0.000000000000000000e+00,0.000000000000000000e+00,0.000000000000000000e+00,0.000000000000000000e+00,0.000000000000000000e+00,0.000000000000000000e+00,0.000000000000000000e+00,5.831079399320042038e-05,1.250470960292084674e-04,1.959637383971612123e-04,2.721048083768483794e-04,3.544114791514978895e-04,4.436901557236680666e-04,5.405861548165893623e-04,0.000000000000000000e+00,0.000000000000000000e+00,0.000000000000000000e+00,0.000000000000000000e+00,0.000000000000000000e+00,0.000000000000000000e+00,0.000000000000000000e+00,0.000000000000000000e+00,0.000000000000000000e+00,0.000000000000000000e+00,0.000000000000000000e+00,0.000000000000000000e+00,0.000000000000000000e+00,0.000000000000000000e+00
6.971839499049454946e-08,8.046315495436613240e-04,3.996638027147349990e-05,3.725741748653465418e-05,1.856413233761441880e-05,0.000000000000000000e+00,0.000000000000000000e+00,0.000000000000000000e+00,2.852786967781042850e-05,5.615294368638355359e-04,9.621280256041663849e-04,1.187490567549104098e-03,1.225843826241570502e-03,1.087283273776522372e-03,7.910865698588616856e-04,1.096257736354323224e-03,1.857470389077841731e-03,2.584857871521037496e-03,3.193107753574423498e-03,3.615131350301361863e-03,3.812950347173220574e-03,3.780212364818564489e-03,3.536864044133753750e-03,3.119142732230375820e-03,2.569440085448350744e-03,1.930001605278458196e-03,1.242033272990505227e-03,5.486792270175387155e-04,0.000000000000000000e+00,0.000000000000000000e+00,0.000000000000000000e+00,0.000000000000000000e+00,0.000000000000000000e+00,0.000000000000000000e+00,0.000000000000000000e+00,0.000000000000000000e+00,2.379755076808725178e-04,7.448749309731520548e-04,1.163142350139824074e-03,1.426921823264225720e-03,1.480576297266821125e-03,1.286031973312893369e-03,8.315068633791074422e-04,1.393794117810480567e-04,0.000000000000000000e+00,0.000000000000000000e+00,0.000000000000000000e+00,0.000000000000000000e+00,0.000000000000000000e+00,0.000000000000000000e+00,0.000000000000000000e+00,0.000000000000000000e+00,0.000000000000000000e+00,0.000000000000000000e+00,0.000000000000000000e+00,0.000000000000000000e+00,0.000000000000000000e+00,0.000000000000000000e+00,0.000000000000000000e+00,0.000000000000000000e+00,0.000000000000000000e+00,0.000000000000000000e+00,0.000000000000000000e+00,0.000000000000000000e+00,0.000000000000000000e+00,0.000000000000000000e+00,0.000000000000000000e+00,9.581587786467099044e-04,2.168729328219530430e-03,3.366580585319496957e-03,4.461119171621737156e-03,5.361596572374370713e-03,5.986905032674208656e-03,6.276744031908652703e-03,6.203737727040414818e-03,5.784172097259420754e-03,5.083186840508905485e-03,4.210014765172074777e-03,3.301033027093454742e-03,2.492593522749334684e-03,1.890013330571450488e-03,1.541650626349833205e-03,1.426229266329105466e-03,1.457715820368833681e-03,1.506604970004274098e-03,1.431690822466937657e-03,1.113876954699425173e-03,4.838898317985473462e-04,0.000000000000000000e+00,0.000000000000000000e+00,0.000000000000000000e+00,0.000000000000000000e+00,0.000000000000000000e+00,0.000000000000000000e+00,0.000000000000000000e+00,0.000000000000000000e+00,0.000000000000000000e+00,0.000000000000000000e+00,0.000000000000000000e+00,0.000000000000000000e+00,0.000000000000000000e+00,0.000000000000000000e+00,0.000000000000000000e+00,1.308144968276543326e-04,3.858417165797589442e-05,0.000000000000000000e+00,0.000000000000000000e+00,0.000000000000000000e+00,0.000000000000000000e+00,0.000000000000000000e+00,0.000000000000000000e+00,0.000000000000000000e+00,0.000000000000000000e+00,0.000000000000000000e+00,0.000000000000000000e+00,0.000000000000000000e+00,0.000000000000000000e+00,0.000000000000000000e+00,0.000000000000000000e+00,0.000000000000000000e+00,0.000000000000000000e+00,0.000000000000000000e+00,0.000000000000000000e+00,0.000000000000000000e+00,0.000000000000000000e+00,0.000000000000000000e+00,0.000000000000000000e+00,0.000000000000000000e+00,0.000000000000000000e+00,0.000000000000000000e+00,0.000000000000000000e+00,1.597732886139463168e-04,3.578063083755715071e-04,4.297066632984997527e-04,3.536456153892560258e-04,1.525020424665723842e-04,0.000000000000000000e+00,0.000000000000000000e+00,0.000000000000000000e+00,0.000000000000000000e+00,2.369176707214401209e-04,9.049578262374380214e-04,1.716622186363186715e-03,2.548349315877258478e-03,3.267138319177834496e-03,3.756311660001004395e-03,3.934296830505933443e-03,3.763732799865200651e-03,3.251646807889132292e-03,2.443548568899220948e-03,1.414586516408975706e-03,2.598426177164846087e-04,0.000000000000000000e+00,0.000000000000000000e+00,0.000000000000000000e+00,0.000000000000000000e+00,0.000000000000000000e+00,0.000000000000000000e+00,0.000000000000000000e+00,0.000000000000000000e+00,0.000000000000000000e+00,0.000000000000000000e+00,0.000000000000000000e+00,0.000000000000000000e+00,0.000000000000000000e+00,0.000000000000000000e+00,0.000000000000000000e+00,0.000000000000000000e+00,0.000000000000000000e+00,0.000000000000000000e+00,0.000000000000000000e+00,0.000000000000000000e+00,0.000000000000000000e+00,0.000000000000000000e+00,0.000000000000000000e+00,0.000000000000000000e+00,0.000000000000000000e+00,0.000000000000000000e+00,0.000000000000000000e+00,0.000000000000000000e+00,0.000000000000000000e+00,0.000000000000000000e+00,0.000000000000000000e+00,0.000000000000000000e+00,0.000000000000000000e+00,0.000000000000000000e+00,0.000000000000000000e+00,0.000000000000000000e+00,0.000000000000000000e+00,0.000000000000000000e+00,0.000000000000000000e+00,0.000000000000000000e+00,1.680412726399486891e-04,2.824630275489358388e-04,1.571565591467077058e-04,0.000000000000000000e+00,0.000000000000000000e+00,0.000000000000000000e+00,0.000000000000000000e+00,0.000000000000000000e+00,0.000000000000000000e+00,0.000000000000000000e+00,0.000000000000000000e+00,0.000000000000000000e+00,0.000000000000000000e+00,0.000000000000000000e+00,0.000000000000000000e+00,0.000000000000000000e+00,0.000000000000000000e+00,0.000000000000000000e+00,0.000000000000000000e+00,0.000000000000000000e+00,7.789304697663317891e-04,1.605237877660656634e-03,2.344050408465007344e-03,2.963142617982526469e-03,3.425688550741118159e-03,3.694706142740212303e-03,3.739256272937192208e-03,3.541006914967655215e-03,3.100278278098576000e-03,2.440724219282226076e-03,1.611237491165218695e-03,6.832133356011274063e-04,0.000000000000000000e+00,0.000000000000000000e+00,0.000000000000000000e+00,0.000000000000000000e+00,0.000000000000000000e+00,8.905638420012567270e-04,3.222168510239696929e-03,0.000000000000000000e+00,0.000000000000000000e+00,0.000000000000000000e+00,0.000000000000000000e+00,0.000000000000000000e+00,0.000000000000000000e+00,0.000000000000000000e+00,0.000000000000000000e+00,0.000000000000000000e+00,0.000000000000000000e+00,0.000000000000000000e+00,0.000000000000000000e+00,0.000000000000000000e+00,0.000000000000000000e+00,0.000000000000000000e+00,0.000000000000000000e+00,0.000000000000000000e+00,3.570488530760128527e-05,0.000000000000000000e+00,2.377956982928976627e-04,0.000000000000000000e+00,0.000000000000000000e+00,0.000000000000000000e+00,0.000000000000000000e+00,0.000000000000000000e+00,0.000000000000000000e+00,0.000000000000000000e+00,0.000000000000000000e+00,0.000000000000000000e+00,0.000000000000000000e+00,0.000000000000000000e+00,0.000000000000000000e+00,0.000000000000000000e+00,0.000000000000000000e+00,0.000000000000000000e+00,0.000000000000000000e+00,0.000000000000000000e+00,0.000000000000000000e+00,0.000000000000000000e+00,0.000000000000000000e+00,0.000000000000000000e+00,0.000000000000000000e+00,0.000000000000000000e+00,6.017519021868132043e-05,3.053774667181031978e-04,5.416858310606160239e-04,7.545260756940426602e-04,9.241998266512468094e-04,1.033558862462373180e-03,1.074878357399938235e-03,1.054171894738758358e-03,9.914820484967527478e-04,9.166567620455702689e-04,8.617372585173188864e-04,8.525561725306629070e-04,0.000000000000000000e+00,0.000000000000000000e+00,0.000000000000000000e+00,0.000000000000000000e+00,0.000000000000000000e+00,0.000000000000000000e+00,0.000000000000000000e+00,0.000000000000000000e+00,0.000000000000000000e+00,3.669591496096639397e-04,1.117670636208125106e-03,1.612551935274431514e-03,0.000000000000000000e+00,0.000000000000000000e+00,0.000000000000000000e+00,8.810303400171133007e-04,1.120635142770873499e-03,0.000000000000000000e+00,0.000000000000000000e+00,0.000000000000000000e+00,0.000000000000000000e+00,0.000000000000000000e+00,0.000000000000000000e+00,0.000000000000000000e+00,5.015411017257576201e-05,1.210898194305048145e-03,5.308956499461892076e-03,1.013507516402076996e-03,2.765017308264356788e-04,0.000000000000000000e+00,0.000000000000000000e+00,0.000000000000000000e+00,3.742819162882636292e-03,0.000000000000000000e+00,0.000000000000000000e+00,0.000000000000000000e+00,3.799732550569039579e-04,6.977060046618117125e-04,9.111293468320504898e-04,1.024778568180630643e-03,1.471235478671115756e-03,3.310730334516535141e-03,4.946060303953773128e-03,6.246506166568585074e-03,7.130081113992158513e-03,7.562643854872345625e-03,0.000000000000000000e+00,0.000000000000000000e+00,0.000000000000000000e+00,0.000000000000000000e+00,0.000000000000000000e+00,0.000000000000000000e+00,0.000000000000000000e+00,0.000000000000000000e+00,0.000000000000000000e+00,0.000000000000000000e+00,7.738419667286985503e-04,9.954237637007550335e-04,2.079920944285789178e-03,0.000000000000000000e+00,0.000000000000000000e+00,0.000000000000000000e+00,0.000000000000000000e+00,0.000000000000000000e+00,0.000000000000000000e+00,0.000000000000000000e+00,0.000000000000000000e+00,0.000000000000000000e+00,0.000000000000000000e+00,1.668469206338192687e-04,1.169615961943359320e-03,2.016456448884634562e-03,2.631979142117082428e-03,2.984107467121976682e-03,3.085175660037700173e-03,2.981570596630078902e-03,2.736918849814782423e-03,2.415137587501153121e-03,2.221355077412084499e-03,1.925269064776827851e-03,1.744189510553480942e-03,2.102712420890679151e-03,2.458791279147537218e-03,2.807845348243893577e-03,3.145328337086032450e-03,3.466825757049473225e-03,3.768151823100374283e-03,5.103954268133755606e-03,3.193084669300571676e-03,3.261074609706936071e-03,3.368859592094777377e-03,3.555593605054427255e-03,3.839590046990176437e-03,4.213541679355418609e-03,4.647221380365012047e-03,0.000000000000000000e+00,0.000000000000000000e+00,0.000000000000000000e+00,0.000000000000000000e+00,0.000000000000000000e+00,0.000000000000000000e+00,0.000000000000000000e+00,0.000000000000000000e+00,0.000000000000000000e+00,0.000000000000000000e+00,0.000000000000000000e+00,0.000000000000000000e+00,0.000000000000000000e+00,0.000000000000000000e+00,0.000000000000000000e+00,0.000000000000000000e+00,0.000000000000000000e+00,0.000000000000000000e+00,3.382721562203547841e-05
0.000000000000000000e+00,6.005917027491007023e-04,0.000000000000000000e+00,0.000000000000000000e+00,0.000000000000000000e+00,0.000000000000000000e+00,0.000000000000000000e+00,0.000000000000000000e+00,0.000000000000000000e+00,0.000000000000000000e+00,0.000000000000000000e+00,0.000000000000000000e+00,0.000000000000000000e+00,0.000000000000000000e+00,0.000000000000000000e+00,0.000000000000000000e+00,0.000000000000000000e+00,2.971902506583323257e-04,1.806731886456072289e-04,3.352958207344850340e-04,4.328087196223314175e-04,4.549481126689625880e-04,4.016403142356380902e-04,2.897980676733735977e-04,1.487123862440280350e-04,1.309008317038774371e-05,0.000000000000000000e+00,0.000000000000000000e+00,0.000000000000000000e+00,1.555663211731739403e-05,1.688134214381098040e-04,3.487010879705216356e-04,5.268049705873413665e-04,6.755860401884355255e-04,7.734235754211138316e-04,8.099060628032821001e-04,7.905078671815772779e-04,7.388162676940410829e-04,6.943527961467507075e-04,7.052080287503379678e-04,8.168904505491885815e-04,1.060751657829977958e-03,1.445978511463496012e-03,1.957827366333385593e-03,2.938906307411947270e-03,1.747185732188294861e-03,1.542266224353344966e-03,1.217367770288704147e-03,7.594550267504618975e-04,1.900810835625791500e-04,0.000000000000000000e+00,0.000000000000000000e+00,0.000000000000000000e+00,0.000000000000000000e+00,0.000000000000000000e+00,0.000000000000000000e+00,0.000000000000000000e+00,3.568733839147576335e-04,1.500108035054661861e-03,0.000000000000000000e+00,1.578569264493152955e-04,1.447369564189080382e-04,0.000000000000000000e+00,0.000000000000000000e+00,0.000000000000000000e+00,0.000000000000000000e+00,0.000000000000000000e+00,0.000000000000000000e+00,1.027624893309406928e-04,2.724632522848227764e-04,4.354244790480174651e-04,5.905535439117844902e-04,7.368983290401227761e-04,8.736620316003879810e-04,1.000209149540558272e-03,1.116067630735866198e-03,1.220922819511076991e-03,1.314609924192110648e-03,1.397096343005194358e-03,1.468466344248341290e-03,1.528900309573684533e-03,1.578653058738930994e-03,1.618033515974141509e-03,1.987310686999977684e-03,2.420405192968732612e-03,2.842986286551225060e-03,3.211522229803597667e-03,3.496899964109913359e-03,3.686394418500847647e-03,3.778834603224826005e-03,3.776477639502024124e-03,3.678122769819924202e-03,3.476821642598346227e-03,3.163013663258007653e-03,2.731313415991529388e-03,2.187726026840702484e-03,1.554113981847108803e-03,1.218996276603997271e-03,1.147982399456446735e-03,1.075659954433392206e-03,1.003201732480029328e-03,9.318663997547017245e-04,8.629775319547668177e-04,7.978973755276233147e-04,7.379964605023552017e-04,6.846197750264937463e-04,6.390489632160762604e-04,6.024669045521769371e-04,5.759201895041241460e-04,5.602844491502511487e-04,5.562336451481917580e-04,5.642157068513885829e-04,7.907407106995309725e-04,8.310294228986750105e-04,6.610633767681441727e-04,7.165740140058843299e-04,7.825178305849017895e-04,8.578268228601377849e-04,9.412250731491021878e-04,3.030872711188380749e-03,0.000000000000000000e+00,0.000000000000000000e+00,0.000000000000000000e+00,0.000000000000000000e+00,6.700659705734315636e-06,2.098165905041203040e-04,4.896051626568500648e-04,8.399324628228170119e-04,1.252476553331067794e-03,1.720167331850172652e-03,0.000000000000000000e+00,0.000000000000000000e+00,0.000000000000000000e+00,0.000000000000000000e+00,0.000000000000000000e+00,7.093584399636934548e-05,3.308299794253698406e-04,3.582126473761669473e-04,1.699159533504248645e-04,0.000000000000000000e+00,0.000000000000000000e+00,0.000000000000000000e+00,0.000000000000000000e+00,0.000000000000000000e+00,0.000000000000000000e+00,0.000000000000000000e+00,0.000000000000000000e+00,0.000000000000000000e+00,3.494899257981553425e-04,8.725597431264303649e-04,1.337151470702682091e-03,1.712879186055640997e-03,1.984189229687063558e-03,2.149335975362022533e-03,2.217213923916792461e-03,2.202665357450804117e-03,2.121631614612735830e-03,1.987953439728483863e-03,1.813101293644837518e-03,1.608727320905593014e-03,1.390308460678383934e-03,1.436848216399449043e-03,1.595558513586812577e-03,1.693204940557853193e-03,1.699189367169875921e-03,1.582594590754680518e-03,1.325100419598089843e-03,1.123080624990928844e-03,1.243813930064806934e-03,1.303590214252312593e-03,1.266769490902173133e-03,1.119319834222689755e-03,8.750517921796709900e-04,5.750247601096507202e-04,2.796154260667736442e-04,5.510529759044838606e-05,0.000000000000000000e+00,8.381909900187765091e-05,6.648090708502034547e-04,1.260233308586827458e-03,6.526639807512079434e-04,6.154194077609409768e-04,5.130990610257362642e-04,3.683300982058297451e-04,1.836026984634120212e-04,0.000000000000000000e+00,0.000000000000000000e+00,0.000000000000000000e+00,0.000000000000000000e+00,0.000000000000000000e+00,0.000000000000000000e+00,0.000000000000000000e+00,0.000000000000000000e+00,0.000000000000000000e+00,0.000000000000000000e+00,0.000000000000000000e+00,0.000000000000000000e+00,0.000000000000000000e+00,0.000000000000000000e+00,0.000000000000000000e+00,0.000000000000000000e+00,0.000000000000000000e+00,0.000000000000000000e+00,0.000000000000000000e+00,0.000000000000000000e+00,0.000000000000000000e+00,5.298909142695108987e-05,4.678767223770101424e-04,8.159438121956975962e-04,1.084355650573070630e-03,1.277667798309450138e-03,1.418669107422769688e-03,1.542991677190690743e-03,1.688398647354055803e-03,1.882231117522597391e-03,2.131780261062852112e-03,2.421618997237905482e-03,2.719331355160550020e-03,2.987707197609015125e-03,3.198817230394159546e-03,4.539735072610003876e-04,0.000000000000000000e+00,0.000000000000000000e+00,0.000000000000000000e+00,0.000000000000000000e+00,0.000000000000000000e+00,0.000000000000000000e+00,0.000000000000000000e+00,0.000000000000000000e+00,0.000000000000000000e+00,0.000000000000000000e+00,0.000000000000000000e+00,0.000000000000000000e+00,4.378586575814236203e-04,1.159272977007622411e-03,1.709841668584420821e-03,2.073007877848084563e-03,2.836516398554858685e-03,3.572581408313777341e-03,4.040886796560129099e-03,4.272420921964963439e-03,4.317561780862849349e-03,0.000000000000000000e+00,0.000000000000000000e+00,0.000000000000000000e+00,0.000000000000000000e+00,0.000000000000000000e+00,0.000000000000000000e+00,0.000000000000000000e+00,0.000000000000000000e+00,0.000000000000000000e+00,0.000000000000000000e+00,0.000000000000000000e+00,0.000000000000000000e+00,0.000000000000000000e+00,0.000000000000000000e+00,5.347921511379522767e-04,1.314627220950868782e-03,1.943974678536656989e-03,2.396615613850995152e-03,2.663223591420723745e-03,2.745699418748592541e-03,2.651587893432283839e-03,2.391088107820001606e-03,1.978221010984567482e-03,1.435792796166464975e-03,8.017174877632736408e-04,1.330860133792555276e-04,0.000000000000000000e+00,0.000000000000000000e+00,0.000000000000000000e+00,0.000000000000000000e+00,0.000000000000000000e+00,0.000000000000000000e+00,4.872773209243209079e-04,1.597077386104184130e-03,2.832118751005217004e-03,4.089444034587047874e-03,5.269046714697970396e-03,7.257062659136943698e-03,0.000000000000000000e+00,0.000000000000000000e+00,0.000000000000000000e+00,0.000000000000000000e+00,0.000000000000000000e+00,0.000000000000000000e+00,0.000000000000000000e+00,0.000000000000000000e+00,0.000000000000000000e+00,0.000000000000000000e+00,0.000000000000000000e+00,0.000000000000000000e+00,0.000000000000000000e+00,0.000000000000000000e+00,0.000000000000000000e+00,3.400210002068677017e-04,0.000000000000000000e+00,0.000000000000000000e+00,0.000000000000000000e+00,0.000000000000000000e+00,0.000000000000000000e+00,0.000000000000000000e+00,0.000000000000000000e+00,0.000000000000000000e+00,0.000000000000000000e+00,0.000000000000000000e+00,2.857366883177653912e-04,6.232506511772607652e-04,9.749347075975994380e-04,1.337784035088999480e-03,1.708239083527125605e-03,2.075405873232878586e-03,2.417494122720386003e-03,2.703102248653905821e-03,2.896737011602161429e-03,2.966445895102544882e-03,2.891165950394889318e-03,2.666017072389697228e-03,2.304663581131193278e-03,1.838556487600000611e-03,1.313340148100227475e-03,7.831514822678067953e-04,3.039662090611997447e-04,0.000000000000000000e+00,0.000000000000000000e+00,0.000000000000000000e+00,0.000000000000000000e+00,8.730827853950573535e-05,5.724335860537927475e-04,1.185127610482215573e-03,1.868365664349497593e-03,2.551952489867574149e-03,3.160661930424367265e-03,3.624817278359903933e-03,3.891050846977561067e-03,3.930610166407054983e-03,3.743223313471264520e-03,3.355868552010434023e-03,2.817293120626276990e-03,7.582021156916234766e-03,0.000000000000000000e+00,0.000000000000000000e+00,1.021045650690710535e-04,4.951923510634309144e-04,0.000000000000000000e+00,0.000000000000000000e+00,0.000000000000000000e+00,0.000000000000000000e+00,0.000000000000000000e+00,0.000000000000000000e+00,0.000000000000000000e+00,0.000000000000000000e+00,0.000000000000000000e+00,0.000000000000000000e+00,0.000000000000000000e+00,0.000000000000000000e+00,0.000000000000000000e+00,0.000000000000000000e+00,0.000000000000000000e+00,0.000000000000000000e+00,5.088608086811651128e-05,1.434267079629298084e-04,2.394152948556940437e-04,3.379213851693470250e-04,4.379855775385430874e-04,5.386419016931000368e-04,6.389377616711106348e-04,7.379522554354444415e-04,8.348157327642312733e-04,9.287245672173509090e-04,1.018957210696624666e-03,1.104885277109978305e-03,0.000000000000000000e+00,0.000000000000000000e+00,0.000000000000000000e+00,2.358127892274599539e-04,6.521328787657342625e-04,9.748416358135898740e-04,1.204970497233751655e-03,1.351669935259970168e-03,1.420399809563219120e-03,1.404702307439640663e-03,1.284955936132361034e-03,1.034849160523110441e-03,6.334818267786405336e-04,7.898819585389923017e-05,0.000000000000000000e+00,0.000000000000000000e+00,0.000000000000000000e+00,0.000000000000000000e+00,0.000000000000000000e+00,0.000000000000000000e+00,0.000000000000000000e+00,0.000000000000000000e+00,0.000000000000000000e+00,0.000000000000000000e+00,0.000000000000000000e+00,0.000000000000000000e+00,1.700828475669257441e-04,3.239050954185890285e-04
1.068244393121825377e-07,4.796575147243395182e-04,9.963963730099348760e-04,1.515611223166286057e-03,3.257700034007347378e-03,0.000000000000000000e+00,0.000000000000000000e+00,0.000000000000000000e+00,0.000000000000000000e+00,0.000000000000000000e+00,0.000000000000000000e+00,0.000000000000000000e+00,0.000000000000000000e+00,0.000000000000000000e+00,0.000000000000000000e+00,0.000000000000000000e+00,0.000000000000000000e+00,0.000000000000000000e+00,0.000000000000000000e+00,0.000000000000000000e+00,0.000000000000000000e+00,0.000000000000000000e+00,0.000000000000000000e+00,0.000000000000000000e+00,0.000000000000000000e+00,0.000000000000000000e+00,0.000000000000000000e+00,1.089469433561940744e-04,0.000000000000000000e+00,2.090389854629231756e-03,0.000000000000000000e+00,4.228493552980758349e-05,0.000000000000000000e+00,0.000000000000000000e+00,0.000000000000000000e+00,0.000000000000000000e+00,0.000000000000000000e+00,0.000000000000000000e+00,2.556222136171206177e-03,0.000000000000000000e+00,0.000000000000000000e+00,0.000000000000000000e+00,0.000000000000000000e+00,4.946987182110267967e-04,0.000000000000000000e+00,0.000000000000000000e+00,0.000000000000000000e+00,1.082109462008478936e-04,3.775839228906452188e-04,8.207853024507595152e-04,1.307214161432198674e-03,0.000000000000000000e+00,0.000000000000000000e+00,0.000000000000000000e+00,0.000000000000000000e+00,0.000000000000000000e+00,0.000000000000000000e+00,0.000000000000000000e+00,0.000000000000000000e+00,0.000000000000000000e+00,0.000000000000000000e+00,0.000000000000000000e+00,0.000000000000000000e+00,0.000000000000000000e+00,0.000000000000000000e+00,0.000000000000000000e+00,0.000000000000000000e+00,1.443961193545750018e-04,4.235374628498639392e-04,6.601349737832637064e-04,8.139826151377461743e-04,8.537771696847828344e-04,7.601994099541056326e-04,5.257641030399670375e-04,1.529285672713099871e-04,0.000000000000000000e+00,0.000000000000000000e+00,0.000000000000000000e+00,0.000000000000000000e+00,0.000000000000000000e+00,0.000000000000000000e+00,0.000000000000000000e+00,0.000000000000000000e+00,0.000000000000000000e+00,0.000000000000000000e+00,0.000000000000000000e+00,0.000000000000000000e+00,0.000000000000000000e+00,0.000000000000000000e+00,0.000000000000000000e+00,0.000000000000000000e+00,0.000000000000000000e+00,0.000000000000000000e+00,0.000000000000000000e+00,0.000000000000000000e+00,1.170526998673510066e-04,4.879416626633691469e-04,6.714147440448091147e-04,6.603954005849110897e-04,1.123304045083231952e-03,1.414530578674672631e-03,1.441563338247240419e-03,1.310269737895096345e-03,1.108639336387060156e-03,8.832173794572380351e-04,6.343685752733534307e-04,3.291537298049060129e-04,0.000000000000000000e+00,0.000000000000000000e+00,0.000000000000000000e+00,0.000000000000000000e+00,0.000000000000000000e+00,0.000000000000000000e+00,0.000000000000000000e+00,0.000000000000000000e+00,0.000000000000000000e+00,0.000000000000000000e+00,0.000000000000000000e+00,0.000000000000000000e+00,0.000000000000000000e+00,0.000000000000000000e+00,0.000000000000000000e+00,0.000000000000000000e+00,0.000000000000000000e+00,0.000000000000000000e+00,0.000000000000000000e+00,0.000000000000000000e+00,0.000000000000000000e+00,0.000000000000000000e+00,0.000000000000000000e+00,7.810226252909151603e-05,3.569266954777336486e-04,5.769137862915997257e-04,7.341939437173141021e-04,8.331850111981360186e-04,8.856746703541889653e-04,9.069886757230194874e-04,9.098175294990442676e-04,8.973772318448675067e-04,8.585281667962351392e-04,7.676088539001271749e-04,5.906580267188946565e-04,2.975130965285184776e-04,0.000000000000000000e+00,0.000000000000000000e+00,0.000000000000000000e+00,0.000000000000000000e+00,0.000000000000000000e+00,0.000000000000000000e+00,0.000000000000000000e+00,0.000000000000000000e+00,0.000000000000000000e+00,3.766656590521066028e-04,1.550276782516311685e-03,2.702269761148146879e-03,4.392279581829056090e-03,4.174473717594401161e-03,0.000000000000000000e+00,0.000000000000000000e+00,0.000000000000000000e+00,0.000000000000000000e+00,0.000000000000000000e+00,0.000000000000000000e+00,0.000000000000000000e+00,0.000000000000000000e+00,0.000000000000000000e+00,0.000000000000000000e+00,0.000000000000000000e+00,0.000000000000000000e+00,0.000000000000000000e+00,0.000000000000000000e+00,0.000000000000000000e+00,0.000000000000000000e+00,0.000000000000000000e+00,0.000000000000000000e+00,5.099114997200727669e-04,1.229861265094682162e-03,1.769315990820348331e-03,2.053416662136412722e-03,2.047148713598888250e-03,1.764599956770864517e-03,1.267388059318861390e-03,6.520801317984717448e-04,2.895222246609558040e-05,0.000000000000000000e+00,0.000000000000000000e+00,0.000000000000000000e+00,0.000000000000000000e+00,0.000000000000000000e+00,0.000000000000000000e+00,0.000000000000000000e+00,0.000000000000000000e+00,0.000000000000000000e+00,0.000000000000000000e+00,0.000000000000000000e+00,0.000000000000000000e+00,0.000000000000000000e+00,0.000000000000000000e+00,0.000000000000000000e+00,0.000000000000000000e+00,0.000000000000000000e+00,0.000000000000000000e+00,0.000000000000000000e+00,0.000000000000000000e+00,0.000000000000000000e+00,0.000000000000000000e+00,0.000000000000000000e+00,0.000000000000000000e+00,0.000000000000000000e+00,0.000000000000000000e+00,0.000000000000000000e+00,0.000000000000000000e+00,0.000000000000000000e+00,0.000000000000000000e+00,0.000000000000000000e+00,0.000000000000000000e+00,0.000000000000000000e+00,0.000000000000000000e+00,0.000000000000000000e+00,0.000000000000000000e+00,0.000000000000000000e+00,0.000000000000000000e+00,0.000000000000000000e+00,0.000000000000000000e+00,0.000000000000000000e+00,0.000000000000000000e+00,0.000000000000000000e+00,0.000000000000000000e+00,0.000000000000000000e+00,0.000000000000000000e+00,0.000000000000000000e+00,0.000000000000000000e+00,0.000000000000000000e+00,1.141375259281122940e-04,9.868815182912827211e-04,1.677753422057310468e-03,2.163782358726577901e-03,2.430883982402347841e-03,2.474724470889769212e-03,2.302613745065482196e-03,1.934884784723903258e-03,1.404269752690963033e-03,7.529845154967372556e-04,2.874445788056661033e-05,0.000000000000000000e+00,0.000000000000000000e+00,0.000000000000000000e+00,0.000000000000000000e+00,0.000000000000000000e+00,0.000000000000000000e+00,0.000000000000000000e+00,0.000000000000000000e+00,0.000000000000000000e+00,0.000000000000000000e+00,6.014161078923680164e-04,1.590651790618670793e-03,2.414877432289033298e-03,2.971561802712571060e-03,3.191998051048505411e-03,3.050430874538581118e-03,2.566208929933652162e-03,1.799229846699507010e-03,8.399587353443346014e-04,0.000000000000000000e+00,1.222778093671916247e-03,3.582204864194961542e-03,2.209329563415887297e-04,0.000000000000000000e+00,0.000000000000000000e+00,0.000000000000000000e+00,0.000000000000000000e+00,0.000000000000000000e+00,0.000000000000000000e+00,1.239872075256684934e-03,0.000000000000000000e+00,2.399273124637385263e-04,8.288818762284903266e-04,1.208887542716860887e-03,1.308637318199226815e-03,1.078352971590788162e-03,5.013736397960162411e-04,0.000000000000000000e+00,0.000000000000000000e+00,0.000000000000000000e+00,0.000000000000000000e+00,0.000000000000000000e+00,0.000000000000000000e+00,0.000000000000000000e+00,0.000000000000000000e+00,0.000000000000000000e+00,0.000000000000000000e+00,0.000000000000000000e+00,0.000000000000000000e+00,0.000000000000000000e+00,0.000000000000000000e+00,0.000000000000000000e+00,0.000000000000000000e+00,0.000000000000000000e+00,0.000000000000000000e+00,0.000000000000000000e+00,0.000000000000000000e+00,0.000000000000000000e+00,6.413842571338179786e-04,1.295990902755490273e-03,1.711449255029289440e-03,1.857904571533063563e-03,1.730650609016628604e-03,1.351972824949243361e-03,7.703613478842431198e-04,5.658038579219658673e-05,0.000000000000000000e+00,0.000000000000000000e+00,0.000000000000000000e+00,0.000000000000000000e+00,0.000000000000000000e+00,0.000000000000000000e+00,0.000000000000000000e+00,0.000000000000000000e+00,0.000000000000000000e+00,0.000000000000000000e+00,0.000000000000000000e+00,8.407609073496302655e-05,5.312338392329477715e-04,8.657982340242993766e-04,1.059934217605116658e-03,1.102776562114071626e-03,1.005885920362708987e-03,8.047270038530779943e-04,5.546188693689281871e-04,3.213049501211618264e-04,1.680206295016865164e-04,1.420638885298319842e-04,2.641394520054370803e-04,5.230731446876417346e-04,8.771216809026300895e-04,1.261464258530076371e-03,1.599978199082142862e-03,2.110796963433082731e-03,2.790302324549247866e-03,3.516011204274426243e-03,4.223588002474330978e-03,4.843533852686433307e-03,5.321261985027278367e-03,5.631140081314798401e-03,5.780345754422800374e-03,5.802404572494049284e-03,5.743780457238874780e-03,5.648672544594009193e-03,5.546929224653343593e-03,5.448165947469264109e-03,5.342731521460803226e-03,5.208077449635397684e-03,5.017868665826892734e-03,4.750939154836747620e-03,4.397704333100387226e-03,3.962585529692914769e-03,3.462158274719489680e-03,2.920041888137582097e-03,2.360643020365807507e-03,0.000000000000000000e+00,9.604371595839696757e-05,7.099540587441407905e-04,0.000000000000000000e+00,0.000000000000000000e+00,0.000000000000000000e+00,0.000000000000000000e+00,5.739085159624966129e-04,1.264647031660115105e-03,1.949028647971220302e-03,2.568731059174863673e-03,3.064863026328128615e-03,3.388954231747105458e-03,0.000000000000000000e+00,0.000000000000000000e+00,0.000000000000000000e+00,0.000000000000000000e+00,0.000000000000000000e+00,0.000000000000000000e+00,2.032815280294737498e-04,7.594734684026783903e-04,0.000000000000000000e+00,5.747388625592934020e-06,3.366963813161958394e-04,0.000000000000000000e+00,0.000000000000000000e+00,0.000000000000000000e+00,0.000000000000000000e+00,0.000000000000000000e+00,0.000000000000000000e+00,0.000000000000000000e+00,0.000000000000000000e+00,0.000000000000000000e+00,0.000000000000000000e+00,0.000000000000000000e+00,0.000000000000000000e+00,0.000000000000000000e+00,3.383241961760185754e-03,0.000000000000000000e+00,0.000000000000000000e+00,0.000000000000000000e+00
1.272514704397314801e-07,0.000000000000000000e+00,0.000000000000000000e+00,0.000000000000000000e+00,0.000000000000000000e+00,0.000000000000000000e+00,0.000000000000000000e+00,0.000000000000000000e+00,0.000000000000000000e+00,0.000000000000000000e+00,0.000000000000000000e+00,0.000000000000000000e+00,0.000000000000000000e+00,0.000000000000000000e+00,0.000000000000000000e+00,2.122799501865492173e-03,0.000000000000000000e+00,1.797192693823813046e-03,0.000000000000000000e+00,0.000000000000000000e+00,0.000000000000000000e+00,0.000000000000000000e+00,0.000000000000000000e+00,0.000000000000000000e+00,0.000000000000000000e+00,0.000000000000000000e+00,0.000000000000000000e+00,0.000000000000000000e+00,0.000000000000000000e+00,0.000000000000000000e+00,0.000000000000000000e+00,0.000000000000000000e+00,7.772127120271393958e-04,2.029695929386954312e-03,2.906222283059716697e-03,3.340309414178025717e-03,3.316545936826137669e-03,2.875322439226094332e-03,2.107192528668543757e-03,1.137498624965143680e-03,1.047487944056579623e-04,0.000000000000000000e+00,0.000000000000000000e+00,0.000000000000000000e+00,0.000000000000000000e+00,0.000000000000000000e+00,0.000000000000000000e+00,0.000000000000000000e+00,0.000000000000000000e+00,0.000000000000000000e+00,0.000000000000000000e+00,0.000000000000000000e+00,0.000000000000000000e+00,0.000000000000000000e+00,0.000000000000000000e+00,0.000000000000000000e+00,0.000000000000000000e+00,0.000000000000000000e+00,0.000000000000000000e+00,0.000000000000000000e+00,0.000000000000000000e+00,0.000000000000000000e+00,0.000000000000000000e+00,0.000000000000000000e+00,0.000000000000000000e+00,0.000000000000000000e+00,8.397503950065039616e-04,2.071878853268485903e-03,3.095769329537991898e-03,3.800597239893718782e-03,4.110428983625863224e-03,3.998784058333509916e-03,3.493171679101543439e-03,2.668614482110572526e-03,1.632428847136431537e-03,5.048314129637343538e-04,3.613297421069442783e-05,1.409942610816728272e-04,2.246844326329302188e-04,2.873307193229528481e-04,3.293469065573903010e-04,2.076559084088744388e-04,3.211211735678919424e-04,3.300089703115971235e-03,0.000000000000000000e+00,0.000000000000000000e+00,0.000000000000000000e+00,3.514152908308947900e-04,8.820339739777726231e-04,0.000000000000000000e+00,0.000000000000000000e+00,0.000000000000000000e+00,0.000000000000000000e+00,0.000000000000000000e+00,0.000000000000000000e+00,0.000000000000000000e+00,0.000000000000000000e+00,0.000000000000000000e+00,0.000000000000000000e+00,0.000000000000000000e+00,0.000000000000000000e+00,0.000000000000000000e+00,7.122990701332296325e-04,2.168792959959872559e-03,3.430390480735639840e-03,4.369233028379534978e-03,4.879973795473474540e-03,4.899132079258132662e-03,0.000000000000000000e+00,0.000000000000000000e+00,0.000000000000000000e+00,0.000000000000000000e+00,0.000000000000000000e+00,0.000000000000000000e+00,0.000000000000000000e+00,0.000000000000000000e+00,0.000000000000000000e+00,0.000000000000000000e+00,0.000000000000000000e+00,0.000000000000000000e+00,0.000000000000000000e+00,0.000000000000000000e+00,0.000000000000000000e+00,0.000000000000000000e+00,0.000000000000000000e+00,0.000000000000000000e+00,0.000000000000000000e+00,0.000000000000000000e+00,0.000000000000000000e+00,0.000000000000000000e+00,0.000000000000000000e+00,0.000000000000000000e+00,0.000000000000000000e+00,0.000000000000000000e+00,0.000000000000000000e+00,0.000000000000000000e+00,0.000000000000000000e+00,0.000000000000000000e+00,0.000000000000000000e+00,0.000000000000000000e+00,1.222706728877693009e-04,3.570980414446581729e-04,5.996700776491869491e-04,8.487392165084212646e-04,1.102901980666868122e-03,1.360597897832599348e-03,1.620107991466513244e-03,1.879557650026292574e-03,2.136925913480506971e-03,2.390054383758483721e-03,2.636664755032187314e-03,2.874378524909970874e-03,9.449598215118820569e-04,8.065526676888732510e-04,7.850929107749109312e-04,8.591957082784292769e-04,1.007033970293798059e-03,1.210623803179803563e-03,1.456622084701955384e-03,1.734807783898001735e-03,2.036126353396655771e-03,2.351610422224442547e-03,2.672284609911186690e-03,2.989226382925662742e-03,3.293013960320469429e-03,3.572718600730651756e-03,9.234130415158073833e-04,1.095251394961979782e-03,1.409438269571492569e-03,1.794899284152779839e-03,2.178359867390735130e-03,2.501852666157035505e-03,0.000000000000000000e+00,0.000000000000000000e+00,0.000000000000000000e+00,0.000000000000000000e+00,0.000000000000000000e+00,0.000000000000000000e+00,0.000000000000000000e+00,0.000000000000000000e+00,0.000000000000000000e+00,0.000000000000000000e+00,1.218940023836640488e-04,3.135904517443755609e-04,4.819438396810539938e-04,1.076037629497345917e-03,2.085287522957488850e-03,2.995754644282511234e-03,3.751213864976370247e-03,4.301566383313038151e-03,4.605627216071942615e-03,4.634315910931013742e-03,4.374942446024478356e-03,3.836382411346025544e-03,3.053552395809822160e-03,2.088624456699641075e-03,1.026653414921796991e-03,6.991164559036154840e-04,6.193572526174570764e-04,5.360370413082754353e-04,4.509043543424007630e-04,3.654984612350645353e-04,2.811430468665150921e-04,1.989423065609474380e-04,1.197928348238644640e-04,4.440190705972135054e-05,0.000000000000000000e+00,2.212218288863113829e-04,1.370929557756824348e-03,2.590236845686278919e-03,3.786318201181037429e-03,4.860054555031390576e-03,5.725848994228414403e-03,6.330744026825347627e-03,6.666571696831649282e-03,6.770605265828117184e-03,6.713510190039658279e-03,6.577461870499277420e-03,6.430817057555570683e-03,6.307425102982350262e-03,6.197690689239975480e-03,6.054856501487277005e-03,0.000000000000000000e+00,0.000000000000000000e+00,0.000000000000000000e+00,0.000000000000000000e+00,0.000000000000000000e+00,0.000000000000000000e+00,0.000000000000000000e+00,0.000000000000000000e+00,0.000000000000000000e+00,0.000000000000000000e+00,0.000000000000000000e+00,0.000000000000000000e+00,7.758501391433173314e-05,3.810716865317344813e-04,6.508616975618087240e-03,0.000000000000000000e+00,0.000000000000000000e+00,0.000000000000000000e+00,0.000000000000000000e+00,0.000000000000000000e+00,0.000000000000000000e+00,0.000000000000000000e+00,0.000000000000000000e+00,0.000000000000000000e+00,0.000000000000000000e+00,0.000000000000000000e+00,0.000000000000000000e+00,0.000000000000000000e+00,0.000000000000000000e+00,0.000000000000000000e+00,4.319583803957247124e-04,7.892977060911255663e-04,9.394259284914726433e-04,8.627970142711648702e-04,5.783385464588136019e-04,1.347641473843876525e-04,0.000000000000000000e+00,8.531968936885560008e-06,8.114769142144705053e-04,1.261738025395672206e-03,0.000000000000000000e+00,0.000000000000000000e+00,0.000000000000000000e+00,3.488482121987599056e-03,1.894469383411168887e-03,0.000000000000000000e+00,0.000000000000000000e+00,0.000000000000000000e+00,0.000000000000000000e+00,0.000000000000000000e+00,0.000000000000000000e+00,0.000000000000000000e+00,1.495260864404649847e-03,2.560175515386213345e-03,3.390936942953908309e-03,4.035520858418345860e-03,4.370987413795871489e-03,4.318574807527543469e-03,3.865366297269038232e-03,3.072651264429957993e-03,2.066257222133017872e-03,1.009323717554479281e-03,6.371757778308988630e-05,0.000000000000000000e+00,0.000000000000000000e+00,0.000000000000000000e+00,0.000000000000000000e+00,0.000000000000000000e+00,0.000000000000000000e+00,0.000000000000000000e+00,2.283476103893690955e-03,0.000000000000000000e+00,0.000000000000000000e+00,0.000000000000000000e+00,0.000000000000000000e+00,0.000000000000000000e+00,2.829527198136171833e-04,5.905210326855932657e-04,1.960296548731675810e-03,0.000000000000000000e+00,0.000000000000000000e+00,0.000000000000000000e+00,5.509069948174239546e-04,1.443599794346683753e-03,2.406084914959917033e-03,3.329461360497029936e-03,4.118556818365334479e-03,4.708524193135656295e-03,5.072858129684317506e-03,5.221024421985447778e-03,5.186697134001266342e-03,5.010487863200624795e-03,4.722930955495105963e-03,4.333481768808852656e-03,3.829139649438123138e-03,3.182734476280094354e-03,2.367386690257158692e-03,1.371560475907015802e-03,2.093380284096785205e-04,0.000000000000000000e+00,0.000000000000000000e+00,0.000000000000000000e+00,0.000000000000000000e+00,0.000000000000000000e+00,0.000000000000000000e+00,0.000000000000000000e+00,0.000000000000000000e+00,0.000000000000000000e+00,0.000000000000000000e+00,0.000000000000000000e+00,0.000000000000000000e+00,8.073342025001091211e-05,4.768053324116738293e-04,9.790959526206088372e-04,1.533681832141318155e-03,2.072087241200623511e-03,2.523050266844004564e-03,2.824542455426133636e-03,2.935046745918971738e-03,2.843000165758219691e-03,0.000000000000000000e+00,0.000000000000000000e+00,0.000000000000000000e+00,0.000000000000000000e+00,0.000000000000000000e+00,0.000000000000000000e+00,3.452517999260897551e-04,6.415160991851632990e-04,7.135185436206717066e-04,6.450573951351437759e-04,5.306526330797327893e-04,4.546361313368206124e-04,4.751531937323654050e-04,6.170003877014823904e-04,8.747715234772210878e-04,1.224560467113401966e-03,1.639457956727316491e-03,2.102505561845129621e-03,2.611457793529280667e-03,3.172723655188394547e-03,3.786335305868998580e-03,0.000000000000000000e+00,0.000000000000000000e+00,0.000000000000000000e+00,0.000000000000000000e+00,0.000000000000000000e+00,0.000000000000000000e+00,0.000000000000000000e+00,0.000000000000000000e+00,0.000000000000000000e+00,5.480072111791037042e-04,0.000000000000000000e+00,0.000000000000000000e+00,0.000000000000000000e+00,0.000000000000000000e+00,0.000000000000000000e+00,0.000000000000000000e+00,0.000000000000000000e+00,0.000000000000000000e+00,0.000000000000000000e+00,0.000000000000000000e+00,0.000000000000000000e+00,0.000000000000000000e+00,0.000000000000000000e+00,0.000000000000000000e+00,0.000000000000000000e+00,0.000000000000000000e+00,0.000000000000000000e+00,0.000000000000000000e+00,0.000000000000000000e+00,0.000000000000000000e+00,0.000000000000000000e+00,0.000000000000000000e+00,7.403631746213051130e-04,1.594658661411413585e-03,2.271825433190028439e-03,2.725135091033750474e-03,2.934335170731440859e-03
0.000000000000000000e+00,8.550200263709228704e-04,5.739683083772215491e-04,1.172014003368893628e-04,0.000000000000000000e+00,0.000000000000000000e+00,1.696781615395217874e-04,0.000000000000000000e+00,0.000000000000000000e+00,0.000000000000000000e+00,0.000000000000000000e+00,0.000000000000000000e+00,0.000000000000000000e+00,0.000000000000000000e+00,0.000000000000000000e+00,0.000000000000000000e+00,0.000000000000000000e+00,0.000000000000000000e+00,0.000000000000000000e+00,0.000000000000000000e+00,0.000000000000000000e+00,0.000000000000000000e+00,0.000000000000000000e+00,4.899224305755660357e-04,9.074170687102537302e-04,0.000000000000000000e+00,0.000000000000000000e+00,0.000000000000000000e+00,0.000000000000000000e+00,1.175504875658765509e-03,0.000000000000000000e+00,0.000000000000000000e+00,0.000000000000000000e+00,4.405765174504037377e-04,1.268512305084087402e-03,2.057815312575224116e-03,2.731798390786042106e-03,3.220876097830656457e-03,3.796297363186080728e-03,4.474618608106810218e-03,5.061809666738353343e-03,5.534589017775122001e-03,5.866416835644867704e-03,6.027477600219392252e-03,5.988507905357682605e-03,5.727720550173543389e-03,5.238722152019980281e-03,4.536720091283634460e-03,3.660575157778305291e-03,2.669342892688825533e-03,1.633518005645526183e-03,6.228487064558112327e-04,0.000000000000000000e+00,0.000000000000000000e+00,0.000000000000000000e+00,0.000000000000000000e+00,0.000000000000000000e+00,0.000000000000000000e+00,0.000000000000000000e+00,0.000000000000000000e+00,0.000000000000000000e+00,0.000000000000000000e+00,0.000000000000000000e+00,0.000000000000000000e+00,0.000000000000000000e+00,0.000000000000000000e+00,7.822390653606072289e-04,1.606372624176918276e-03,2.075203552049070810e-03,2.086315324698614828e-03,1.608356359329635296e-03,2.054359143110649159e-03,2.652044165140759243e-03,3.073497557106517723e-03,3.317207783057307766e-03,3.398197432089548973e-03,3.340672607013568576e-03,3.171307357882036885e-03,2.915795514070790382e-03,2.598980370557476063e-03,2.246580414478378460e-03,1.885657917926510628e-03,1.542028952198133251e-03,1.234976740734772174e-03,9.715585119949646242e-04,7.433684217551991260e-04,5.276567695795062862e-04,2.929033075714659743e-04,7.317934000064563757e-06,0.000000000000000000e+00,0.000000000000000000e+00,0.000000000000000000e+00,0.000000000000000000e+00,0.000000000000000000e+00,0.000000000000000000e+00,0.000000000000000000e+00,0.000000000000000000e+00,0.000000000000000000e+00,0.000000000000000000e+00,0.000000000000000000e+00,0.000000000000000000e+00,0.000000000000000000e+00,0.000000000000000000e+00,0.000000000000000000e+00,0.000000000000000000e+00,0.000000000000000000e+00,0.000000000000000000e+00,1.755539232523682788e-04,8.977063860383610681e-04,1.482229962312111562e-03,1.882609058630023728e-03,2.071651573574066155e-03,2.046217328678485818e-03,1.828054568764381042e-03,1.460304941453387630e-03,1.000547909792797591e-03,5.122131305278421936e-04,5.636069374931374935e-05,0.000000000000000000e+00,1.233776013482617488e-04,3.944315938813552176e-04,5.299256008793487658e-04,5.179482220608161956e-04,3.589235869475446909e-04,2.226910174539594876e-04,6.061303677953098048e-04,9.679325971963917462e-04,1.270315372600201503e-03,1.484426973183984198e-03,1.591142181657910970e-03,1.581456273176220324e-03,1.457884187653716137e-03,1.237076129274262883e-03,9.522430813208035763e-04,6.529782703318906837e-04,4.003874009920018514e-04,2.570703863992935059e-04,2.736925523766835862e-04,4.756553641140314728e-04,8.538957704670495580e-04,1.362972618525571744e-03,1.927637149010386986e-03,2.611876484463592895e-03,0.000000000000000000e+00,0.000000000000000000e+00,0.000000000000000000e+00,0.000000000000000000e+00,0.000000000000000000e+00,2.672205080428534255e-04,8.082734184728357883e-04,1.176625031763683634e-03,1.344129735497242868e-03,1.312816312805431150e-03,1.107311264748006866e-03,7.623518149548254991e-04,3.101756371973881602e-04,0.000000000000000000e+00,0.000000000000000000e+00,0.000000000000000000e+00,0.000000000000000000e+00,0.000000000000000000e+00,0.000000000000000000e+00,0.000000000000000000e+00,0.000000000000000000e+00,0.000000000000000000e+00,0.000000000000000000e+00,0.000000000000000000e+00,0.000000000000000000e+00,0.000000000000000000e+00,0.000000000000000000e+00,0.000000000000000000e+00,0.000000000000000000e+00,0.000000000000000000e+00,0.000000000000000000e+00,0.000000000000000000e+00,4.652863418171263379e-04,9.601471999256040203e-04,1.360193701308261890e-03,1.700237537580072313e-03,2.010666179016325130e-03,2.302264224229959733e-03,3.249391219883416507e-03,1.927117179401946533e-03,1.595781852332542328e-03,1.253592067966059417e-03,9.533782957627868256e-04,7.387349042877627316e-04,6.377327011846392266e-04,6.605544176227324486e-04,1.141050338625640556e-03,2.290537828592475057e-03,3.502663321046881398e-03,2.994944860540879692e-03,3.717690122287400315e-03,4.268365207582018074e-03,4.602445939520916074e-03,4.693747982283236371e-03,4.541032053228466307e-03,4.169469556914780217e-03,3.626026727060712058e-03,2.970345438127641041e-03,0.000000000000000000e+00,0.000000000000000000e+00,0.000000000000000000e+00,3.044000315939472765e-03,0.000000000000000000e+00,0.000000000000000000e+00,0.000000000000000000e+00,0.000000000000000000e+00,1.015907095512894498e-04,8.273942739616648367e-04,1.415506079913581797e-03,1.791516721215945197e-03,1.903094433212337020e-03,1.730448529643427739e-03,1.291896419533513024e-03,6.432981164262671116e-04,0.000000000000000000e+00,0.000000000000000000e+00,0.000000000000000000e+00,0.000000000000000000e+00,0.000000000000000000e+00,0.000000000000000000e+00,0.000000000000000000e+00,0.000000000000000000e+00,1.025365608930279334e-03,2.609228573346608366e-03,4.629810901578684801e-04,1.179682905391552352e-03,1.812368634269827380e-03,2.324064210900225920e-03,0.000000000000000000e+00,4.897216707594783790e-04,1.193213837703344235e-03,1.869498877034460500e-03,2.499563333103692851e-03,3.072856592031845534e-03,3.584788142302355873e-03,4.582614032127477373e-03,0.000000000000000000e+00,0.000000000000000000e+00,0.000000000000000000e+00,0.000000000000000000e+00,0.000000000000000000e+00,0.000000000000000000e+00,0.000000000000000000e+00,0.000000000000000000e+00,0.000000000000000000e+00,0.000000000000000000e+00,0.000000000000000000e+00,0.000000000000000000e+00,0.000000000000000000e+00,0.000000000000000000e+00,0.000000000000000000e+00,0.000000000000000000e+00,0.000000000000000000e+00,0.000000000000000000e+00,0.000000000000000000e+00,0.000000000000000000e+00,1.271521248321335132e-03,3.060746336413504298e-03,0.000000000000000000e+00,0.000000000000000000e+00,0.000000000000000000e+00,0.000000000000000000e+00,0.000000000000000000e+00,0.000000000000000000e+00,0.000000000000000000e+00,0.000000000000000000e+00,0.000000000000000000e+00,0.000000000000000000e+00,0.000000000000000000e+00,0.000000000000000000e+00,5.839928404271377965e-04,1.166151864995659121e-03,1.710016166659146086e-03,8.487995086234334258e-04,6.576940259663902879e-04,4.682165821605774802e-04,2.795666748441299316e-04,9.090863282638140294e-05,0.000000000000000000e+00,0.000000000000000000e+00,0.000000000000000000e+00,0.000000000000000000e+00,0.000000000000000000e+00,0.000000000000000000e+00,0.000000000000000000e+00,1.299311085774636568e-04,6.392480573931596990e-04,1.181700438006876800e-03,1.703910517057017531e-03,2.155051888418993596e-03,2.494382001819220838e-03,2.693975765558982022e-03,2.737628321122992977e-03,2.618731760897418433e-03,2.339774511877712720e-03,1.914285452004421684e-03,1.369758658179641431e-03,7.488337889198637539e-04,1.065081592471869609e-04,0.000000000000000000e+00,6.660127910894902807e-05,4.812417715024735966e-04,6.107594685121993036e-04,3.925352767505038698e-04,0.000000000000000000e+00,0.000000000000000000e+00,0.000000000000000000e+00,0.000000000000000000e+00,0.000000000000000000e+00,9.035698183286086334e-05,2.955816313577755775e-04,3.545648544427657022e-04,2.463282955905941331e-04,0.000000000000000000e+00,0.000000000000000000e+00,0.000000000000000000e+00,0.000000000000000000e+00,0.000000000000000000e+00,0.000000000000000000e+00,4.021743968631069817e-04,7.687985951181982181e-04,1.001491968822864568e-03,1.176405917931098262e-03,1.374566963473179085e-03,1.660663517329285686e-03,2.066496838452193657e-03,2.583463369763481805e-03,3.165504245450379180e-03,3.740611282805830860e-03,4.226763514358357690e-03,4.547852947861407216e-03,4.646557052253343957e-03,4.493011170032210413e-03,4.089394742127983734e-03,3.470667423789775604e-03,2.701213184089548778e-03,1.866960653950184342e-03,1.063301147875953022e-03,3.805739484093748418e-04,0.000000000000000000e+00,0.000000000000000000e+00,0.000000000000000000e+00,0.000000000000000000e+00,2.244469710600165754e-04,7.228618857716177619e-03,0.000000000000000000e+00,0.000000000000000000e+00,0.000000000000000000e+00,0.000000000000000000e+00,0.000000000000000000e+00,0.000000000000000000e+00,0.000000000000000000e+00,0.000000000000000000e+00,0.000000000000000000e+00,2.846287296446596733e-04,0.000000000000000000e+00,0.000000000000000000e+00,0.000000000000000000e+00,0.000000000000000000e+00,0.000000000000000000e+00,0.000000000000000000e+00,0.000000000000000000e+00,0.000000000000000000e+00,0.000000000000000000e+00,3.538089409546280690e-04,8.586114217709080306e-04,1.119478796707556404e-03,1.160081638849448692e-03,1.025426743408591702e-03,7.704284882723612133e-04,4.479837835849223137e-04,9.944689336565118649e-05,0.000000000000000000e+00,0.000000000000000000e+00,0.000000000000000000e+00,0.000000000000000000e+00,0.000000000000000000e+00,0.000000000000000000e+00,0.000000000000000000e+00,0.000000000000000000e+00,0.000000000000000000e+00,0.000000000000000000e+00,0.000000000000000000e+00,0.000000000000000000e+00,0.000000000000000000e+00,0.000000000000000000e+00,0.000000000000000000e+00,0.000000000000000000e+00,5.550289186053841955e-04,1.589056927991463553e-03,2.554228278389509329e-03,3.413653715537128680e-03,4.144636854489807190e-03,4.736715762034641834e-03,5.185191140781188375e-03,5.483685749932153131e-03,5.619742479148177351e-03
1.201084616217088266e-07,2.137423209471072435e-04,2.399872227932655169e-04,8.959396584725850263e-05,0.000000000000000000e+00,0.000000000000000000e+00,0.000000000000000000e+00,0.000000000000000000e+00,0.000000000000000000e+00,0.000000000000000000e+00,0.000000000000000000e+00,0.000000000000000000e+00,0.000000000000000000e+00,0.000000000000000000e+00,0.000000000000000000e+00,0.000000000000000000e+00,0.000000000000000000e+00,0.000000000000000000e+00,0.000000000000000000e+00,0.000000000000000000e+00,1.355898149300533491e-04,3.949259463301295651e-04,1.737725670532395310e-03,0.000000000000000000e+00,0.000000000000000000e+00,0.000000000000000000e+00,0.000000000000000000e+00,3.066278708573100557e-04,3.068857274810199692e-03,1.129338791325996396e-03,0.000000000000000000e+00,0.000000000000000000e+00,0.000000000000000000e+00,0.000000000000000000e+00,0.000000000000000000e+00,0.000000000000000000e+00,0.000000000000000000e+00,0.000000000000000000e+00,0.000000000000000000e+00,0.000000000000000000e+00,0.000000000000000000e+00,0.000000000000000000e+00,0.000000000000000000e+00,0.000000000000000000e+00,1.235728188313010107e-04,7.494777081654720305e-04,1.428269766788195245e-03,2.169240557055514794e-03,7.352027925021174803e-03,0.000000000000000000e+00,0.000000000000000000e+00,0.000000000000000000e+00,0.000000000000000000e+00,0.000000000000000000e+00,0.000000000000000000e+00,0.000000000000000000e+00,0.000000000000000000e+00,0.000000000000000000e+00,0.000000000000000000e+00,0.000000000000000000e+00,0.000000000000000000e+00,0.000000000000000000e+00,0.000000000000000000e+00,0.000000000000000000e+00,0.000000000000000000e+00,0.000000000000000000e+00,0.000000000000000000e+00,0.000000000000000000e+00,0.000000000000000000e+00,0.000000000000000000e+00,0.000000000000000000e+00,0.000000000000000000e+00,0.000000000000000000e+00,0.000000000000000000e+00,4.898811876278829107e-04,1.717811793885074727e-03,2.798254521880913070e-03,3.663106785587891354e-03,4.272550489535739161e-03,4.615445942715257557e-03,4.706820491709906747e-03,4.583520358945427850e-03,4.298322667493228479e-03,3.912374597149853583e-03,3.486148270774188339e-03,3.070039634951287396e-03,2.710327500003111619e-03,2.583625887535763617e-03,2.273613897917604702e-03,1.854987325597236454e-03,1.608584424046528068e-03,1.349292287913333348e-03,1.075781616397523564e-03,8.008059970271071701e-04,5.456392403532453342e-04,3.306578105264207086e-04,1.654662874260179816e-04,4.225338933957198585e-05,0.000000000000000000e+00,0.000000000000000000e+00,0.000000000000000000e+00,0.000000000000000000e+00,0.000000000000000000e+00,0.000000000000000000e+00,0.000000000000000000e+00,0.000000000000000000e+00,0.000000000000000000e+00,0.000000000000000000e+00,0.000000000000000000e+00,0.000000000000000000e+00,0.000000000000000000e+00,0.000000000000000000e+00,8.101740064234300241e-04,1.810252301441453004e-03,2.823165739044222831e-03,3.796796935530703538e-03,4.682341098862833305e-03,5.436595817784627138e-03,6.024028959586823911e-03,0.000000000000000000e+00,0.000000000000000000e+00,0.000000000000000000e+00,0.000000000000000000e+00,0.000000000000000000e+00,0.000000000000000000e+00,0.000000000000000000e+00,0.000000000000000000e+00,0.000000000000000000e+00,0.000000000000000000e+00,0.000000000000000000e+00,0.000000000000000000e+00,0.000000000000000000e+00,0.000000000000000000e+00,0.000000000000000000e+00,0.000000000000000000e+00,0.000000000000000000e+00,0.000000000000000000e+00,0.000000000000000000e+00,0.000000000000000000e+00,0.000000000000000000e+00,3.180556414767103223e-04,1.038082307597946096e-03,1.942660875483326159e-03,2.956147712539962044e-03,0.000000000000000000e+00,0.000000000000000000e+00,0.000000000000000000e+00,0.000000000000000000e+00,0.000000000000000000e+00,0.000000000000000000e+00,0.000000000000000000e+00,0.000000000000000000e+00,0.000000000000000000e+00,0.000000000000000000e+00,0.000000000000000000e+00,0.000000000000000000e+00,0.000000000000000000e+00,0.000000000000000000e+00,0.000000000000000000e+00,0.000000000000000000e+00,0.000000000000000000e+00,0.000000000000000000e+00,8.389798528043490621e-04,0.000000000000000000e+00,0.000000000000000000e+00,0.000000000000000000e+00,0.000000000000000000e+00,0.000000000000000000e+00,0.000000000000000000e+00,0.000000000000000000e+00,0.000000000000000000e+00,0.000000000000000000e+00,0.000000000000000000e+00,0.000000000000000000e+00,0.000000000000000000e+00,6.164539428091146483e-05,9.941491669925325663e-05,2.260114431811554962e-03,0.000000000000000000e+00,0.000000000000000000e+00,4.952660145023121230e-06,4.693504789292662731e-03,2.098504001253340210e-04,3.475502558610833151e-04,5.066641197359617998e-04,6.852460594227400897e-04,8.810993189987691198e-04,1.091825085298832711e-03,6.971326799569368092e-03,1.547596233447173742e-03,0.000000000000000000e+00,0.000000000000000000e+00,0.000000000000000000e+00,0.000000000000000000e+00,0.000000000000000000e+00,0.000000000000000000e+00,6.043816068152652174e-04,1.287689594020023339e-03,1.684947201799966935e-03,1.789230543357765409e-03,1.619547318805582455e-03,1.214332739853662751e-03,6.240724194595495978e-04,0.000000000000000000e+00,0.000000000000000000e+00,0.000000000000000000e+00,0.000000000000000000e+00,0.000000000000000000e+00,0.000000000000000000e+00,0.000000000000000000e+00,0.000000000000000000e+00,0.000000000000000000e+00,0.000000000000000000e+00,0.000000000000000000e+00,0.000000000000000000e+00,0.000000000000000000e+00,0.000000000000000000e+00,0.000000000000000000e+00,0.000000000000000000e+00,0.000000000000000000e+00,0.000000000000000000e+00,0.000000000000000000e+00,0.000000000000000000e+00,0.000000000000000000e+00,0.000000000000000000e+00,0.000000000000000000e+00,0.000000000000000000e+00,0.000000000000000000e+00,0.000000000000000000e+00,0.000000000000000000e+00,0.000000000000000000e+00,0.000000000000000000e+00,2.993810728264059695e-04,5.402765936340105622e-04,6.714924620219795814e-04,6.611981422688080565e-04,4.983721062619448456e-04,1.950460305813621657e-04,0.000000000000000000e+00,0.000000000000000000e+00,0.000000000000000000e+00,0.000000000000000000e+00,0.000000000000000000e+00,0.000000000000000000e+00,0.000000000000000000e+00,0.000000000000000000e+00,0.000000000000000000e+00,0.000000000000000000e+00,0.000000000000000000e+00,0.000000000000000000e+00,0.000000000000000000e+00,0.000000000000000000e+00,0.000000000000000000e+00,7.009793901945986488e-04,1.400884844707102903e-03,2.032339099404505654e-03,0.000000000000000000e+00,0.000000000000000000e+00,0.000000000000000000e+00,0.000000000000000000e+00,0.000000000000000000e+00,0.000000000000000000e+00,0.000000000000000000e+00,0.000000000000000000e+00,0.000000000000000000e+00,0.000000000000000000e+00,0.000000000000000000e+00,0.000000000000000000e+00,0.000000000000000000e+00,0.000000000000000000e+00,0.000000000000000000e+00,6.605486234006960604e-05,2.603332605291665074e-04,2.196564266036997253e-04,0.000000000000000000e+00,0.000000000000000000e+00,0.000000000000000000e+00,0.000000000000000000e+00,0.000000000000000000e+00,0.000000000000000000e+00,0.000000000000000000e+00,0.000000000000000000e+00,0.000000000000000000e+00,0.000000000000000000e+00,0.000000000000000000e+00,0.000000000000000000e+00,0.000000000000000000e+00,3.689401871705654846e-03,0.000000000000000000e+00,0.000000000000000000e+00,0.000000000000000000e+00,0.000000000000000000e+00,0.000000000000000000e+00,0.000000000000000000e+00,6.218009208396217203e-04,1.816974701873942709e-03,2.962319057769894921e-03,3.965148263492079654e-03,4.731895404240454329e-03,5.180796384055141521e-03,5.255610740670705293e-03,4.936472111628027910e-03,4.244971773566715185e-03,3.242550643232657102e-03,2.023183458643979579e-03,7.022710461030918019e-04,0.000000000000000000e+00,1.297745765456852793e-04,2.739692214193594562e-04,4.080760072170146386e-04,5.320029510736280082e-04,1.934619227891231112e-03,3.129014300814283046e-03,4.084847657010072172e-03,4.781559854455086876e-03,5.201174783734725804e-03,5.327104405242201815e-03,5.149596900131175534e-03,4.675345290542458170e-03,3.936616545948528993e-03,2.995030552410351925e-03,1.937011187471332063e-03,8.612023416483096175e-04,7.822644626689356784e-04,7.187841444595631079e-04,6.507726795958175374e-04,5.800964857838038051e-04,5.085756054321204957e-04,4.379433122345415983e-04,3.698092842915890453e-04,3.056286243431733610e-04,2.466764671202579281e-04,1.940304634375789321e-04,1.485591186615990863e-04,1.109174844824485802e-04,8.154936927408924069e-05,6.069636496686315095e-05,4.841039420258229175e-05,4.457142270678130473e-05,4.890759823394177252e-05,7.448342345070224071e-04,1.622933886201391365e-03,2.242854081879629667e-03,2.581450060191599425e-03,2.643770148024451351e-03,2.463590809690369317e-03,2.097920597535309073e-03,1.616320100007939296e-03,1.087608096872181391e-03,5.676247752115063955e-04,4.690330788551467438e-04,5.222155361559712100e-04,5.745938070722503722e-04,6.254202069463184925e-04,6.739583715128335184e-04,7.194896939532507887e-04,7.613166271981751778e-04,7.987720633867519040e-04,8.312253408570516745e-04,8.580927159388035451e-04,8.788470879845929019e-04,8.930277247930868897e-04,9.002489753775353354e-04,9.002091061056133499e-04,8.926974628496251851e-04,8.775997938768624260e-04,8.549022338492358146e-04,1.103822525459730594e-03,1.602317679241059469e-03,1.820597673324888437e-03,1.723806765825775661e-03,1.330543911408074449e-03,7.051507924323392393e-04,5.038402915634903386e-04,9.624664137637012904e-04,1.575094346136263288e-03,2.212239163361970611e-03,2.856727249523620827e-03,3.481612902507826533e-03,4.048051792713756175e-03,4.508465414803835072e-03,4.815148461315124986e-03,4.932120984703208637e-03,4.846399709356380425e-03,4.574697309031038571e-03,4.163090506882276970e-03,3.679637046227239409e-03,3.202182543987083276e-03,2.804651441559008994e-03,2.544778124159023918e-03,2.454984827829066046e-03,2.536930796898995751e-03,2.759790072446477883e-03,3.062656842201293920e-03,3.361931347386426776e-03,3.564267908440848891e-03,3.816702241575688215e-03,4.461258918321060751e-03,4.885648874634153545e-03,5.064290266091977383e-03
0.000000000000000000e+00,3.238711427913074136e-04,0.000000000000000000e+00,0.000000000000000000e+00,0.000000000000000000e+00,0.000000000000000000e+00,0.000000000000000000e+00,0.000000000000000000e+00,0.000000000000000000e+00,0.000000000000000000e+00,0.000000000000000000e+00,0.000000000000000000e+00,0.000000000000000000e+00,0.000000000000000000e+00,0.000000000000000000e+00,0.000000000000000000e+00,0.000000000000000000e+00,0.000000000000000000e+00,0.000000000000000000e+00,0.000000000000000000e+00,0.000000000000000000e+00,0.000000000000000000e+00,0.000000000000000000e+00,0.000000000000000000e+00,0.000000000000000000e+00,0.000000000000000000e+00,0.000000000000000000e+00,0.000000000000000000e+00,0.000000000000000000e+00,0.000000000000000000e+00,0.000000000000000000e+00,0.000000000000000000e+00,0.000000000000000000e+00,0.000000000000000000e+00,0.000000000000000000e+00,0.000000000000000000e+00,0.000000000000000000e+00,0.000000000000000000e+00,0.000000000000000000e+00,6.048288524233100694e-04,2.885395816491480130e-03,0.000000000000000000e+00,0.000000000000000000e+00,0.000000000000000000e+00,0.000000000000000000e+00,0.000000000000000000e+00,0.000000000000000000e+00,0.000000000000000000e+00,0.000000000000000000e+00,0.000000000000000000e+00,0.000000000000000000e+00,0.000000000000000000e+00,0.000000000000000000e+00,0.000000000000000000e+00,0.000000000000000000e+00,0.000000000000000000e+00,0.000000000000000000e+00,0.000000000000000000e+00,0.000000000000000000e+00,0.000000000000000000e+00,0.000000000000000000e+00,0.000000000000000000e+00,1.866017421196712145e-04,1.095930231765412152e-03,1.938255777354349783e-03,2.637235690704555109e-03,3.122887674193895995e-03,3.345605204594223267e-03,3.284609301697432628e-03,2.947922637195545849e-03,2.364517177049015647e-03,1.572726195653879801e-03,6.106637497663618477e-04,0.000000000000000000e+00,0.000000000000000000e+00,4.035925813756303764e-03,0.000000000000000000e+00,0.000000000000000000e+00,0.000000000000000000e+00,0.000000000000000000e+00,0.000000000000000000e+00,0.000000000000000000e+00,0.000000000000000000e+00,0.000000000000000000e+00,0.000000000000000000e+00,0.000000000000000000e+00,0.000000000000000000e+00,0.000000000000000000e+00,3.671126921659528678e-04,1.955051874058134215e-03,3.331004993876859541e-03,4.209405964014082367e-03,0.000000000000000000e+00,0.000000000000000000e+00,0.000000000000000000e+00,0.000000000000000000e+00,0.000000000000000000e+00,0.000000000000000000e+00,0.000000000000000000e+00,0.000000000000000000e+00,0.000000000000000000e+00,2.637287173576372337e-04,8.667336439171286671e-04,9.588851992431690879e-04,5.314516201516654307e-04,0.000000000000000000e+00,0.000000000000000000e+00,0.000000000000000000e+00,0.000000000000000000e+00,0.000000000000000000e+00,1.810839277389567439e-04,6.026458340144901340e-04,1.178257491351940734e-03,8.270648156568123285e-03,0.000000000000000000e+00,0.000000000000000000e+00,0.000000000000000000e+00,0.000000000000000000e+00,0.000000000000000000e+00,0.000000000000000000e+00,0.000000000000000000e+00,0.000000000000000000e+00,0.000000000000000000e+00,0.000000000000000000e+00,0.000000000000000000e+00,0.000000000000000000e+00,0.000000000000000000e+00,0.000000000000000000e+00,0.000000000000000000e+00,0.000000000000000000e+00,0.000000000000000000e+00,2.492498632583724986e-04,5.074602680894039174e-04,5.800157553479147726e-04,4.794631579331340866e-04,2.324761225977758591e-04,0.000000000000000000e+00,0.000000000000000000e+00,0.000000000000000000e+00,0.000000000000000000e+00,0.000000000000000000e+00,0.000000000000000000e+00,0.000000000000000000e+00,0.000000000000000000e+00,0.000000000000000000e+00,2.356038078069300993e-03,7.967653235725443610e-04,1.825995796065195929e-03,8.233609852772474892e-05,5.887313019772032240e-04,1.172023539441816855e-03,1.850244376106991492e-03,2.615210339052703205e-03,0.000000000000000000e+00,0.000000000000000000e+00,0.000000000000000000e+00,0.000000000000000000e+00,0.000000000000000000e+00,0.000000000000000000e+00,0.000000000000000000e+00,0.000000000000000000e+00,0.000000000000000000e+00,0.000000000000000000e+00,0.000000000000000000e+00,0.000000000000000000e+00,0.000000000000000000e+00,0.000000000000000000e+00,0.000000000000000000e+00,0.000000000000000000e+00,0.000000000000000000e+00,0.000000000000000000e+00,0.000000000000000000e+00,0.000000000000000000e+00,0.000000000000000000e+00,0.000000000000000000e+00,0.000000000000000000e+00,0.000000000000000000e+00,0.000000000000000000e+00,0.000000000000000000e+00,0.000000000000000000e+00,0.000000000000000000e+00,0.000000000000000000e+00,0.000000000000000000e+00,0.000000000000000000e+00,0.000000000000000000e+00,7.967305933002329684e-05,8.322008941330541172e-04,1.623106464286470192e-03,1.987936245940753049e-03,2.107910086843605389e-03,2.231253681251346883e-03,2.355998191516544150e-03,2.480038201447747320e-03,2.601215562898221995e-03,7.879544431579120142e-03,0.000000000000000000e+00,0.000000000000000000e+00,0.000000000000000000e+00,0.000000000000000000e+00,0.000000000000000000e+00,0.000000000000000000e+00,0.000000000000000000e+00,0.000000000000000000e+00,0.000000000000000000e+00,0.000000000000000000e+00,0.000000000000000000e+00,3.931629618492550973e-04,8.849692331777459821e-04,1.227207107909027107e-03,1.491846439475531718e-03,1.759796730635137347e-03,2.093476587509562198e-03,2.514731992523204333e-03,2.995661220619060504e-03,3.465814591699533341e-03,3.833557284735130896e-03,4.014340823449614841e-03,3.956166606701973058e-03,3.653681701888741775e-03,3.146686427493826030e-03,2.504747052895928833e-03,1.804761931295948774e-03,1.110698479791487813e-03,4.632616363707896365e-04,0.000000000000000000e+00,6.195351137461787595e-04,1.812800544859162824e-03,0.000000000000000000e+00,0.000000000000000000e+00,3.409962512997691958e-03,0.000000000000000000e+00,2.164173187143553071e-04,5.819042008399645093e-04,1.428507053583934899e-03,2.179881278842714810e-03,0.000000000000000000e+00,0.000000000000000000e+00,0.000000000000000000e+00,0.000000000000000000e+00,0.000000000000000000e+00,0.000000000000000000e+00,0.000000000000000000e+00,0.000000000000000000e+00,0.000000000000000000e+00,0.000000000000000000e+00,0.000000000000000000e+00,0.000000000000000000e+00,0.000000000000000000e+00,0.000000000000000000e+00,0.000000000000000000e+00,0.000000000000000000e+00,0.000000000000000000e+00,0.000000000000000000e+00,0.000000000000000000e+00,0.000000000000000000e+00,0.000000000000000000e+00,0.000000000000000000e+00,0.000000000000000000e+00,0.000000000000000000e+00,0.000000000000000000e+00,8.050876397516549838e-04,0.000000000000000000e+00,0.000000000000000000e+00,0.000000000000000000e+00,0.000000000000000000e+00,0.000000000000000000e+00,1.500349160809744207e-03,3.171481713235854358e-03,0.000000000000000000e+00,0.000000000000000000e+00,0.000000000000000000e+00,0.000000000000000000e+00,0.000000000000000000e+00,0.000000000000000000e+00,2.077579474190523190e-03,3.647932060091342056e-04,0.000000000000000000e+00,2.797715663110886828e-04,8.379059830453322111e-04,1.169464873873513533e-03,0.000000000000000000e+00,0.000000000000000000e+00,0.000000000000000000e+00,0.000000000000000000e+00,0.000000000000000000e+00,0.000000000000000000e+00,0.000000000000000000e+00,0.000000000000000000e+00,0.000000000000000000e+00,2.359715724015176447e-04,9.220536403894426898e-04,1.719229551866076344e-03,2.572998404590699437e-03,0.000000000000000000e+00,0.000000000000000000e+00,0.000000000000000000e+00,0.000000000000000000e+00,0.000000000000000000e+00,0.000000000000000000e+00,0.000000000000000000e+00,0.000000000000000000e+00,0.000000000000000000e+00,0.000000000000000000e+00,0.000000000000000000e+00,0.000000000000000000e+00,0.000000000000000000e+00,3.393301710395645022e-04,0.000000000000000000e+00,0.000000000000000000e+00,0.000000000000000000e+00,0.000000000000000000e+00,0.000000000000000000e+00,0.000000000000000000e+00,0.000000000000000000e+00,0.000000000000000000e+00,9.915576231691702446e-04,2.885257204271012010e-03,4.588466044902651288e-03,6.609693993365832985e-03,7.301062876685231878e-03,0.000000000000000000e+00,0.000000000000000000e+00,0.000000000000000000e+00,0.000000000000000000e+00,0.000000000000000000e+00,0.000000000000000000e+00,0.000000000000000000e+00,0.000000000000000000e+00,6.397754310034890627e-04,1.804579162079384584e-03,8.732133492002765130e-04,8.551216656430589294e-04,8.169237485270250832e-04,7.605733479815436019e-04,6.883273019235144809e-04,6.026849664331871987e-04,5.063224784013018853e-04,4.020240804672200845e-04,2.926115093551440215e-04,1.808768662424718309e-04,6.951656764747164696e-05,0.000000000000000000e+00,0.000000000000000000e+00,0.000000000000000000e+00,0.000000000000000000e+00,0.000000000000000000e+00,0.000000000000000000e+00,0.000000000000000000e+00,0.000000000000000000e+00,0.000000000000000000e+00,0.000000000000000000e+00,0.000000000000000000e+00,0.000000000000000000e+00,0.000000000000000000e+00,0.000000000000000000e+00,0.000000000000000000e+00,0.000000000000000000e+00,1.064205732205154289e-03,2.312081162275529071e-03,3.429810924240732709e-03,4.352580857156458649e-03,5.032767610795072129e-03,5.443857187793909626e-03,5.582379518994993843e-03,5.467933918578978848e-03,5.141193114350550361e-03,4.659596422251014759e-03,4.090601559170950995e-03,3.502995338769436615e-03,2.957601499383568592e-03,2.499349534846046460e-03,2.152554322887577885e-03,1.920430788939241290e-03,1.800917690332891081e-03,1.977511772661406583e-03,2.052136277912766996e-03,2.019510782300370719e-03,1.871662835151295190e-03,1.756156972682479736e-03,1.780092991947474510e-03,1.834912448041022860e-03,1.946184739843430335e-03,2.137014350548251031e-03,2.420507568809644044e-03,2.794392363458486975e-03,3.239472117652666440e-03,3.722403100290718001e-03,4.201977597415551026e-03,4.637172680452664002e-03,4.995099029005562949e-03,5.257409156972740576e-03,5.424335287019842536e-03,5.515915595578618248e-03,5.570077208793074511e-03,5.637372528189881458e-03,5.772605827613303507e-03,6.024420450753753715e-03,6.424836828462426007e-03,8.562619820889403807e-03,0.000000000000000000e+00
1.424774082320229015e-07,4.085198034727677936e-04,0.000000000000000000e+00,0.000000000000000000e+00,0.000000000000000000e+00,3.070998639093344457e-04,2.685970681355122260e-03,2.523722709440232958e-04,3.486203154285129596e-04,4.614451216779419168e-04,5.906631032026068940e-04,7.357974214671414090e-04,8.960806492451549787e-04,0.000000000000000000e+00,0.000000000000000000e+00,0.000000000000000000e+00,0.000000000000000000e+00,0.000000000000000000e+00,0.000000000000000000e+00,0.000000000000000000e+00,0.000000000000000000e+00,0.000000000000000000e+00,0.000000000000000000e+00,0.000000000000000000e+00,0.000000000000000000e+00,0.000000000000000000e+00,0.000000000000000000e+00,0.000000000000000000e+00,0.000000000000000000e+00,0.000000000000000000e+00,0.000000000000000000e+00,0.000000000000000000e+00,0.000000000000000000e+00,0.000000000000000000e+00,0.000000000000000000e+00,0.000000000000000000e+00,3.139021118038392622e-04,1.014597109033899859e-03,1.778027496689576787e-03,2.550400654994949747e-03,3.268097773120088104e-03,3.863619069255409561e-03,4.274391428365820894e-03,4.454369047789350292e-03,4.386064407881209125e-03,4.088613444062379372e-03,3.617277413659919158e-03,3.052153927406754414e-03,2.478136306545193450e-03,1.962395538186096407e-03,1.537586424146335099e-03,1.197288675120042464e-03,9.053738468671203819e-04,6.150899013303383605e-04,2.896090053173179545e-04,2.807434791709676803e-04,4.802528991003990810e-04,6.586067589496709613e-04,6.799692340602452034e-03,2.645482491452317859e-03,0.000000000000000000e+00,0.000000000000000000e+00,0.000000000000000000e+00,0.000000000000000000e+00,0.000000000000000000e+00,0.000000000000000000e+00,0.000000000000000000e+00,0.000000000000000000e+00,0.000000000000000000e+00,0.000000000000000000e+00,0.000000000000000000e+00,0.000000000000000000e+00,0.000000000000000000e+00,0.000000000000000000e+00,0.000000000000000000e+00,0.000000000000000000e+00,0.000000000000000000e+00,0.000000000000000000e+00,7.976571350180308370e-04,1.952897269553759835e-03,3.037712818926676609e-03,3.970855544471558682e-03,4.672615475881259500e-03,5.079537232773661745e-03,5.157890478084840857e-03,4.912168006713028313e-03,4.386079429076304194e-03,3.655553437831606228e-03,2.815467722053550514e-03,1.963546833694799435e-03,1.185473406166335847e-03,5.445018694223346598e-04,0.000000000000000000e+00,2.067801334396913396e-04,7.360161590794140653e-04,2.491351822988866881e-03,0.000000000000000000e+00,1.619011668601888881e-05,1.862077503144221938e-04,3.012345798083886344e-04,3.267407996188257486e-04,2.492117614565283611e-04,4.710294321820515185e-04,1.360705762724868971e-03,2.152361512969861671e-03,2.736322928524435524e-03,3.038826531985601084e-03,3.036290178969864618e-03,2.757664548057399759e-03,2.274547378400043098e-03,1.682325665105110449e-03,1.077976575375612410e-03,5.405122781833997551e-04,3.282214667696365740e-04,6.312079300169372168e-04,8.480748743043549191e-04,9.186357180981340187e-04,7.913321694732253350e-04,4.365972260676403505e-04,0.000000000000000000e+00,0.000000000000000000e+00,0.000000000000000000e+00,0.000000000000000000e+00,0.000000000000000000e+00,0.000000000000000000e+00,0.000000000000000000e+00,0.000000000000000000e+00,0.000000000000000000e+00,0.000000000000000000e+00,0.000000000000000000e+00,0.000000000000000000e+00,0.000000000000000000e+00,2.215974280263443479e-04,1.238395544259041688e-03,2.219996917024837264e-03,3.100487317901534385e-03,3.822594234049318893e-03,4.335556544722098116e-03,4.595837738032060998e-03,4.573260989310069628e-03,4.261151255476642793e-03,3.812292384944435814e-03,4.637740025816228066e-03,5.386421781297368559e-03,6.006316348621232835e-03,6.464416514693867993e-03,6.746069261787148753e-03,6.850929341479641832e-03,6.788391073035350727e-03,6.574214501988845556e-03,6.228323499456066802e-03,5.772688775589773606e-03,5.228503911976046560e-03,4.613130356826193601e-03,3.938586680858711421e-03,3.213488345692548393e-03,2.448992138969023017e-03,1.666942696723666857e-03,9.063818944397039916e-04,2.242228224764258827e-04,0.000000000000000000e+00,0.000000000000000000e+00,0.000000000000000000e+00,0.000000000000000000e+00,0.000000000000000000e+00,1.063451259942889459e-03,0.000000000000000000e+00,0.000000000000000000e+00,0.000000000000000000e+00,0.000000000000000000e+00,0.000000000000000000e+00,0.000000000000000000e+00,0.000000000000000000e+00,0.000000000000000000e+00,0.000000000000000000e+00,0.000000000000000000e+00,0.000000000000000000e+00,0.000000000000000000e+00,0.000000000000000000e+00,0.000000000000000000e+00,0.000000000000000000e+00,0.000000000000000000e+00,0.000000000000000000e+00,0.000000000000000000e+00,0.000000000000000000e+00,0.000000000000000000e+00,0.000000000000000000e+00,0.000000000000000000e+00,0.000000000000000000e+00,1.038186485385052000e-03,0.000000000000000000e+00,2.649666476459364432e-04,1.241841041827921590e-03,2.186497900453684626e-03,3.020406736615123284e-03,3.679942444190061317e-03,4.128539027277998950e-03,4.361667998162457698e-03,4.403249924068299015e-03,4.294900959296471185e-03,4.081931718113155326e-03,3.801296107671687553e-03,3.475943456214236529e-03,3.117289221767902737e-03,2.733841596579426360e-03,2.341104932367877450e-03,1.967296336021878613e-03,1.651560159476544217e-03,1.435132636721337101e-03,1.349316802319890356e-03,1.405444925331579640e-03,1.590806648491207729e-03,1.871758517639090721e-03,0.000000000000000000e+00,0.000000000000000000e+00,0.000000000000000000e+00,0.000000000000000000e+00,0.000000000000000000e+00,0.000000000000000000e+00,0.000000000000000000e+00,0.000000000000000000e+00,0.000000000000000000e+00,0.000000000000000000e+00,0.000000000000000000e+00,0.000000000000000000e+00,0.000000000000000000e+00,0.000000000000000000e+00,0.000000000000000000e+00,0.000000000000000000e+00,0.000000000000000000e+00,2.581054208409749797e-04,6.169956522477329942e-04,4.707280187987427917e-04,4.786224745607454631e-04,4.027555956851129734e-04,2.248222268974209195e-04,0.000000000000000000e+00,0.000000000000000000e+00,0.000000000000000000e+00,0.000000000000000000e+00,0.000000000000000000e+00,0.000000000000000000e+00,0.000000000000000000e+00,0.000000000000000000e+00,0.000000000000000000e+00,0.000000000000000000e+00,0.000000000000000000e+00,0.000000000000000000e+00,5.707163398870685519e-04,0.000000000000000000e+00,0.000000000000000000e+00,0.000000000000000000e+00,0.000000000000000000e+00,0.000000000000000000e+00,0.000000000000000000e+00,0.000000000000000000e+00,0.000000000000000000e+00,0.000000000000000000e+00,0.000000000000000000e+00,0.000000000000000000e+00,0.000000000000000000e+00,0.000000000000000000e+00,6.639837195299297130e-04,1.713216124393695042e-03,2.522424932816228881e-03,3.032260626940795449e-03,3.227600198500291465e-03,3.140299554932683614e-03,2.841018729123545670e-03,2.422507607618121141e-03,1.979376123890473974e-03,1.589983547465843167e-03,1.304726695972827305e-03,1.142508039633828533e-03,1.094500359294378307e-03,1.132479591140425276e-03,1.218344453593717385e-03,1.312147257270171799e-03,1.377523778501505303e-03,1.385124831227519055e-03,1.315569956259465432e-03,1.163074183067666981e-03,9.393447360929433774e-04,6.755377012502851962e-04,4.193006534999255608e-04,2.250624174662468142e-04,1.386984701986073505e-04,1.811339547465505790e-04,3.374703097184983858e-04,5.573363360607722734e-04,7.682639847741551658e-04,8.985069389600644106e-04,9.013898549465400485e-04,3.019009551209675575e-03,0.000000000000000000e+00,2.448640894982247141e-04,1.862353176881431887e-04,0.000000000000000000e+00,0.000000000000000000e+00,0.000000000000000000e+00,0.000000000000000000e+00,8.349367369357359213e-05,1.116588776617198240e-03,0.000000000000000000e+00,0.000000000000000000e+00,0.000000000000000000e+00,0.000000000000000000e+00,0.000000000000000000e+00,0.000000000000000000e+00,0.000000000000000000e+00,0.000000000000000000e+00,8.355028680295282584e-04,0.000000000000000000e+00,0.000000000000000000e+00,0.000000000000000000e+00,0.000000000000000000e+00,0.000000000000000000e+00,0.000000000000000000e+00,0.000000000000000000e+00,0.000000000000000000e+00,0.000000000000000000e+00,0.000000000000000000e+00,0.000000000000000000e+00,0.000000000000000000e+00,0.000000000000000000e+00,0.000000000000000000e+00,0.000000000000000000e+00,0.000000000000000000e+00,0.000000000000000000e+00,0.000000000000000000e+00,4.326431182884486141e-04,1.031513785872892114e-03,1.591439706224332968e-03,2.054289536350279236e-03,2.395463191532220225e-03,2.629696957455642491e-03,2.799355147992241191e-03,2.950223754803545269e-03,3.104694342188743343e-03,3.243190243444809412e-03,3.301763926145877097e-03,3.188199298085657354e-03,2.812458163569776098e-03,2.121887643586183297e-03,1.129068844045691194e-03,0.000000000000000000e+00,0.000000000000000000e+00,0.000000000000000000e+00,0.000000000000000000e+00,0.000000000000000000e+00,0.000000000000000000e+00,0.000000000000000000e+00,0.000000000000000000e+00,0.000000000000000000e+00,1.382976837209981200e-03,1.883692016920966109e-03,0.000000000000000000e+00,4.342142546396870356e-04,1.331383868629282003e-03,2.317742017716796585e-03,3.350704302761480739e-03,0.000000000000000000e+00,0.000000000000000000e+00,0.000000000000000000e+00,0.000000000000000000e+00,0.000000000000000000e+00,0.000000000000000000e+00,0.000000000000000000e+00,0.000000000000000000e+00,0.000000000000000000e+00,0.000000000000000000e+00,0.000000000000000000e+00,0.000000000000000000e+00,0.000000000000000000e+00,0.000000000000000000e+00,0.000000000000000000e+00,0.000000000000000000e+00,0.000000000000000000e+00,0.000000000000000000e+00,0.000000000000000000e+00,0.000000000000000000e+00,0.000000000000000000e+00,0.000000000000000000e+00,0.000000000000000000e+00,0.000000000000000000e+00,0.000000000000000000e+00,0.000000000000000000e+00,0.000000000000000000e+00,0.000000000000000000e+00,0.000000000000000000e+00,0.000000000000000000e+00,0.000000000000000000e+00,0.000000000000000000e+00,0.000000000000000000e+00,0.000000000000000000e+00,0.000000000000000000e+00,0.000000000000000000e+00,2.514572633574567342e-04,9.188588354690022933e-04,1.517234984832706822e-03
0.000000000000000000e+00,0.000000000000000000e+00,0.000000000000000000e+00,0.000000000000000000e+00,0.000000000000000000e+00,0.000000000000000000e+00,0.000000000000000000e+00,0.000000000000000000e+00,0.000000000000000000e+00,0.000000000000000000e+00,0.000000000000000000e+00,0.000000000000000000e+00,0.000000000000000000e+00,0.000000000000000000e+00,0.000000000000000000e+00,0.000000000000000000e+00,0.000000000000000000e+00,0.000000000000000000e+00,0.000000000000000000e+00,0.000000000000000000e+00,0.000000000000000000e+00,3.613543253581500184e-04,1.472970489427296963e-03,2.507802637991191508e-03,3.329260268157365789e-03,3.813366693160520193e-03,0.000000000000000000e+00,0.000000000000000000e+00,0.000000000000000000e+00,0.000000000000000000e+00,0.000000000000000000e+00,9.478543884477414567e-04,5.024417788245799784e-04,6.108897626740230962e-04,5.362856526496112813e-04,2.684595509728644183e-04,0.000000000000000000e+00,0.000000000000000000e+00,0.000000000000000000e+00,0.000000000000000000e+00,0.000000000000000000e+00,0.000000000000000000e+00,0.000000000000000000e+00,0.000000000000000000e+00,0.000000000000000000e+00,0.000000000000000000e+00,0.000000000000000000e+00,0.000000000000000000e+00,0.000000000000000000e+00,0.000000000000000000e+00,0.000000000000000000e+00,0.000000000000000000e+00,0.000000000000000000e+00,0.000000000000000000e+00,0.000000000000000000e+00,0.000000000000000000e+00,0.000000000000000000e+00,0.000000000000000000e+00,0.000000000000000000e+00,3.339564698294842249e-03,2.328413762062849987e-03,2.335397873151402650e-03,0.000000000000000000e+00,0.000000000000000000e+00,0.000000000000000000e+00,0.000000000000000000e+00,0.000000000000000000e+00,0.000000000000000000e+00,0.000000000000000000e+00,0.000000000000000000e+00,0.000000000000000000e+00,0.000000000000000000e+00,0.000000000000000000e+00,0.000000000000000000e+00,0.000000000000000000e+00,0.000000000000000000e+00,0.000000000000000000e+00,0.000000000000000000e+00,0.000000000000000000e+00,0.000000000000000000e+00,0.000000000000000000e+00,0.000000000000000000e+00,0.000000000000000000e+00,0.000000000000000000e+00,0.000000000000000000e+00,4.931243412831631378e-04,1.054556187653891671e-03,1.434517848544738985e-03,1.626350621521764107e-03,1.642219377167353223e-03,1.505919042552303572e-03,1.244627275283200635e-03,8.821048598992902107e-04,4.350664151620812115e-04,0.000000000000000000e+00,0.000000000000000000e+00,0.000000000000000000e+00,0.000000000000000000e+00,0.000000000000000000e+00,0.000000000000000000e+00,0.000000000000000000e+00,0.000000000000000000e+00,0.000000000000000000e+00,0.000000000000000000e+00,0.000000000000000000e+00,0.000000000000000000e+00,0.000000000000000000e+00,0.000000000000000000e+00,0.000000000000000000e+00,0.000000000000000000e+00,0.000000000000000000e+00,0.000000000000000000e+00,0.000000000000000000e+00,0.000000000000000000e+00,0.000000000000000000e+00,0.000000000000000000e+00,0.000000000000000000e+00,0.000000000000000000e+00,2.906676800988607329e-04,8.795563340611184822e-04,1.312288483281388645e-03,1.601264999064473107e-03,3.337445225326434676e-03,0.000000000000000000e+00,0.000000000000000000e+00,0.000000000000000000e+00,0.000000000000000000e+00,0.000000000000000000e+00,0.000000000000000000e+00,0.000000000000000000e+00,0.000000000000000000e+00,4.911352371033102585e-04,1.869785045373518204e-03,3.012273167559427044e-03,3.801763998497753334e-03,4.187338010240979590e-03,4.186287585618740474e-03,3.869399401937617233e-03,3.334854605939947467e-03,2.679494043986318640e-03,1.976403941252821619e-03,1.265062790577589462e-03,5.557390213413465228e-04,0.000000000000000000e+00,0.000000000000000000e+00,0.000000000000000000e+00,0.000000000000000000e+00,0.000000000000000000e+00,0.000000000000000000e+00,0.000000000000000000e+00,0.000000000000000000e+00,0.000000000000000000e+00,0.000000000000000000e+00,0.000000000000000000e+00,6.511850620939428147e-04,1.326283232626724890e-03,1.797823995746376888e-03,2.047414074133489283e-03,2.094735614956189183e-03,1.985094091392992314e-03,1.773895802232613398e-03,1.512884557299769631e-03,1.241524387725812103e-03,9.847466202879133663e-04,7.561592817405578129e-04,6.357501152970579557e-04,8.656743064628369660e-04,1.091148323136762474e-03,1.311289204929636182e-03,2.079795987547829270e-03,1.032645032446660597e-03,8.310972634454025796e-04,4.643962591799668258e-04,0.000000000000000000e+00,0.000000000000000000e+00,0.000000000000000000e+00,0.000000000000000000e+00,0.000000000000000000e+00,0.000000000000000000e+00,0.000000000000000000e+00,0.000000000000000000e+00,0.000000000000000000e+00,0.000000000000000000e+00,0.000000000000000000e+00,0.000000000000000000e+00,0.000000000000000000e+00,0.000000000000000000e+00,4.418591750507167189e-06,3.685883434948555404e-04,5.698595558503781293e-04,6.362732522582131497e-04,6.221952208607693180e-04,5.950861998395096195e-04,6.196387433188605028e-04,7.431397172134401961e-04,0.000000000000000000e+00,0.000000000000000000e+00,0.000000000000000000e+00,0.000000000000000000e+00,3.041345082918385902e-04,5.690841818745939187e-04,7.721915742562426898e-04,9.177631617972733212e-04,1.009436137914429283e-03,1.044111626913802899e-03,1.010337475660250811e-03,8.927695356875531979e-04,6.815300059826794824e-04,3.826769161952393384e-04,2.480913249059076323e-05,0.000000000000000000e+00,0.000000000000000000e+00,0.000000000000000000e+00,0.000000000000000000e+00,0.000000000000000000e+00,0.000000000000000000e+00,0.000000000000000000e+00,0.000000000000000000e+00,2.826709601469597709e-04,5.441831667934271099e-04,7.584462565789928295e-04,9.337186626994660975e-04,1.087339893821740247e-03,1.240755216402684253e-03,1.416210259691643401e-03,1.634148374971758702e-03,1.909879103027872001e-03,2.249069233480707666e-03,2.643254194540881064e-03,0.000000000000000000e+00,0.000000000000000000e+00,0.000000000000000000e+00,0.000000000000000000e+00,0.000000000000000000e+00,0.000000000000000000e+00,0.000000000000000000e+00,0.000000000000000000e+00,0.000000000000000000e+00,0.000000000000000000e+00,0.000000000000000000e+00,5.900204005852061930e-04,1.776215838456988343e-03,0.000000000000000000e+00,0.000000000000000000e+00,0.000000000000000000e+00,0.000000000000000000e+00,0.000000000000000000e+00,0.000000000000000000e+00,0.000000000000000000e+00,0.000000000000000000e+00,0.000000000000000000e+00,0.000000000000000000e+00,9.677418379145499632e-04,1.909362171881426361e-03,2.409277437568091169e-03,2.413095565302523192e-03,1.933851227983764999e-03,1.048665182951751896e-03,0.000000000000000000e+00,0.000000000000000000e+00,0.000000000000000000e+00,0.000000000000000000e+00,0.000000000000000000e+00,0.000000000000000000e+00,0.000000000000000000e+00,0.000000000000000000e+00,0.000000000000000000e+00,0.000000000000000000e+00,0.000000000000000000e+00,0.000000000000000000e+00,0.000000000000000000e+00,0.000000000000000000e+00,0.000000000000000000e+00,0.000000000000000000e+00,0.000000000000000000e+00,0.000000000000000000e+00,0.000000000000000000e+00,0.000000000000000000e+00,0.000000000000000000e+00,8.876896716144266073e-04,1.813581589560986709e-03,2.682248268559423322e-03,3.408155739818099095e-03,3.911551333200951296e-03,4.136428336872720844e-03,4.064343737054942896e-03,3.719265486493898796e-03,3.161319848934073320e-03,2.471013099705962005e-03,1.728916640859034723e-03,9.974803910618968653e-04,1.051940316497220048e-03,1.307062478251755800e-03,1.488394617820907803e-03,3.056429485891820966e-03,1.117042898322940722e-03,1.056833945763187245e-03,9.902988526238026400e-04,9.197454627150286437e-04,8.474987841012728658e-04,7.758386207281766983e-04,7.069346782603168258e-04,6.427876409039233810e-04,5.851730792287909841e-04,5.713781843275641615e-04,7.276828633563364040e-04,9.353815196622004184e-04,1.209557673851870997e-03,1.564741525585519686e-03,2.008521152171887161e-03,2.532962896968686973e-03,3.107878373747327474e-03,3.679945903633100208e-03,4.179536245093672976e-03,4.533886394623531761e-03,4.682585904675420040e-03,4.590515530489423096e-03,4.254655253708767085e-03,3.703717740136783492e-03,2.991983124031709525e-03,2.189941503385093961e-03,1.374155328107112177e-03,8.849568552179889851e-04,9.061614953496047046e-04,1.897080203805637504e-03,0.000000000000000000e+00,0.000000000000000000e+00,0.000000000000000000e+00,0.000000000000000000e+00,0.000000000000000000e+00,0.000000000000000000e+00,0.000000000000000000e+00,0.000000000000000000e+00,0.000000000000000000e+00,0.000000000000000000e+00,0.000000000000000000e+00,0.000000000000000000e+00,0.000000000000000000e+00,0.000000000000000000e+00,1.053268691062998058e-03,0.000000000000000000e+00,0.000000000000000000e+00,0.000000000000000000e+00,0.000000000000000000e+00,0.000000000000000000e+00,0.000000000000000000e+00,4.771492408525959732e-05,2.886810962342361794e-04,4.888107302080180790e-04,6.273425788392909775e-04,6.701791227275831096e-04,5.722377717396448082e-04,2.866511157316324653e-04,0.000000000000000000e+00,0.000000000000000000e+00,0.000000000000000000e+00,0.000000000000000000e+00,0.000000000000000000e+00,6.152006681266546876e-04,2.582547753119512641e-03,4.417245346535618108e-03,5.997291003457305703e-03,7.248535585864057315e-03,8.144846592037296648e-03,8.699224822959579148e-03,8.949856289161979908e-03,8.945366783459371765e-03,8.732886162859068713e-03,8.351221848040100634e-03,7.829728810454902183e-03,0.000000000000000000e+00,0.000000000000000000e+00,0.000000000000000000e+00,0.000000000000000000e+00,0.000000000000000000e+00,0.000000000000000000e+00,0.000000000000000000e+00,9.883103548589498714e-05,7.410182123567720042e-04,1.329475653803655847e-03,0.000000000000000000e+00,0.000000000000000000e+00,0.000000000000000000e+00,0.000000000000000000e+00,0.000000000000000000e+00,0.000000000000000000e+00,0.000000000000000000e+00,0.000000000000000000e+00,0.000000000000000000e+00,0.000000000000000000e+00,0.000000000000000000e+00,0.000000000000000000e+00,0.000000000000000000e+00,0.000000000000000000e+00,0.000000000000000000e+00,0.000000000000000000e+00,0.000000000000000000e+00,0.000000000000000000e+00,1.991264612880300731e-03,0.000000000000000000e+00
2.663068708906133700e-08,5.720391969067602006e-04,0.000000000000000000e+00,0.000000000000000000e+00,0.000000000000000000e+00,0.000000000000000000e+00,0.000000000000000000e+00,5.492371113106820800e-04,1.454987667372132200e-03,2.367870558742068889e-03,3.170136811312646886e-03,3.753173439298686676e-03,4.030710085297969925e-03,3.948591874713748909e-03,3.490576280299087768e-03,2.679528914737641133e-03,1.573537466154101500e-03,2.571211045469497312e-04,0.000000000000000000e+00,0.000000000000000000e+00,0.000000000000000000e+00,0.000000000000000000e+00,0.000000000000000000e+00,0.000000000000000000e+00,0.000000000000000000e+00,0.000000000000000000e+00,0.000000000000000000e+00,0.000000000000000000e+00,0.000000000000000000e+00,0.000000000000000000e+00,0.000000000000000000e+00,0.000000000000000000e+00,0.000000000000000000e+00,0.000000000000000000e+00,0.000000000000000000e+00,0.000000000000000000e+00,1.268047872360667004e-04,3.839591857631984581e-04,6.223407863641434870e-04,8.456428285915976433e-04,1.053675551930350609e-03,1.237736041267378535e-03,1.380077353841532416e-03,1.459406329997397795e-03,1.461121035995690274e-03,1.387961667838148771e-03,1.265671053186296193e-03,1.139926158139510691e-03,1.064566911662782672e-03,1.085161386393091202e-03,1.524407007303163692e-03,2.147724832887749815e-03,3.118923883172673890e-03,1.302905650544230933e-03,1.476692781902750815e-03,1.521644459657818700e-03,1.435781250002172733e-03,1.239738380354253079e-03,9.730340538317710803e-04,6.855300475217356287e-04,4.261595931256210025e-04,2.319092753539069170e-04,1.200713543036254291e-04,1.061015016201857704e-04,6.240888324359006659e-04,1.073457397789437124e-03,1.427760746966717570e-03,1.670771564470866031e-03,1.800741160127050308e-03,1.832451215625258666e-03,1.795497194333694601e-03,1.728380023546525904e-03,1.669550224395155566e-03,1.647969576020249073e-03,1.676316176982444285e-03,1.749253829267449507e-03,1.847411915361630002e-03,1.945563171346897371e-03,2.021949570144017383e-03,1.975478798064007370e-03,1.480197844409672546e-03,1.036504748609172856e-03,7.441520867744312682e-04,6.691703339487920866e-04,8.253583854470855933e-04,1.172702943022895742e-03,1.632484803083438093e-03,0.000000000000000000e+00,0.000000000000000000e+00,0.000000000000000000e+00,0.000000000000000000e+00,0.000000000000000000e+00,0.000000000000000000e+00,0.000000000000000000e+00,0.000000000000000000e+00,0.000000000000000000e+00,0.000000000000000000e+00,0.000000000000000000e+00,0.000000000000000000e+00,0.000000000000000000e+00,0.000000000000000000e+00,0.000000000000000000e+00,0.000000000000000000e+00,0.000000000000000000e+00,0.000000000000000000e+00,0.000000000000000000e+00,0.000000000000000000e+00,0.000000000000000000e+00,0.000000000000000000e+00,0.000000000000000000e+00,0.000000000000000000e+00,0.000000000000000000e+00,0.000000000000000000e+00,0.000000000000000000e+00,0.000000000000000000e+00,0.000000000000000000e+00,0.000000000000000000e+00,0.000000000000000000e+00,0.000000000000000000e+00,0.000000000000000000e+00,0.000000000000000000e+00,0.000000000000000000e+00,0.000000000000000000e+00,0.000000000000000000e+00,0.000000000000000000e+00,0.000000000000000000e+00,0.000000000000000000e+00,0.000000000000000000e+00,0.000000000000000000e+00,0.000000000000000000e+00,0.000000000000000000e+00,2.450263654685994703e-04,4.226379741196403242e-04,4.286276774476825875e-04,2.739237760745772418e-04,0.000000000000000000e+00,0.000000000000000000e+00,0.000000000000000000e+00,0.000000000000000000e+00,0.000000000000000000e+00,0.000000000000000000e+00,0.000000000000000000e+00,0.000000000000000000e+00,0.000000000000000000e+00,0.000000000000000000e+00,0.000000000000000000e+00,0.000000000000000000e+00,0.000000000000000000e+00,0.000000000000000000e+00,1.526334962903975589e-04,6.174444461137771917e-04,9.464538588224563880e-04,1.081069050753669753e-03,0.000000000000000000e+00,3.920668877692888511e-04,1.040945923511895146e-03,0.000000000000000000e+00,0.000000000000000000e+00,0.000000000000000000e+00,0.000000000000000000e+00,0.000000000000000000e+00,0.000000000000000000e+00,0.000000000000000000e+00,0.000000000000000000e+00,0.000000000000000000e+00,0.000000000000000000e+00,0.000000000000000000e+00,0.000000000000000000e+00,0.000000000000000000e+00,2.285837918277973580e-05,2.646888990927062212e-04,3.951014259679230681e-04,3.944502330136283774e-04,2.540049812893997293e-04,0.000000000000000000e+00,0.000000000000000000e+00,0.000000000000000000e+00,0.000000000000000000e+00,0.000000000000000000e+00,0.000000000000000000e+00,0.000000000000000000e+00,0.000000000000000000e+00,0.000000000000000000e+00,0.000000000000000000e+00,1.367383252434312450e-04,2.811974323096019736e-04,4.108565760318561369e-04,5.243385604274401930e-04,1.337108469574620553e-03,2.614585363333457937e-03,3.526606735921606044e-03,3.966385022257335954e-03,3.878508423025090347e-03,3.272520635893319454e-03,2.225985679083321029e-03,8.746976422912009289e-04,7.564067758966053689e-04,7.027328801221627242e-04,6.368732942151912038e-04,5.601222150574590658e-04,4.737837669235933440e-04,3.791479833720033817e-04,2.774721068612669757e-04,1.699648194319380086e-04,5.777614458607952241e-05,0.000000000000000000e+00,0.000000000000000000e+00,0.000000000000000000e+00,0.000000000000000000e+00,0.000000000000000000e+00,0.000000000000000000e+00,0.000000000000000000e+00,0.000000000000000000e+00,0.000000000000000000e+00,0.000000000000000000e+00,0.000000000000000000e+00,0.000000000000000000e+00,0.000000000000000000e+00,0.000000000000000000e+00,0.000000000000000000e+00,0.000000000000000000e+00,0.000000000000000000e+00,0.000000000000000000e+00,0.000000000000000000e+00,0.000000000000000000e+00,0.000000000000000000e+00,0.000000000000000000e+00,0.000000000000000000e+00,0.000000000000000000e+00,0.000000000000000000e+00,0.000000000000000000e+00,0.000000000000000000e+00,0.000000000000000000e+00,0.000000000000000000e+00,0.000000000000000000e+00,0.000000000000000000e+00,0.000000000000000000e+00,0.000000000000000000e+00,0.000000000000000000e+00,0.000000000000000000e+00,0.000000000000000000e+00,0.000000000000000000e+00,0.000000000000000000e+00,2.306971860000821479e-04,4.296449219624689023e-04,5.375171508889757359e-04,5.994841238182811033e-04,0.000000000000000000e+00,0.000000000000000000e+00,0.000000000000000000e+00,0.000000000000000000e+00,3.727527665051641481e-04,8.289081327974620996e-04,1.213703094170841485e-03,1.522518880785836458e-03,1.748023108283434978e-03,1.882907102077446609e-03,0.000000000000000000e+00,0.000000000000000000e+00,1.676548159253702546e-04,0.000000000000000000e+00,0.000000000000000000e+00,0.000000000000000000e+00,0.000000000000000000e+00,0.000000000000000000e+00,0.000000000000000000e+00,0.000000000000000000e+00,6.079517126702826176e-04,1.637773462314046557e-03,2.600640295498089956e-03,3.430416692147800380e-03,4.085459550200722274e-03,4.548974976121715474e-03,4.824831193599146174e-03,4.931633060797298122e-03,4.897509489227035162e-03,4.756637063563106359e-03,4.546890971536878337e-03,4.307070334353826392e-03,4.072410720997475531e-03,3.868486537056013350e-03,3.705309765700517260e-03,3.574421665451580059e-03,3.451250668425126771e-03,3.303025314365771493e-03,3.100022658145417526e-03,2.826234225029254296e-03,2.485661030100734092e-03,2.102356806646451561e-03,1.952269215789297204e-03,1.934231833792814971e-03,1.901682353396346933e-03,1.854607655317676079e-03,1.793074363830642667e-03,1.717251387886279236e-03,1.627436194180257711e-03,1.852103530754874638e-03,2.317528733216367084e-03,2.756474875523213033e-03,3.084598276108915706e-03,3.227850890180161778e-03,3.139813629514415401e-03,0.000000000000000000e+00,3.203460697614859748e-04,1.278382326334761513e-03,2.234302994756207170e-03,3.099770206586165231e-03,0.000000000000000000e+00,0.000000000000000000e+00,0.000000000000000000e+00,0.000000000000000000e+00,0.000000000000000000e+00,0.000000000000000000e+00,0.000000000000000000e+00,0.000000000000000000e+00,0.000000000000000000e+00,0.000000000000000000e+00,0.000000000000000000e+00,0.000000000000000000e+00,0.000000000000000000e+00,0.000000000000000000e+00,0.000000000000000000e+00,0.000000000000000000e+00,0.000000000000000000e+00,5.172362945690490771e-04,1.108940029370244834e-03,1.659104243746397853e-03,2.072934188172515565e-03,3.594552943283756217e-03,0.000000000000000000e+00,0.000000000000000000e+00,0.000000000000000000e+00,0.000000000000000000e+00,6.251056393815192323e-04,1.607296794456916514e-03,2.167754391790812068e-03,2.331545242469210914e-03,2.371053686920434299e-03,2.297697754804017053e-03,2.129672453927875311e-03,1.884965784614917256e-03,1.578117003903129964e-03,1.220500059755434121e-03,8.226853246196948145e-04,3.972522161953106340e-04,8.917921889696914326e-04,1.234227030736387244e-03,1.329914911617254957e-03,1.153190783821207276e-03,7.195555304279624897e-04,8.280578340869828213e-05,0.000000000000000000e+00,0.000000000000000000e+00,0.000000000000000000e+00,0.000000000000000000e+00,0.000000000000000000e+00,2.608831861850577707e-04,6.332454249898641007e-04,9.242786334582869670e-04,1.110526858205391869e-03,1.178999114556765785e-03,1.126229813228127926e-03,9.572967204423528604e-04,6.848848096465159256e-04,3.278523561843224381e-04,7.964006835109457101e-04,1.610502868388240857e-03,2.332631631332334442e-03,2.888027713238990480e-03,3.213304513962668158e-03,3.269919383850504371e-03,3.052746807728411779e-03,2.591111095550856398e-03,1.942080508505402391e-03,1.178216495503966359e-03,3.733486757248025731e-04,0.000000000000000000e+00,0.000000000000000000e+00,0.000000000000000000e+00,0.000000000000000000e+00,0.000000000000000000e+00,0.000000000000000000e+00,0.000000000000000000e+00,0.000000000000000000e+00,0.000000000000000000e+00,0.000000000000000000e+00,0.000000000000000000e+00,0.000000000000000000e+00,0.000000000000000000e+00,0.000000000000000000e+00,0.000000000000000000e+00,0.000000000000000000e+00,0.000000000000000000e+00,7.841455585485299995e-04,1.619499816621712681e-03,2.432501281224189876e-03,3.226558549568056024e-03,3.996662622028767688e-03,4.717775610781811853e-03,5.340866113758084219e-03
5.462745862576319928e-09,7.048295110517534571e-04,1.676439445145262068e-03,2.793892317921786196e-03,3.896617022198103387e-03,4.815282369572488654e-03,5.405792826971651290e-03,5.578154457034879658e-03,5.313604317631031269e-03,4.666598424982704510e-03,3.751987849646961758e-03,2.720886250485819204e-03,1.730660953164884662e-03,9.148757570931514071e-04,3.584318089865047769e-04,8.192102851889184183e-05,3.780866673592543636e-05,1.194098260385758329e-04,1.815971409474064456e-04,6.986039318538041145e-05,0.000000000000000000e+00,0.000000000000000000e+00,0.000000000000000000e+00,0.000000000000000000e+00,0.000000000000000000e+00,0.000000000000000000e+00,0.000000000000000000e+00,0.000000000000000000e+00,0.000000000000000000e+00,0.000000000000000000e+00,0.000000000000000000e+00,0.000000000000000000e+00,0.000000000000000000e+00,0.000000000000000000e+00,0.000000000000000000e+00,0.000000000000000000e+00,0.000000000000000000e+00,0.000000000000000000e+00,0.000000000000000000e+00,0.000000000000000000e+00,0.000000000000000000e+00,2.702301006504718908e-03,1.061125511179782099e-03,0.000000000000000000e+00,0.000000000000000000e+00,0.000000000000000000e+00,0.000000000000000000e+00,0.000000000000000000e+00,3.470639440083596056e-03,0.000000000000000000e+00,6.246252690357926305e-04,2.593415164589189890e-04,1.118107579127291173e-03,1.930731268636590604e-03,0.000000000000000000e+00,0.000000000000000000e+00,0.000000000000000000e+00,0.000000000000000000e+00,0.000000000000000000e+00,0.000000000000000000e+00,0.000000000000000000e+00,0.000000000000000000e+00,0.000000000000000000e+00,0.000000000000000000e+00,0.000000000000000000e+00,0.000000000000000000e+00,0.000000000000000000e+00,3.272078159276984926e-04,5.933933546064556379e-04,8.256578137705130379e-04,1.063948619936573104e-03,1.353848297861454195e-03,1.740043333996407933e-03,0.000000000000000000e+00,0.000000000000000000e+00,0.000000000000000000e+00,0.000000000000000000e+00,0.000000000000000000e+00,0.000000000000000000e+00,0.000000000000000000e+00,0.000000000000000000e+00,0.000000000000000000e+00,0.000000000000000000e+00,0.000000000000000000e+00,0.000000000000000000e+00,0.000000000000000000e+00,0.000000000000000000e+00,0.000000000000000000e+00,0.000000000000000000e+00,0.000000000000000000e+00,0.000000000000000000e+00,0.000000000000000000e+00,1.590085371758174571e-03,1.181350516726861234e-03,7.499460261572003534e-04,1.246111596850280187e-03,1.964640679589033621e-03,2.767426592364434328e-03,3.519006144135191933e-03,5.588953022512866374e-03,0.000000000000000000e+00,0.000000000000000000e+00,0.000000000000000000e+00,0.000000000000000000e+00,0.000000000000000000e+00,0.000000000000000000e+00,0.000000000000000000e+00,0.000000000000000000e+00,0.000000000000000000e+00,0.000000000000000000e+00,0.000000000000000000e+00,0.000000000000000000e+00,0.000000000000000000e+00,0.000000000000000000e+00,0.000000000000000000e+00,0.000000000000000000e+00,0.000000000000000000e+00,0.000000000000000000e+00,0.000000000000000000e+00,0.000000000000000000e+00,0.000000000000000000e+00,0.000000000000000000e+00,0.000000000000000000e+00,0.000000000000000000e+00,0.000000000000000000e+00,0.000000000000000000e+00,0.000000000000000000e+00,0.000000000000000000e+00,0.000000000000000000e+00,0.000000000000000000e+00,0.000000000000000000e+00,0.000000000000000000e+00,2.456514473759267739e-04,3.654544367049530982e-03,0.000000000000000000e+00,0.000000000000000000e+00,0.000000000000000000e+00,0.000000000000000000e+00,0.000000000000000000e+00,0.000000000000000000e+00,0.000000000000000000e+00,0.000000000000000000e+00,0.000000000000000000e+00,2.570948326674179552e-04,4.973900709521278602e-04,3.886114819346569733e-04,0.000000000000000000e+00,0.000000000000000000e+00,0.000000000000000000e+00,0.000000000000000000e+00,0.000000000000000000e+00,0.000000000000000000e+00,0.000000000000000000e+00,0.000000000000000000e+00,0.000000000000000000e+00,0.000000000000000000e+00,0.000000000000000000e+00,0.000000000000000000e+00,0.000000000000000000e+00,0.000000000000000000e+00,0.000000000000000000e+00,0.000000000000000000e+00,0.000000000000000000e+00,0.000000000000000000e+00,0.000000000000000000e+00,0.000000000000000000e+00,0.000000000000000000e+00,0.000000000000000000e+00,0.000000000000000000e+00,0.000000000000000000e+00,0.000000000000000000e+00,0.000000000000000000e+00,0.000000000000000000e+00,0.000000000000000000e+00,0.000000000000000000e+00,0.000000000000000000e+00,0.000000000000000000e+00,0.000000000000000000e+00,0.000000000000000000e+00,0.000000000000000000e+00,0.000000000000000000e+00,0.000000000000000000e+00,2.291560022117175707e-04,8.301557899075324596e-04,1.470006627548661520e-03,0.000000000000000000e+00,0.000000000000000000e+00,0.000000000000000000e+00,0.000000000000000000e+00,0.000000000000000000e+00,0.000000000000000000e+00,0.000000000000000000e+00,0.000000000000000000e+00,0.000000000000000000e+00,0.000000000000000000e+00,0.000000000000000000e+00,0.000000000000000000e+00,0.000000000000000000e+00,0.000000000000000000e+00,0.000000000000000000e+00,0.000000000000000000e+00,0.000000000000000000e+00,0.000000000000000000e+00,4.242937923793553247e-05,8.555663195057058423e-04,1.886183627909533223e-03,3.056509093272916523e-03,4.252218232877129356e-03,0.000000000000000000e+00,0.000000000000000000e+00,0.000000000000000000e+00,0.000000000000000000e+00,0.000000000000000000e+00,0.000000000000000000e+00,0.000000000000000000e+00,0.000000000000000000e+00,4.017728815583771409e-06,9.726512819412558731e-05,2.113207269832916024e-04,5.273451076331628264e-04,1.646516013889442109e-03,2.635501932852411799e-03,3.492195365097591937e-03,3.948664130935219431e-03,4.084219708020686394e-03,4.207154167460184883e-03,4.358503484658308828e-03,0.000000000000000000e+00,0.000000000000000000e+00,0.000000000000000000e+00,0.000000000000000000e+00,0.000000000000000000e+00,0.000000000000000000e+00,0.000000000000000000e+00,0.000000000000000000e+00,0.000000000000000000e+00,0.000000000000000000e+00,0.000000000000000000e+00,0.000000000000000000e+00,0.000000000000000000e+00,7.276180932039937564e-04,9.209219379332350946e-04,0.000000000000000000e+00,0.000000000000000000e+00,2.369393459443321298e-04,9.818871160276157646e-04,1.817971310986491590e-03,2.667538480430749984e-03,3.449832544284010555e-03,4.091417477318112957e-03,4.535538020775349739e-03,0.000000000000000000e+00,0.000000000000000000e+00,0.000000000000000000e+00,0.000000000000000000e+00,0.000000000000000000e+00,0.000000000000000000e+00,0.000000000000000000e+00,4.862236284022027473e-05,8.529763375258347284e-05,4.286229443206450803e-05,0.000000000000000000e+00,0.000000000000000000e+00,6.132246586847502935e-05,2.534123082091921148e-04,5.239519438833755783e-04,8.102374511227315116e-04,1.033371647318210044e-03,1.123111093316798721e-03,1.040624445137965093e-03,7.911864674642570113e-04,4.230752345604814140e-04,1.443962703720545496e-05,0.000000000000000000e+00,0.000000000000000000e+00,0.000000000000000000e+00,0.000000000000000000e+00,0.000000000000000000e+00,5.377443371902863737e-04,0.000000000000000000e+00,0.000000000000000000e+00,0.000000000000000000e+00,0.000000000000000000e+00,0.000000000000000000e+00,1.262179219009973831e-04,5.244517360508281403e-04,9.282983450208685729e-04,1.296196733605485063e-03,1.589793323729961610e-03,1.781208800954477926e-03,1.858327600584353196e-03,1.825452071212919219e-03,1.698350611989557935e-03,1.495202873730775176e-03,1.226963069524542125e-03,8.911467693698728191e-04,4.717426584038606039e-04,0.000000000000000000e+00,0.000000000000000000e+00,0.000000000000000000e+00,0.000000000000000000e+00,0.000000000000000000e+00,0.000000000000000000e+00,0.000000000000000000e+00,0.000000000000000000e+00,0.000000000000000000e+00,0.000000000000000000e+00,0.000000000000000000e+00,0.000000000000000000e+00,0.000000000000000000e+00,0.000000000000000000e+00,0.000000000000000000e+00,0.000000000000000000e+00,0.000000000000000000e+00,0.000000000000000000e+00,0.000000000000000000e+00,0.000000000000000000e+00,0.000000000000000000e+00,0.000000000000000000e+00,0.000000000000000000e+00,0.000000000000000000e+00,0.000000000000000000e+00,0.000000000000000000e+00,0.000000000000000000e+00,0.000000000000000000e+00,0.000000000000000000e+00,0.000000000000000000e+00,0.000000000000000000e+00,0.000000000000000000e+00,0.000000000000000000e+00,0.000000000000000000e+00,0.000000000000000000e+00,0.000000000000000000e+00,0.000000000000000000e+00,0.000000000000000000e+00,0.000000000000000000e+00,0.000000000000000000e+00,0.000000000000000000e+00,0.000000000000000000e+00,2.474917214297159534e-04,4.212602925168665389e-04,4.150708500439568498e-04,2.554576046209466834e-04,2.901805614482849266e-07,0.000000000000000000e+00,0.000000000000000000e+00,0.000000000000000000e+00,0.000000000000000000e+00,0.000000000000000000e+00,0.000000000000000000e+00,0.000000000000000000e+00,0.000000000000000000e+00,2.101143484592104011e-05,0.000000000000000000e+00,0.000000000000000000e+00,0.000000000000000000e+00,0.000000000000000000e+00,0.000000000000000000e+00,0.000000000000000000e+00,0.000000000000000000e+00,0.000000000000000000e+00,0.000000000000000000e+00,0.000000000000000000e+00,0.000000000000000000e+00,0.000000000000000000e+00,0.000000000000000000e+00,0.000000000000000000e+00,0.000000000000000000e+00,0.000000000000000000e+00,0.000000000000000000e+00,0.000000000000000000e+00,0.000000000000000000e+00,0.000000000000000000e+00,0.000000000000000000e+00,0.000000000000000000e+00,0.000000000000000000e+00,1.793969900522291794e-04,3.311977443364719415e-04,2.050328744817690729e-04,0.000000000000000000e+00,0.000000000000000000e+00,0.000000000000000000e+00,0.000000000000000000e+00,0.000000000000000000e+00,0.000000000000000000e+00,0.000000000000000000e+00,9.185722331932223413e-05,9.086605972024267702e-04,1.667580516680474117e-03,2.256507482402667335e-03,2.608226861733948469e-03,2.710339773204194658e-03,2.599775822349472288e-03,2.344657650123490623e-03,2.020213997471393547e-03,1.687219318975721272e-03,1.380088035380680174e-03,1.224682093995798932e-03,1.796249131291686486e-03,2.292971743542359178e-03
0.000000000000000000e+00,0.000000000000000000e+00,0.000000000000000000e+00,0.000000000000000000e+00,0.000000000000000000e+00,0.000000000000000000e+00,0.000000000000000000e+00,0.000000000000000000e+00,0.000000000000000000e+00,0.000000000000000000e+00,0.000000000000000000e+00,1.930363961567292739e-04,4.203736756569429736e-04,6.523088457984529661e-04,9.287557236101235021e-04,1.272921985766182216e-03,0.000000000000000000e+00,0.000000000000000000e+00,0.000000000000000000e+00,0.000000000000000000e+00,0.000000000000000000e+00,0.000000000000000000e+00,0.000000000000000000e+00,0.000000000000000000e+00,0.000000000000000000e+00,0.000000000000000000e+00,0.000000000000000000e+00,0.000000000000000000e+00,0.000000000000000000e+00,0.000000000000000000e+00,0.000000000000000000e+00,0.000000000000000000e+00,0.000000000000000000e+00,0.000000000000000000e+00,0.000000000000000000e+00,0.000000000000000000e+00,0.000000000000000000e+00,0.000000000000000000e+00,0.000000000000000000e+00,0.000000000000000000e+00,0.000000000000000000e+00,6.579348953617239373e-05,1.072883314761127922e-03,0.000000000000000000e+00,0.000000000000000000e+00,0.000000000000000000e+00,0.000000000000000000e+00,0.000000000000000000e+00,0.000000000000000000e+00,0.000000000000000000e+00,0.000000000000000000e+00,0.000000000000000000e+00,0.000000000000000000e+00,0.000000000000000000e+00,0.000000000000000000e+00,6.725529734086608397e-04,1.456272223929840808e-03,2.118981972311093434e-03,2.642503524142249607e-03,3.016777761763887213e-03,3.236558947103699777e-03,3.300586533056610889e-03,3.213718564476307233e-03,2.991239413495371327e-03,2.663468418999939778e-03,2.278125147677992433e-03,1.898037377229215734e-03,1.592962846612223969e-03,1.426447569248438492e-03,1.440972451730914393e-03,1.646100196566271890e-03,2.013994823870051895e-03,2.484537021748976088e-03,2.979047704028785649e-03,3.418753455072767733e-03,3.742607487462811661e-03,3.919523875785865114e-03,3.952063460574613621e-03,3.871356740342870618e-03,3.725543458397587680e-03,3.565546129623172605e-03,3.432228208003960251e-03,3.348093871404105460e-03,3.315000774313491168e-03,3.317501468398872683e-03,3.329902328545830768e-03,3.324436835931020642e-03,3.278215295112709565e-03,3.177637366204022051e-03,3.653137308233442987e-03,3.905862375959827902e-03,3.717502592992008494e-03,3.165724568097114892e-03,2.375220124529822587e-03,1.927629440356509868e-03,1.798744144061286028e-03,1.720102008856602997e-03,1.673869012044783061e-03,1.633617391857506264e-03,1.574957103340567750e-03,1.486840704432797590e-03,1.378676223108935093e-03,1.559535284506294089e-03,2.293574335575743889e-03,2.910486037630835836e-03,3.325439071324179114e-03,3.486503841899129142e-03,3.381464184212655804e-03,3.036891092870776503e-03,2.872682862513297429e-03,3.279815679116870539e-03,3.643187292262290745e-03,3.945480814717444891e-03,4.171260277018644554e-03,4.300450597257386709e-03,4.305199052491427876e-03,4.152764782785091716e-03,3.814492033502928352e-03,3.278095501097030590e-03,2.558588663066899659e-03,1.703029984759821648e-03,1.291375672182074530e-03,1.342097708203390458e-03,1.380656942073873843e-03,0.000000000000000000e+00,0.000000000000000000e+00,0.000000000000000000e+00,0.000000000000000000e+00,0.000000000000000000e+00,0.000000000000000000e+00,0.000000000000000000e+00,0.000000000000000000e+00,0.000000000000000000e+00,0.000000000000000000e+00,0.000000000000000000e+00,0.000000000000000000e+00,0.000000000000000000e+00,0.000000000000000000e+00,0.000000000000000000e+00,0.000000000000000000e+00,2.758137687682698245e-04,3.421021068188374436e-03,0.000000000000000000e+00,0.000000000000000000e+00,0.000000000000000000e+00,0.000000000000000000e+00,0.000000000000000000e+00,0.000000000000000000e+00,0.000000000000000000e+00,0.000000000000000000e+00,0.000000000000000000e+00,0.000000000000000000e+00,0.000000000000000000e+00,0.000000000000000000e+00,0.000000000000000000e+00,0.000000000000000000e+00,0.000000000000000000e+00,0.000000000000000000e+00,0.000000000000000000e+00,0.000000000000000000e+00,0.000000000000000000e+00,0.000000000000000000e+00,0.000000000000000000e+00,0.000000000000000000e+00,0.000000000000000000e+00,0.000000000000000000e+00,0.000000000000000000e+00,0.000000000000000000e+00,0.000000000000000000e+00,0.000000000000000000e+00,0.000000000000000000e+00,0.000000000000000000e+00,0.000000000000000000e+00,0.000000000000000000e+00,0.000000000000000000e+00,0.000000000000000000e+00,0.000000000000000000e+00,0.000000000000000000e+00,0.000000000000000000e+00,0.000000000000000000e+00,1.492803626770391242e-04,5.616328468843468898e-04,7.362704487682407992e-04,6.487140251043004707e-04,3.195024239318068593e-04,0.000000000000000000e+00,0.000000000000000000e+00,0.000000000000000000e+00,0.000000000000000000e+00,0.000000000000000000e+00,0.000000000000000000e+00,0.000000000000000000e+00,0.000000000000000000e+00,0.000000000000000000e+00,0.000000000000000000e+00,0.000000000000000000e+00,3.039224285466929050e-04,6.198523202542499319e-04,7.132943657602009400e-04,8.681702531428601120e-04,1.116643945353430365e-03,1.394059199707679006e-03,1.724045418115830158e-03,5.349273227945357126e-04,1.578826570543201088e-04,0.000000000000000000e+00,0.000000000000000000e+00,0.000000000000000000e+00,0.000000000000000000e+00,0.000000000000000000e+00,0.000000000000000000e+00,0.000000000000000000e+00,2.353951144572528984e-04,9.781457555195155820e-04,2.513555707265384929e-03,0.000000000000000000e+00,0.000000000000000000e+00,0.000000000000000000e+00,0.000000000000000000e+00,0.000000000000000000e+00,0.000000000000000000e+00,0.000000000000000000e+00,0.000000000000000000e+00,0.000000000000000000e+00,0.000000000000000000e+00,0.000000000000000000e+00,0.000000000000000000e+00,0.000000000000000000e+00,1.528228580424943099e-04,5.019097548152192615e-04,1.037404694777251807e-03,1.759090237126411651e-03,2.627214677180737812e-03,3.566350621375113938e-03,4.476351336303055657e-03,5.249031062274774236e-03,5.787807778008406678e-03,6.629331147618489940e-03,0.000000000000000000e+00,0.000000000000000000e+00,0.000000000000000000e+00,0.000000000000000000e+00,0.000000000000000000e+00,0.000000000000000000e+00,0.000000000000000000e+00,5.127527320547848461e-04,3.274111211912325483e-03,0.000000000000000000e+00,0.000000000000000000e+00,0.000000000000000000e+00,0.000000000000000000e+00,0.000000000000000000e+00,0.000000000000000000e+00,0.000000000000000000e+00,0.000000000000000000e+00,0.000000000000000000e+00,0.000000000000000000e+00,0.000000000000000000e+00,0.000000000000000000e+00,0.000000000000000000e+00,0.000000000000000000e+00,0.000000000000000000e+00,0.000000000000000000e+00,0.000000000000000000e+00,0.000000000000000000e+00,0.000000000000000000e+00,0.000000000000000000e+00,0.000000000000000000e+00,0.000000000000000000e+00,0.000000000000000000e+00,0.000000000000000000e+00,0.000000000000000000e+00,0.000000000000000000e+00,0.000000000000000000e+00,0.000000000000000000e+00,0.000000000000000000e+00,0.000000000000000000e+00,0.000000000000000000e+00,0.000000000000000000e+00,0.000000000000000000e+00,0.000000000000000000e+00,0.000000000000000000e+00,0.000000000000000000e+00,0.000000000000000000e+00,0.000000000000000000e+00,0.000000000000000000e+00,0.000000000000000000e+00,0.000000000000000000e+00,0.000000000000000000e+00,0.000000000000000000e+00,0.000000000000000000e+00,0.000000000000000000e+00,0.000000000000000000e+00,0.000000000000000000e+00,0.000000000000000000e+00,0.000000000000000000e+00,0.000000000000000000e+00,0.000000000000000000e+00,0.000000000000000000e+00,0.000000000000000000e+00,0.000000000000000000e+00,0.000000000000000000e+00,0.000000000000000000e+00,0.000000000000000000e+00,0.000000000000000000e+00,0.000000000000000000e+00,5.892453401319764717e-04,1.252039911292031566e-03,1.875879789104001327e-03,2.406127243174282886e-03,2.791591116896371873e-03,2.992025555030058959e-03,2.983134398600967904e-03,0.000000000000000000e+00,0.000000000000000000e+00,0.000000000000000000e+00,0.000000000000000000e+00,0.000000000000000000e+00,0.000000000000000000e+00,3.333297810669946033e-05,5.322510602469522536e-04,1.102039100573975984e-03,1.688002594029934262e-03,2.219506769200076460e-03,2.616327360801062960e-03,2.798637861778758250e-03,2.698924836964123990e-03,2.273666829540066121e-03,1.512587215860154970e-03,4.436685095288149549e-04,0.000000000000000000e+00,0.000000000000000000e+00,0.000000000000000000e+00,0.000000000000000000e+00,0.000000000000000000e+00,0.000000000000000000e+00,0.000000000000000000e+00,0.000000000000000000e+00,0.000000000000000000e+00,0.000000000000000000e+00,0.000000000000000000e+00,0.000000000000000000e+00,0.000000000000000000e+00,0.000000000000000000e+00,6.742754730529451276e-05,1.398537710142149881e-04,2.117513758953450554e-04,3.220775366414234506e-04,4.918275477298522701e-04,6.590884689079524539e-04,8.249065689706653205e-04,6.173235431077376276e-04,1.984760947540613156e-04,0.000000000000000000e+00,0.000000000000000000e+00,7.168636917782567053e-05,4.395542670857705871e-04,9.711777563790653265e-04,1.616836564862361931e-03,0.000000000000000000e+00,0.000000000000000000e+00,0.000000000000000000e+00,0.000000000000000000e+00,0.000000000000000000e+00,0.000000000000000000e+00,0.000000000000000000e+00,0.000000000000000000e+00,0.000000000000000000e+00,0.000000000000000000e+00,0.000000000000000000e+00,0.000000000000000000e+00,0.000000000000000000e+00,0.000000000000000000e+00,0.000000000000000000e+00,0.000000000000000000e+00,0.000000000000000000e+00,0.000000000000000000e+00,0.000000000000000000e+00,0.000000000000000000e+00,0.000000000000000000e+00,6.181142890543569589e-04,0.000000000000000000e+00,0.000000000000000000e+00,0.000000000000000000e+00,0.000000000000000000e+00,0.000000000000000000e+00,0.000000000000000000e+00,0.000000000000000000e+00,0.000000000000000000e+00,0.000000000000000000e+00,0.000000000000000000e+00,6.402274348380203491e-04,0.000000000000000000e+00,0.000000000000000000e+00,0.000000000000000000e+00,0.000000000000000000e+00,0.000000000000000000e+00,0.000000000000000000e+00,0.000000000000000000e+00,0.000000000000000000e+00
4.427145674083474851e-08,3.336890747510808369e-04,1.688131161655666659e-04,2.485157029022159124e-04,3.233960976827528287e-04,4.642456084932919928e-06,3.487209800324519559e-04,8.547728383681412476e-04,1.479765056632180789e-03,2.147166153126525180e-03,2.761921332706715557e-03,3.231546000582351946e-03,3.487582789400785546e-03,3.501528530983935052e-03,3.290955069146274999e-03,2.914304016022017853e-03,2.455772210359646098e-03,2.004185119287551532e-03,1.631266636037762311e-03,1.375034195182888103e-03,1.232820290674167818e-03,1.165720416990129139e-03,1.112661811670916925e-03,1.009034823694037906e-03,0.000000000000000000e+00,0.000000000000000000e+00,3.598656515125204886e-06,1.047782062745541108e-03,1.277554203349429715e-04,0.000000000000000000e+00,1.312507841847262340e-04,7.443644138011426201e-04,1.324156973870273648e-03,1.538605274956147007e-03,1.716424737631281824e-03,1.647094748308110777e-03,1.317591871815717826e-03,7.521754669197099280e-04,8.007426254263563123e-06,0.000000000000000000e+00,0.000000000000000000e+00,0.000000000000000000e+00,0.000000000000000000e+00,0.000000000000000000e+00,0.000000000000000000e+00,0.000000000000000000e+00,0.000000000000000000e+00,0.000000000000000000e+00,0.000000000000000000e+00,0.000000000000000000e+00,0.000000000000000000e+00,0.000000000000000000e+00,0.000000000000000000e+00,0.000000000000000000e+00,0.000000000000000000e+00,0.000000000000000000e+00,0.000000000000000000e+00,0.000000000000000000e+00,0.000000000000000000e+00,0.000000000000000000e+00,0.000000000000000000e+00,0.000000000000000000e+00,0.000000000000000000e+00,0.000000000000000000e+00,0.000000000000000000e+00,0.000000000000000000e+00,5.320961142924851128e-05,1.631874114690789644e-04,0.000000000000000000e+00,0.000000000000000000e+00,0.000000000000000000e+00,0.000000000000000000e+00,0.000000000000000000e+00,0.000000000000000000e+00,0.000000000000000000e+00,0.000000000000000000e+00,0.000000000000000000e+00,2.314710327125726885e-03,6.717703865716470081e-04,3.097793155572448748e-04,2.016229314149946261e-04,9.107384805494997361e-04,1.497945137081689625e-03,2.077229426561262322e-03,9.633958619709949347e-04,7.772197287677164211e-04,6.050095066630183918e-04,4.883829528120255548e-04,4.353924740888171895e-04,4.165058751087748440e-04,3.683455839622423972e-04,2.060147112349674289e-04,0.000000000000000000e+00,0.000000000000000000e+00,0.000000000000000000e+00,0.000000000000000000e+00,0.000000000000000000e+00,0.000000000000000000e+00,0.000000000000000000e+00,0.000000000000000000e+00,0.000000000000000000e+00,0.000000000000000000e+00,0.000000000000000000e+00,0.000000000000000000e+00,0.000000000000000000e+00,0.000000000000000000e+00,4.370357249158179176e-04,1.763774265884015396e-03,2.905390835177819580e-03,3.860265318149287608e-03,4.657478485533393490e-03,5.339452542271078475e-03,5.942248459133556496e-03,0.000000000000000000e+00,0.000000000000000000e+00,0.000000000000000000e+00,0.000000000000000000e+00,0.000000000000000000e+00,0.000000000000000000e+00,0.000000000000000000e+00,0.000000000000000000e+00,0.000000000000000000e+00,0.000000000000000000e+00,0.000000000000000000e+00,0.000000000000000000e+00,0.000000000000000000e+00,0.000000000000000000e+00,0.000000000000000000e+00,0.000000000000000000e+00,0.000000000000000000e+00,0.000000000000000000e+00,0.000000000000000000e+00,0.000000000000000000e+00,3.405179140518392968e-04,0.000000000000000000e+00,0.000000000000000000e+00,0.000000000000000000e+00,0.000000000000000000e+00,0.000000000000000000e+00,0.000000000000000000e+00,0.000000000000000000e+00,0.000000000000000000e+00,0.000000000000000000e+00,0.000000000000000000e+00,0.000000000000000000e+00,0.000000000000000000e+00,0.000000000000000000e+00,1.556279445029693583e-04,9.710912424346201119e-04,3.982426690025490587e-03,0.000000000000000000e+00,0.000000000000000000e+00,0.000000000000000000e+00,0.000000000000000000e+00,0.000000000000000000e+00,0.000000000000000000e+00,0.000000000000000000e+00,0.000000000000000000e+00,0.000000000000000000e+00,0.000000000000000000e+00,0.000000000000000000e+00,0.000000000000000000e+00,0.000000000000000000e+00,0.000000000000000000e+00,0.000000000000000000e+00,6.995286937361638261e-04,1.745563729219030968e-03,2.794218871714820342e-03,3.735777529944288994e-03,4.472455373774081311e-03,4.940189629671189533e-03,5.123174201205522166e-03,5.056390298479799053e-03,4.815170016380744544e-03,4.495032579113774664e-03,4.188052297624819155e-03,3.962618355659201959e-03,3.851675464397301581e-03,3.851248646933038648e-03,3.927780721661318884e-03,4.030637995389198258e-03,4.105624208450823868e-03,4.106193513322136703e-03,4.000650126275383071e-03,3.775199449760319615e-03,3.433780204060363217e-03,2.995926201963460163e-03,2.493595099297184117e-03,1.967337989302261631e-03,1.461754143057509853e-03,1.020089375897833975e-03,6.781269552191475196e-04,4.579259563704581731e-04,3.623584193774275495e-04,3.716431708417046128e-04,4.431750372050864218e-04,7.984445439229458964e-04,1.154538642176867981e-03,1.471676476124355324e-03,1.750612426846990394e-03,2.006519284412990999e-03,2.260817201502003486e-03,2.531003570390964481e-03,2.822057295612580199e-03,3.121955152269860392e-03,3.402075408194213738e-03,3.621704583586391347e-03,3.735088862982138998e-03,3.699591907960323150e-03,3.483951536927707912e-03,3.075787597541477202e-03,2.487182449500623029e-03,1.756680492722370547e-03,9.461913567752079906e-04,1.323797240041801632e-04,0.000000000000000000e+00,0.000000000000000000e+00,0.000000000000000000e+00,0.000000000000000000e+00,0.000000000000000000e+00,0.000000000000000000e+00,0.000000000000000000e+00,0.000000000000000000e+00,0.000000000000000000e+00,0.000000000000000000e+00,3.238406320879623100e-04,8.157814635275166234e-04,1.293867274031346853e-03,1.720799523807825093e-03,2.045741964039971342e-03,2.211829144579839646e-03,2.169618089001061189e-03,1.893059875199800540e-03,1.393037175824290205e-03,7.234658219105244079e-04,0.000000000000000000e+00,0.000000000000000000e+00,0.000000000000000000e+00,0.000000000000000000e+00,0.000000000000000000e+00,0.000000000000000000e+00,0.000000000000000000e+00,0.000000000000000000e+00,0.000000000000000000e+00,1.963782749199069716e-04,3.560800721683313077e-04,3.346046560440914578e-04,1.616214249474297868e-04,0.000000000000000000e+00,0.000000000000000000e+00,0.000000000000000000e+00,0.000000000000000000e+00,0.000000000000000000e+00,0.000000000000000000e+00,0.000000000000000000e+00,0.000000000000000000e+00,0.000000000000000000e+00,0.000000000000000000e+00,0.000000000000000000e+00,0.000000000000000000e+00,0.000000000000000000e+00,0.000000000000000000e+00,0.000000000000000000e+00,7.412180614482278846e-05,2.463652990824740274e-04,4.284268812975742862e-04,6.196335950927416535e-04,4.268989900572416063e-03,9.119212660792576928e-04,8.259204924463517698e-04,6.946456266735399118e-04,5.511249300635570440e-04,4.332468723524754450e-04,3.734626065394471635e-04,3.897932313377173606e-04,4.810128838681668162e-04,6.276144774386250647e-04,7.983479810127341869e-04,9.603363411218831299e-04,1.089495013621491091e-03,1.177742263775736781e-03,1.234434289728874971e-03,1.281462586576704666e-03,1.343806339438246081e-03,1.439154135320222473e-03,1.570628549060870032e-03,1.725420370882489078e-03,1.879673153859002686e-03,2.007360367991313337e-03,2.089294842690115391e-03,2.118601622302257372e-03,2.100818192157342945e-03,2.049395768848786582e-03,1.979397103891223676e-03,1.902641732666940843e-03,1.826241352614258471e-03,1.754251690359404483e-03,1.690398486106320201e-03,1.639537630736498126e-03,1.606818451499581303e-03,1.595471257568208730e-03,1.605403523422364734e-03,1.634469679304623342e-03,1.682539230568441766e-03,1.756367080956698157e-03,1.872098806195673362e-03,2.052757749224204918e-03,2.320109217097793622e-03,2.682946366697914944e-03,0.000000000000000000e+00,0.000000000000000000e+00,0.000000000000000000e+00,0.000000000000000000e+00,0.000000000000000000e+00,6.431445209404775810e-06,3.418791146547735607e-05,4.341491348663631064e-05,3.496584078160257193e-05,9.890789191703393621e-06,0.000000000000000000e+00,6.162622089978319695e-04,1.290702836954569577e-03,1.793502297135820276e-03,2.149837965713664780e-03,2.399525378370627373e-03,2.578523503557624951e-03,2.706137783365892072e-03,2.781711830231962685e-03,2.790496958385123381e-03,2.714914099720077377e-03,2.545916646089455872e-03,2.289899140977236149e-03,1.969018492131694234e-03,1.615692455264907974e-03,1.264179782816005635e-03,9.427766154938071672e-04,6.691953745104355002e-04,4.498078970831061348e-04,2.816244192505879267e-04,1.550806307472658179e-04,5.610920229177180849e-05,0.000000000000000000e+00,0.000000000000000000e+00,0.000000000000000000e+00,0.000000000000000000e+00,0.000000000000000000e+00,0.000000000000000000e+00,0.000000000000000000e+00,0.000000000000000000e+00,0.000000000000000000e+00,0.000000000000000000e+00,0.000000000000000000e+00,0.000000000000000000e+00,0.000000000000000000e+00,0.000000000000000000e+00,0.000000000000000000e+00,0.000000000000000000e+00,0.000000000000000000e+00,0.000000000000000000e+00,0.000000000000000000e+00,0.000000000000000000e+00,0.000000000000000000e+00,0.000000000000000000e+00,0.000000000000000000e+00,0.000000000000000000e+00,0.000000000000000000e+00,0.000000000000000000e+00,1.405804126167522745e-04,1.014290932233758010e-03,1.556669591842196453e-03,1.678411962956041390e-03,1.361904283565176050e-03,6.630400959253820526e-04,0.000000000000000000e+00,0.000000000000000000e+00,0.000000000000000000e+00,0.000000000000000000e+00,0.000000000000000000e+00,0.000000000000000000e+00,0.000000000000000000e+00,0.000000000000000000e+00,0.000000000000000000e+00,0.000000000000000000e+00,0.000000000000000000e+00,0.000000000000000000e+00,0.000000000000000000e+00,0.000000000000000000e+00,0.000000000000000000e+00,0.000000000000000000e+00,0.000000000000000000e+00,1.029657343554625081e-03,2.162217872847614197e-03,3.146398064242048650e-03,3.931580237842994055e-03,4.484232127747268815e-03,4.790523334273303138e-03,4.855506056328712412e-03,4.699398211144185933e-03,4.352884666434029062e-03,3.853381475224333316e-03
1.054837606105616074e-07,7.292454986401920728e-04,3.852018917009111354e-04,2.233156723629417702e-04,0.000000000000000000e+00,0.000000000000000000e+00,0.000000000000000000e+00,0.000000000000000000e+00,0.000000000000000000e+00,0.000000000000000000e+00,0.000000000000000000e+00,0.000000000000000000e+00,0.000000000000000000e+00,0.000000000000000000e+00,0.000000000000000000e+00,0.000000000000000000e+00,0.000000000000000000e+00,0.000000000000000000e+00,0.000000000000000000e+00,0.000000000000000000e+00,0.000000000000000000e+00,0.000000000000000000e+00,0.000000000000000000e+00,0.000000000000000000e+00,0.000000000000000000e+00,0.000000000000000000e+00,0.000000000000000000e+00,0.000000000000000000e+00,0.000000000000000000e+00,0.000000000000000000e+00,0.000000000000000000e+00,0.000000000000000000e+00,0.000000000000000000e+00,0.000000000000000000e+00,0.000000000000000000e+00,0.000000000000000000e+00,0.000000000000000000e+00,0.000000000000000000e+00,0.000000000000000000e+00,0.000000000000000000e+00,0.000000000000000000e+00,0.000000000000000000e+00,0.000000000000000000e+00,0.000000000000000000e+00,0.000000000000000000e+00,0.000000000000000000e+00,0.000000000000000000e+00,0.000000000000000000e+00,0.000000000000000000e+00,1.437286036500476728e-05,2.321361774047518603e-04,4.967576510174208674e-04,8.029380014092022929e-04,1.132340252273764288e-03,1.455090048416411534e-03,1.734745855948555734e-03,1.934713844139886478e-03,2.023692819162113254e-03,1.978866631066538567e-03,1.787378588887590875e-03,1.447790015777264492e-03,9.728346338194842052e-04,3.929933005339519554e-04,0.000000000000000000e+00,0.000000000000000000e+00,0.000000000000000000e+00,0.000000000000000000e+00,1.234712074411323897e-03,2.538658904982039888e-03,3.691084033981527519e-03,4.619690987595456884e-03,5.277893654883511650e-03,5.646275741549340241e-03,5.729382436149752476e-03,5.549619130062612149e-03,5.140564283529083268e-03,4.684961136418220110e-03,5.779268772063216042e-03,6.749432592043116443e-03,7.477499557644492513e-03,7.838090288149251669e-03,7.722910892094082998e-03,7.066302678622976390e-03,5.864779123075997830e-03,4.185040968756562930e-03,2.158183226858374250e-03,0.000000000000000000e+00,0.000000000000000000e+00,0.000000000000000000e+00,0.000000000000000000e+00,5.063726381300016031e-03,7.595614472445406246e-03,0.000000000000000000e+00,0.000000000000000000e+00,0.000000000000000000e+00,0.000000000000000000e+00,0.000000000000000000e+00,0.000000000000000000e+00,0.000000000000000000e+00,0.000000000000000000e+00,5.548006193668826927e-04,0.000000000000000000e+00,1.693230266069394824e-05,5.572755573968672486e-04,9.926221219057217073e-04,1.283902004402275379e-03,1.391835212919289525e-03,1.291070247652920371e-03,9.830013524714572432e-04,5.027630080925707054e-04,0.000000000000000000e+00,0.000000000000000000e+00,0.000000000000000000e+00,0.000000000000000000e+00,0.000000000000000000e+00,0.000000000000000000e+00,0.000000000000000000e+00,0.000000000000000000e+00,0.000000000000000000e+00,0.000000000000000000e+00,0.000000000000000000e+00,1.025282950521617714e-04,6.286454131346464434e-04,1.210207618416252271e-03,1.835408141436078088e-03,0.000000000000000000e+00,0.000000000000000000e+00,0.000000000000000000e+00,0.000000000000000000e+00,0.000000000000000000e+00,0.000000000000000000e+00,0.000000000000000000e+00,0.000000000000000000e+00,0.000000000000000000e+00,0.000000000000000000e+00,0.000000000000000000e+00,0.000000000000000000e+00,0.000000000000000000e+00,0.000000000000000000e+00,0.000000000000000000e+00,0.000000000000000000e+00,0.000000000000000000e+00,0.000000000000000000e+00,0.000000000000000000e+00,0.000000000000000000e+00,0.000000000000000000e+00,0.000000000000000000e+00,0.000000000000000000e+00,0.000000000000000000e+00,0.000000000000000000e+00,0.000000000000000000e+00,0.000000000000000000e+00,0.000000000000000000e+00,0.000000000000000000e+00,0.000000000000000000e+00,1.014607012437785446e-03,3.883725478434259422e-03,1.638493672719432224e-03,1.649138279164861880e-03,1.654676486339913977e-03,1.654420485759106529e-03,1.647967604685798794e-03,1.635211899234206758e-03,1.616343195661632632e-03,1.591833747105099971e-03,1.562411355694915023e-03,1.529023067743006314e-03,1.492785912711093715e-03,1.454933876042151849e-03,1.416756042267624215e-03,1.379535310822703822e-03,1.344485596808152458e-03,1.312693573523075795e-03,1.285063611955045365e-03,1.262274989051500934e-03,1.244745284377736646e-03,1.232607605960369919e-03,1.225699942361347392e-03,1.223566538070759106e-03,1.225473905638591607e-03,1.230434529815788549e-03,1.237246136309944023e-03,1.244536845587210358e-03,1.250816360352633013e-03,1.254532558806728797e-03,1.254130152529268731e-03,1.248107293223081702e-03,1.235071070544971035e-03,1.213786955335778052e-03,1.183219870033163030e-03,1.142570026680422282e-03,1.091299352491160177e-03,1.029144207463346698e-03,9.561246699704020009e-04,8.725398328115242536e-04,7.789586282226128788e-04,6.761983920261738180e-04,5.653014352495129048e-04,4.475076105670616820e-04,3.242189085016574540e-04,1.969681861765447232e-04,6.738176996289274405e-05,0.000000000000000000e+00,0.000000000000000000e+00,0.000000000000000000e+00,0.000000000000000000e+00,0.000000000000000000e+00,0.000000000000000000e+00,0.000000000000000000e+00,0.000000000000000000e+00,0.000000000000000000e+00,0.000000000000000000e+00,0.000000000000000000e+00,0.000000000000000000e+00,0.000000000000000000e+00,0.000000000000000000e+00,0.000000000000000000e+00,0.000000000000000000e+00,0.000000000000000000e+00,0.000000000000000000e+00,0.000000000000000000e+00,0.000000000000000000e+00,2.297469191220969460e-04,6.872602184557736289e-04,1.117095110353204896e-03,1.500566069696519875e-03,1.819720606639874550e-03,2.059345861734731067e-03,2.208905936951924623e-03,0.000000000000000000e+00,0.000000000000000000e+00,0.000000000000000000e+00,0.000000000000000000e+00,0.000000000000000000e+00,0.000000000000000000e+00,0.000000000000000000e+00,0.000000000000000000e+00,0.000000000000000000e+00,0.000000000000000000e+00,1.264103662309377517e-04,7.269948907805675936e-04,1.245620800907810358e-03,1.645849351016592105e-03,1.906820375913066560e-03,2.023256182840549311e-03,2.001808798095408223e-03,1.856513569653557788e-03,1.605469901793241203e-03,1.268932465240502983e-03,8.673817300251638772e-04,4.180516171673312508e-04,0.000000000000000000e+00,0.000000000000000000e+00,0.000000000000000000e+00,0.000000000000000000e+00,0.000000000000000000e+00,0.000000000000000000e+00,0.000000000000000000e+00,0.000000000000000000e+00,0.000000000000000000e+00,0.000000000000000000e+00,0.000000000000000000e+00,0.000000000000000000e+00,0.000000000000000000e+00,0.000000000000000000e+00,0.000000000000000000e+00,0.000000000000000000e+00,0.000000000000000000e+00,7.844116271965797175e-07,8.161543113794320374e-04,1.452651021484019974e-03,1.904330283798097954e-03,2.187878348098970527e-03,2.338496056231541362e-03,2.402733606272765710e-03,2.428674651774358467e-03,2.426676660024604856e-03,0.000000000000000000e+00,0.000000000000000000e+00,1.066328095584418134e-04,2.647827093559711252e-04,4.276682937510953601e-04,5.924576194477797556e-04,7.562563479439201675e-04,9.161724124980044322e-04,0.000000000000000000e+00,0.000000000000000000e+00,0.000000000000000000e+00,0.000000000000000000e+00,0.000000000000000000e+00,5.480384685274831275e-04,1.435125121119389460e-03,2.349313732604602859e-03,3.246695011030416994e-03,4.085341898491583364e-03,4.823035798388876534e-03,5.413424282861850276e-03,5.804309530204903970e-03,5.941327475861553874e-03,5.777919614799832855e-03,5.289182910182433674e-03,4.484550167518371044e-03,3.413796086472270074e-03,2.163012513152575301e-03,8.411299340070257230e-04,0.000000000000000000e+00,0.000000000000000000e+00,1.406528568464747919e-03,3.151646269246421734e-03,9.930328073710814780e-04,1.972106660169754312e-03,3.102105437892696896e-03,3.978538664476784573e-03,4.870530979902224986e-03,5.647906017596873024e-03,0.000000000000000000e+00,0.000000000000000000e+00,0.000000000000000000e+00,0.000000000000000000e+00,0.000000000000000000e+00,0.000000000000000000e+00,0.000000000000000000e+00,0.000000000000000000e+00,0.000000000000000000e+00,0.000000000000000000e+00,0.000000000000000000e+00,4.485459616883034093e-05,6.062190861676998921e-04,1.203657338496867592e-03,1.855118073042441021e-03,0.000000000000000000e+00,0.000000000000000000e+00,0.000000000000000000e+00,0.000000000000000000e+00,0.000000000000000000e+00,0.000000000000000000e+00,0.000000000000000000e+00,0.000000000000000000e+00,0.000000000000000000e+00,0.000000000000000000e+00,3.796605152762423359e-04,1.059541207969791343e-03,1.728980531696498214e-03,0.000000000000000000e+00,0.000000000000000000e+00,0.000000000000000000e+00,0.000000000000000000e+00,0.000000000000000000e+00,0.000000000000000000e+00,0.000000000000000000e+00,0.000000000000000000e+00,0.000000000000000000e+00,0.000000000000000000e+00,0.000000000000000000e+00,0.000000000000000000e+00,0.000000000000000000e+00,0.000000000000000000e+00,0.000000000000000000e+00,0.000000000000000000e+00,0.000000000000000000e+00,0.000000000000000000e+00,0.000000000000000000e+00,0.000000000000000000e+00,0.000000000000000000e+00,0.000000000000000000e+00,0.000000000000000000e+00,0.000000000000000000e+00,0.000000000000000000e+00,0.000000000000000000e+00,0.000000000000000000e+00,0.000000000000000000e+00,0.000000000000000000e+00,0.000000000000000000e+00,1.175172500095677831e-04,2.358569914927045072e-04,2.840071145281244719e-04,2.406039931503230894e-04,9.985120754109172404e-05,0.000000000000000000e+00,0.000000000000000000e+00,0.000000000000000000e+00,0.000000000000000000e+00,0.000000000000000000e+00,0.000000000000000000e+00,0.000000000000000000e+00,0.000000000000000000e+00,2.582173096355294334e-05,6.309052247401195990e-04,1.015321651261809040e-03,1.185114751988022765e-03,1.185144243414533709e-03,1.077215087125972526e-03,9.146846305186656255e-04,7.232535866832398401e-04,4.944763145101717990e-04,1.930116963079091578e-04,9.107988486718621591e-04,1.718446247052947537e-03,2.478390906986512824e-03,0.000000000000000000e+00
8.622959567618256218e-08,1.858472295452853924e-04,3.633951823409647822e-04,5.303012730675364141e-04,1.211537153925027182e-03,1.037516483754779336e-03,0.000000000000000000e+00,0.000000000000000000e+00,0.000000000000000000e+00,0.000000000000000000e+00,0.000000000000000000e+00,0.000000000000000000e+00,0.000000000000000000e+00,0.000000000000000000e+00,0.000000000000000000e+00,0.000000000000000000e+00,0.000000000000000000e+00,0.000000000000000000e+00,0.000000000000000000e+00,0.000000000000000000e+00,0.000000000000000000e+00,0.000000000000000000e+00,0.000000000000000000e+00,0.000000000000000000e+00,0.000000000000000000e+00,9.789126309218246810e-05,2.763566892771053443e-04,4.595874664434028531e-04,6.463697538838351778e-04,8.354062654837968562e-04,1.025299967423147583e-03,1.214541515730465249e-03,1.401504353074786453e-03,5.557202572581268658e-03,1.951292777607831186e-04,1.224904228956096995e-04,1.571520076943184920e-04,2.818450533994430393e-04,4.579775606914942470e-04,6.344555688230670140e-04,7.606353266184688816e-04,7.999501946675811100e-04,7.404557872722161661e-04,5.993712743816035022e-04,4.203915217704599482e-04,2.645021926735622274e-04,1.967075224546160407e-04,2.719192628878057318e-04,5.231813853960403347e-04,9.544776924762254661e-04,1.539146729305241983e-03,0.000000000000000000e+00,0.000000000000000000e+00,0.000000000000000000e+00,0.000000000000000000e+00,0.000000000000000000e+00,0.000000000000000000e+00,0.000000000000000000e+00,0.000000000000000000e+00,4.580165897381403210e-04,1.027128006148683975e-03,1.590058050062522583e-03,0.000000000000000000e+00,0.000000000000000000e+00,0.000000000000000000e+00,0.000000000000000000e+00,0.000000000000000000e+00,0.000000000000000000e+00,0.000000000000000000e+00,0.000000000000000000e+00,0.000000000000000000e+00,0.000000000000000000e+00,0.000000000000000000e+00,2.031521845897865804e-04,4.466537551937324537e-04,6.295582641551161892e-04,7.561387025056823729e-04,8.353989493893914297e-04,8.815280249656230142e-04,9.137391006405547016e-04,9.549569364486175122e-04,1.029335674100512535e-03,1.159029692639854982e-03,1.360800083518929953e-03,1.642928901229032037e-03,4.000696961766064125e-03,0.000000000000000000e+00,0.000000000000000000e+00,0.000000000000000000e+00,0.000000000000000000e+00,0.000000000000000000e+00,0.000000000000000000e+00,0.000000000000000000e+00,0.000000000000000000e+00,0.000000000000000000e+00,0.000000000000000000e+00,0.000000000000000000e+00,0.000000000000000000e+00,5.539445515333746425e-04,1.196531364172684006e-03,1.641298538767242644e-03,1.886392163960013075e-03,1.963312890070162582e-03,1.927095740896939916e-03,1.842649662333946609e-03,1.946979654892553322e-03,1.877366454435910230e-03,0.000000000000000000e+00,0.000000000000000000e+00,0.000000000000000000e+00,0.000000000000000000e+00,0.000000000000000000e+00,0.000000000000000000e+00,0.000000000000000000e+00,0.000000000000000000e+00,0.000000000000000000e+00,0.000000000000000000e+00,9.319112123493315889e-04,1.850720049663576779e-03,2.581811316901141008e-03,3.069112595233313302e-03,3.283292847214366525e-03,3.211245955815792124e-03,2.849718631020923664e-03,2.207195024979384350e-03,1.312804504890942303e-03,2.264001174943943958e-04,0.000000000000000000e+00,0.000000000000000000e+00,0.000000000000000000e+00,0.000000000000000000e+00,0.000000000000000000e+00,0.000000000000000000e+00,0.000000000000000000e+00,0.000000000000000000e+00,0.000000000000000000e+00,0.000000000000000000e+00,0.000000000000000000e+00,0.000000000000000000e+00,0.000000000000000000e+00,0.000000000000000000e+00,0.000000000000000000e+00,3.764071289362722929e-04,9.268383410765586305e-04,1.407210274897158090e-03,1.760543596171611040e-03,1.933436909508872478e-03,1.885578704750871326e-03,1.598200451383079927e-03,1.080775417125460006e-03,3.744124291301080955e-04,5.303599125582693564e-05,1.449860757423991663e-04,3.278698059142564464e-04,5.914851568263057319e-04,9.105187807353625623e-04,1.254015600505517091e-03,1.594521236558640084e-03,1.913582962922135734e-03,2.202125238085367916e-03,2.456632690155096093e-03,2.674050323548437472e-03,2.848961251634892292e-03,1.128153178076480440e-03,4.102114071690479420e-04,0.000000000000000000e+00,0.000000000000000000e+00,0.000000000000000000e+00,0.000000000000000000e+00,0.000000000000000000e+00,0.000000000000000000e+00,0.000000000000000000e+00,0.000000000000000000e+00,0.000000000000000000e+00,0.000000000000000000e+00,0.000000000000000000e+00,4.327609962927578442e-04,1.096920754886240683e-03,1.692283446510049142e-03,2.220810259388571965e-03,2.701389512833240504e-03,3.155718907019293504e-03,1.791331043228822605e-03,1.829301160340563717e-03,1.878164397540508634e-03,1.937312047417160971e-03,2.005842513629426185e-03,2.082585965643570392e-03,2.166138240801015157e-03,2.254902010950553433e-03,2.347132308905504946e-03,2.440985481189815540e-03,2.534570792930696675e-03,2.625998322557382761e-03,6.292051517890182889e-03,0.000000000000000000e+00,0.000000000000000000e+00,0.000000000000000000e+00,0.000000000000000000e+00,0.000000000000000000e+00,0.000000000000000000e+00,0.000000000000000000e+00,0.000000000000000000e+00,0.000000000000000000e+00,0.000000000000000000e+00,0.000000000000000000e+00,0.000000000000000000e+00,0.000000000000000000e+00,3.385723124378248899e-04,1.446162254053117704e-03,2.513818610651431459e-03,3.442290441942083817e-03,4.159374834784643725e-03,4.633365027356800385e-03,4.874683367501073290e-03,4.926724155789667138e-03,4.849979688612956509e-03,4.704850433937400773e-03,4.538029923658073485e-03,4.375503387346959400e-03,4.222733136938703648e-03,4.070381509334965349e-03,3.902594638881682482e-03,3.704791720169415235e-03,3.468844959324635362e-03,3.194912808699675207e-03,2.890349409910866058e-03,2.566683980955742576e-03,2.235804096559800176e-03,1.906479991576465888e-03,1.582470653353988850e-03,1.263375912521322786e-03,9.487804421771837363e-04,6.448443549779306165e-04,3.707971424306239568e-04,1.616920104905204358e-04,6.426037483672244999e-05,1.250305514151738712e-04,3.733734332287312954e-04,8.052260126247778827e-04,1.374299017918591357e-03,1.995647192755456694e-03,2.562079667461559206e-03,2.968720265956003527e-03,3.137497756007302709e-03,3.033147532316836370e-03,2.665713967990922337e-03,2.080042000579584820e-03,1.337873096411906510e-03,5.005692169408108806e-04,0.000000000000000000e+00,0.000000000000000000e+00,0.000000000000000000e+00,0.000000000000000000e+00,0.000000000000000000e+00,0.000000000000000000e+00,0.000000000000000000e+00,0.000000000000000000e+00,1.054346245443149669e-04,1.510878773833986910e-03,2.972905399730117141e-03,4.362590666014050725e-03,5.552952582504048357e-03,6.434632904688586223e-03,6.929638618765191979e-03,7.001129229102548597e-03,6.657417594736504511e-03,5.948980177650941246e-03,4.958570445018142814e-03,3.786455445417075821e-03,2.534582407800968409e-03,1.294045401057757495e-03,1.388738435041072974e-04,5.162570259722001941e-04,1.261528705411113678e-03,1.992504178918438635e-03,2.602561993001643783e-03,2.997688121505692749e-03,3.113618353609127511e-03,2.925809209264009902e-03,2.450556729931793829e-03,1.737874494034626939e-03,8.585648866998670968e-04,0.000000000000000000e+00,0.000000000000000000e+00,0.000000000000000000e+00,0.000000000000000000e+00,0.000000000000000000e+00,0.000000000000000000e+00,0.000000000000000000e+00,0.000000000000000000e+00,0.000000000000000000e+00,0.000000000000000000e+00,0.000000000000000000e+00,0.000000000000000000e+00,2.061992893181871468e-05,2.864300225381688752e-04,4.517037289022269014e-04,5.029097791448890751e-04,4.353968942319625160e-04,2.603657529507431281e-04,1.098699872783973930e-05,0.000000000000000000e+00,3.963635582421860381e-04,1.252870441433080739e-03,2.112983460104766922e-03,2.965478895735893568e-03,3.768021191260993025e-03,4.453117793368654986e-03,4.943684990588129158e-03,5.173642036896722654e-03,5.107249933013605948e-03,4.751070175438352680e-03,4.154567060349933887e-03,3.398901244833361663e-03,2.577223356365575951e-03,1.772388144649170855e-03,1.038611323611611298e-03,3.921197482728438783e-04,0.000000000000000000e+00,0.000000000000000000e+00,0.000000000000000000e+00,0.000000000000000000e+00,0.000000000000000000e+00,7.798654305718931369e-05,1.474219160308963832e-04,6.839575954048427093e-05,0.000000000000000000e+00,0.000000000000000000e+00,0.000000000000000000e+00,0.000000000000000000e+00,0.000000000000000000e+00,0.000000000000000000e+00,0.000000000000000000e+00,0.000000000000000000e+00,0.000000000000000000e+00,0.000000000000000000e+00,3.623465885080935384e-03,6.485778709065424200e-04,0.000000000000000000e+00,0.000000000000000000e+00,0.000000000000000000e+00,0.000000000000000000e+00,0.000000000000000000e+00,0.000000000000000000e+00,0.000000000000000000e+00,0.000000000000000000e+00,0.000000000000000000e+00,0.000000000000000000e+00,0.000000000000000000e+00,0.000000000000000000e+00,0.000000000000000000e+00,0.000000000000000000e+00,0.000000000000000000e+00,0.000000000000000000e+00,0.000000000000000000e+00,0.000000000000000000e+00,0.000000000000000000e+00,0.000000000000000000e+00,0.000000000000000000e+00,0.000000000000000000e+00,0.000000000000000000e+00,0.000000000000000000e+00,0.000000000000000000e+00,0.000000000000000000e+00,5.613688685721530264e-05,4.661766128646503086e-04,8.859030796426831328e-04,1.279099076702610530e-03,1.599814290284567401e-03,1.802720568887951347e-03,1.854518825546025516e-03,1.742787775301265227e-03,1.479702588215111008e-03,1.099804348778796008e-03,6.527193750745706414e-04,1.929153846920204994e-04,0.000000000000000000e+00,0.000000000000000000e+00,0.000000000000000000e+00,0.000000000000000000e+00,0.000000000000000000e+00,0.000000000000000000e+00,0.000000000000000000e+00,0.000000000000000000e+00,0.000000000000000000e+00,0.000000000000000000e+00,0.000000000000000000e+00,0.000000000000000000e+00,0.000000000000000000e+00,0.000000000000000000e+00,0.000000000000000000e+00,0.000000000000000000e+00,0.000000000000000000e+00,0.000000000000000000e+00,0.000000000000000000e+00,0.000000000000000000e+00,0.000000000000000000e+00,0.000000000000000000e+00,0.000000000000000000e+00
3.615468666512650167e-07,0.000000000000000000e+00,0.000000000000000000e+00,0.000000000000000000e+00,0.000000000000000000e+00,1.625023952780621235e-04,5.641395821967768592e-04,9.434883585352898125e-04,1.221244664199929233e-03,1.336257454932389920e-03,1.253993754076720025e-03,9.691690041041110164e-04,5.032574300881464220e-04,0.000000000000000000e+00,0.000000000000000000e+00,0.000000000000000000e+00,0.000000000000000000e+00,0.000000000000000000e+00,0.000000000000000000e+00,0.000000000000000000e+00,0.000000000000000000e+00,0.000000000000000000e+00,0.000000000000000000e+00,0.000000000000000000e+00,0.000000000000000000e+00,8.373769412916738110e-05,1.544480178538500809e-03,3.015830875583111383e-03,4.534388294477084518e-03,5.016663524377682967e-03,0.000000000000000000e+00,0.000000000000000000e+00,0.000000000000000000e+00,0.000000000000000000e+00,0.000000000000000000e+00,0.000000000000000000e+00,0.000000000000000000e+00,0.000000000000000000e+00,0.000000000000000000e+00,0.000000000000000000e+00,0.000000000000000000e+00,0.000000000000000000e+00,0.000000000000000000e+00,0.000000000000000000e+00,0.000000000000000000e+00,0.000000000000000000e+00,0.000000000000000000e+00,0.000000000000000000e+00,0.000000000000000000e+00,0.000000000000000000e+00,0.000000000000000000e+00,0.000000000000000000e+00,0.000000000000000000e+00,8.796627057098509303e-04,1.749892650446046487e-03,2.559117222174442114e-03,3.296591669680994877e-03,3.974195132523607350e-03,4.617472128700534674e-03,5.249774799828995156e-03,5.876804356222943733e-03,6.479379138063515869e-03,7.018678720670462091e-03,7.452182136828233543e-03,7.753082198892830706e-03,7.923889816153007956e-03,7.997374095058946628e-03,8.023695425436455989e-03,8.048937595496016145e-03,8.094256419200501762e-03,8.144935080299044172e-03,8.154803824338115528e-03,8.065460614576013335e-03,7.833786327296471744e-03,0.000000000000000000e+00,0.000000000000000000e+00,0.000000000000000000e+00,0.000000000000000000e+00,0.000000000000000000e+00,0.000000000000000000e+00,0.000000000000000000e+00,0.000000000000000000e+00,0.000000000000000000e+00,0.000000000000000000e+00,0.000000000000000000e+00,0.000000000000000000e+00,0.000000000000000000e+00,0.000000000000000000e+00,2.307286373706218612e-04,6.303200953604137617e-04,9.947938097073060881e-04,1.248358457369604189e-03,1.330123709459007496e-03,1.208665491561457597e-03,8.918617774615355577e-04,4.289514044352528725e-04,0.000000000000000000e+00,0.000000000000000000e+00,0.000000000000000000e+00,0.000000000000000000e+00,0.000000000000000000e+00,1.684040017735692022e-04,8.840433918525934971e-04,1.729689312415384544e-03,0.000000000000000000e+00,0.000000000000000000e+00,0.000000000000000000e+00,0.000000000000000000e+00,0.000000000000000000e+00,0.000000000000000000e+00,0.000000000000000000e+00,0.000000000000000000e+00,0.000000000000000000e+00,0.000000000000000000e+00,0.000000000000000000e+00,0.000000000000000000e+00,0.000000000000000000e+00,0.000000000000000000e+00,0.000000000000000000e+00,0.000000000000000000e+00,1.704234702743752188e-04,8.683798013447849773e-04,1.196021256335199831e-03,1.093899914745596934e-03,1.823257465939835491e-04,1.577597275455569676e-04,2.255077024146227578e-04,6.978066496874928571e-04,1.272359727122402469e-03,1.827086265573975039e-03,2.297486905941374929e-03,2.635393460908715905e-03,2.808064835116743426e-03,2.794673010253331726e-03,2.583616634678171081e-03,2.173031259621550134e-03,1.574535060979191051e-03,1.060313360471389077e-03,1.144750877282844394e-03,1.227454743238879731e-03,1.307022701051642217e-03,1.381933020084003374e-03,1.450584714163731829e-03,1.511338258322176024e-03,1.562559013071992313e-03,1.602660064828782208e-03,1.630147927673141839e-03,1.643660034496233907e-03,1.642005433693749733e-03,1.624200105190304940e-03,1.589494740698944994e-03,1.537403001008751146e-03,1.467717539034237711e-03,1.380526212855227343e-03,1.276216710628951239e-03,1.155480205974583922e-03,1.019301852898679217e-03,8.689519625636580886e-04,7.059670929949162909e-04,5.321266875431625472e-04,3.494247252820458275e-04,1.600377440026823513e-04,2.614056563101154482e-04,7.145064324173808798e-05,0.000000000000000000e+00,0.000000000000000000e+00,0.000000000000000000e+00,0.000000000000000000e+00,0.000000000000000000e+00,0.000000000000000000e+00,0.000000000000000000e+00,0.000000000000000000e+00,0.000000000000000000e+00,0.000000000000000000e+00,0.000000000000000000e+00,0.000000000000000000e+00,0.000000000000000000e+00,0.000000000000000000e+00,0.000000000000000000e+00,0.000000000000000000e+00,0.000000000000000000e+00,2.697340307221515374e-04,6.676089217609883740e-04,9.565765997045608563e-04,1.151845300758420421e-03,1.276677525490879043e-03,1.356319098445419929e-03,1.412641015289924128e-03,1.460180477998986905e-03,1.503351710382527101e-03,1.534507950012912580e-03,1.533167382611649171e-03,1.467471810023649424e-03,1.299007610606542568e-03,9.912210436898200201e-04,5.200878386773939406e-04,0.000000000000000000e+00,0.000000000000000000e+00,0.000000000000000000e+00,0.000000000000000000e+00,0.000000000000000000e+00,0.000000000000000000e+00,0.000000000000000000e+00,0.000000000000000000e+00,0.000000000000000000e+00,0.000000000000000000e+00,0.000000000000000000e+00,0.000000000000000000e+00,0.000000000000000000e+00,0.000000000000000000e+00,0.000000000000000000e+00,0.000000000000000000e+00,0.000000000000000000e+00,0.000000000000000000e+00,0.000000000000000000e+00,0.000000000000000000e+00,0.000000000000000000e+00,9.826951656657428522e-04,2.117222604943226789e-03,3.040675011992733257e-03,3.651472125571723383e-03,3.903368838584501694e-03,3.814842169660514083e-03,3.463185444828697449e-03,2.963966617236240587e-03,2.441610648315262894e-03,2.000082919476693383e-03,1.702243089071947720e-03,1.562546891891554912e-03,1.552416779131107543e-03,1.613523069561116369e-03,1.673168510899851989e-03,1.657857857695649306e-03,1.504143314476944372e-03,1.167814110150767722e-03,6.323647060927176664e-04,0.000000000000000000e+00,0.000000000000000000e+00,0.000000000000000000e+00,0.000000000000000000e+00,5.524009190383135336e-04,1.273602922591993451e-03,1.677946449003461186e-03,1.750843336671969140e-03,1.522228666511851606e-03,1.055172217477743550e-03,4.316990576125686479e-04,0.000000000000000000e+00,2.017983284692594092e-04,6.359973871423062934e-04,8.053115058710945406e-04,6.932621454827084988e-04,3.286933800466750846e-04,4.363862536336656980e-04,5.396367960323405436e-04,6.378694640611224298e-04,7.304884544286678215e-04,8.168948587484298716e-04,8.965019267394298396e-04,9.687474681362869509e-04,1.033106351403508287e-03,1.089096619329434209e-03,1.136286708818492206e-03,1.174295831840611697e-03,1.202796507291000990e-03,1.221510436417299087e-03,1.230207281477044452e-03,1.228700431744915098e-03,1.216843542566594088e-03,1.662929378604994634e-03,2.733075468671374020e-03,3.601805256538424642e-03,4.195877249613905700e-03,4.467006319195397472e-03,4.398955081397991178e-03,4.011100042428321355e-03,3.358027970934041474e-03,2.524832516170377999e-03,1.618032015460310483e-03,7.525776712385060093e-04,2.731751248059206567e-04,1.357281213935284205e-04,0.000000000000000000e+00,1.477487743134498204e-04,6.131022801508115381e-04,1.030286136209293676e-03,1.291505169265160565e-03,1.331864020447788522e-03,1.692706923029438240e-03,1.953334263262495284e-03,2.052989625310711053e-03,2.003685287567578965e-03,1.833149261589662755e-03,1.577057652438877211e-03,1.274485740045268453e-03,9.655536280191836032e-04,6.886511724254159358e-04,4.753649819048259861e-04,3.436328728577203121e-04,2.919207464086899387e-04,2.978220786861964431e-04,3.228603418843001218e-04,3.224670347070531505e-04,2.577146329951859232e-04,1.046962988091001457e-04,0.000000000000000000e+00,0.000000000000000000e+00,0.000000000000000000e+00,0.000000000000000000e+00,0.000000000000000000e+00,0.000000000000000000e+00,2.321694172917454675e-03,0.000000000000000000e+00,0.000000000000000000e+00,0.000000000000000000e+00,0.000000000000000000e+00,0.000000000000000000e+00,0.000000000000000000e+00,0.000000000000000000e+00,0.000000000000000000e+00,0.000000000000000000e+00,0.000000000000000000e+00,0.000000000000000000e+00,0.000000000000000000e+00,4.732006514507339700e-04,5.817388102150089545e-04,0.000000000000000000e+00,0.000000000000000000e+00,0.000000000000000000e+00,5.925618596516004272e-05,0.000000000000000000e+00,0.000000000000000000e+00,0.000000000000000000e+00,0.000000000000000000e+00,0.000000000000000000e+00,0.000000000000000000e+00,0.000000000000000000e+00,2.452783410891753828e-03,0.000000000000000000e+00,0.000000000000000000e+00,3.853521614985531193e-03,1.828665644524535673e-03,0.000000000000000000e+00,0.000000000000000000e+00,0.000000000000000000e+00,0.000000000000000000e+00,0.000000000000000000e+00,4.142296114174582287e-03,0.000000000000000000e+00,0.000000000000000000e+00,0.000000000000000000e+00,0.000000000000000000e+00,1.683190278155528982e-03,5.280166070397709563e-04,6.383016256863987149e-04,4.694490128665184899e-04,9.051506969210975923e-05,0.000000000000000000e+00,0.000000000000000000e+00,0.000000000000000000e+00,0.000000000000000000e+00,0.000000000000000000e+00,0.000000000000000000e+00,0.000000000000000000e+00,0.000000000000000000e+00,0.000000000000000000e+00,0.000000000000000000e+00,0.000000000000000000e+00,0.000000000000000000e+00,0.000000000000000000e+00,0.000000000000000000e+00,0.000000000000000000e+00,0.000000000000000000e+00,0.000000000000000000e+00,0.000000000000000000e+00,0.000000000000000000e+00,0.000000000000000000e+00,0.000000000000000000e+00,0.000000000000000000e+00,0.000000000000000000e+00,0.000000000000000000e+00,0.000000000000000000e+00,0.000000000000000000e+00,8.483332553628999446e-06,0.000000000000000000e+00,2.231077799551206748e-04,4.132299615218017782e-04,6.978740314723320308e-04,8.076628471992602963e-04,0.000000000000000000e+00,2.773083844870322546e-03,0.000000000000000000e+00,4.704493017274553662e-04,1.053430188937068412e-03,1.548403626442425773e-03,1.303494889519008675e-03,1.210951912114314024e-03,8.523770664656577130e-04,2.698274102419550885e-04,0.000000000000000000e+00
0.000000000000000000e+00,3.460526898309327731e-05,1.008154644926234715e-04,1.750119990211426485e-04,2.445795888243583352e-04,3.110215362714850934e-04,3.878665064653633574e-04,4.956301480924275860e-04,6.566570570178895941e-04,8.914343972903608507e-04,3.581970432819243846e-03,0.000000000000000000e+00,0.000000000000000000e+00,0.000000000000000000e+00,0.000000000000000000e+00,0.000000000000000000e+00,0.000000000000000000e+00,0.000000000000000000e+00,0.000000000000000000e+00,3.285078815419942050e-04,1.078320177628528222e-03,1.565504521460018075e-03,1.727703598837476272e-03,1.537469276451994401e-03,1.007025499971965889e-03,1.889612847232584477e-04,0.000000000000000000e+00,0.000000000000000000e+00,0.000000000000000000e+00,0.000000000000000000e+00,0.000000000000000000e+00,0.000000000000000000e+00,0.000000000000000000e+00,0.000000000000000000e+00,1.287946292929951283e-04,3.514385636561940173e-04,5.712543923544208604e-04,3.588332996959568352e-03,2.501595191442732014e-03,0.000000000000000000e+00,0.000000000000000000e+00,0.000000000000000000e+00,0.000000000000000000e+00,0.000000000000000000e+00,0.000000000000000000e+00,0.000000000000000000e+00,0.000000000000000000e+00,0.000000000000000000e+00,0.000000000000000000e+00,0.000000000000000000e+00,0.000000000000000000e+00,0.000000000000000000e+00,0.000000000000000000e+00,0.000000000000000000e+00,0.000000000000000000e+00,0.000000000000000000e+00,0.000000000000000000e+00,0.000000000000000000e+00,2.326005528177198126e-04,1.094810099616977958e-03,1.883831876724031138e-03,2.521696290412778815e-03,2.951645766236236056e-03,3.149370581240607588e-03,3.126902207502751073e-03,2.927748987204380291e-03,2.614778057784514047e-03,2.254672255335574832e-03,1.903427080521705259e-03,1.596297315620209215e-03,1.343621453039774019e-03,1.132227447467441328e-03,9.312733440303800703e-04,7.012389061008189118e-04,4.047958444030525828e-04,1.793198454337766314e-05,1.385992403168923818e-04,5.447499880075500935e-04,8.052490014018352056e-04,9.194395530307567996e-04,8.862034484854786932e-04,7.046396538028634792e-04,3.798361571878899152e-04,0.000000000000000000e+00,0.000000000000000000e+00,0.000000000000000000e+00,0.000000000000000000e+00,0.000000000000000000e+00,0.000000000000000000e+00,0.000000000000000000e+00,0.000000000000000000e+00,4.667120580554170409e-05,2.580725039529379520e-04,4.757817534337485405e-04,6.991249728986103848e-04,9.271892789841323750e-04,1.158819811508792841e-03,1.392625590909050189e-03,1.679671705836603560e-03,2.566164573237754258e-03,3.235955509536916127e-03,3.640161850412207498e-03,3.762153231250864663e-03,3.617603595641269432e-03,3.250322454755343992e-03,0.000000000000000000e+00,0.000000000000000000e+00,0.000000000000000000e+00,0.000000000000000000e+00,0.000000000000000000e+00,2.587719524576881177e-05,4.096383268421094044e-04,7.283464054733261887e-04,9.257899106092575903e-04,9.851358264155937738e-04,9.317031041257023980e-04,8.251749685624488019e-04,7.433908936342372700e-04,7.620519698624683572e-04,9.354719648825734731e-04,1.282907947100299243e-03,1.783485920527849711e-03,2.380682520856690527e-03,4.710131994856133560e-04,1.361777531120110074e-04,0.000000000000000000e+00,0.000000000000000000e+00,0.000000000000000000e+00,2.270111670179038191e-04,5.856054914546506311e-04,9.999216504578650570e-04,1.396473789032365341e-03,1.691859487605425205e-03,0.000000000000000000e+00,0.000000000000000000e+00,0.000000000000000000e+00,0.000000000000000000e+00,0.000000000000000000e+00,6.339820188566740915e-04,1.182464186941649918e-03,1.476682273959784106e-03,1.446544348908434825e-03,1.079898808335275594e-03,4.217912017504953526e-04,7.121491481455596503e-04,1.275198565497902801e-03,1.916709024712373805e-03,2.545835421889449789e-03,3.065711328530696615e-03,3.392229996991932665e-03,3.466781641843481084e-03,3.261123467776840586e-03,2.775716544311982760e-03,2.034601976896903679e-03,1.079688664521649384e-03,0.000000000000000000e+00,0.000000000000000000e+00,0.000000000000000000e+00,0.000000000000000000e+00,0.000000000000000000e+00,0.000000000000000000e+00,0.000000000000000000e+00,0.000000000000000000e+00,0.000000000000000000e+00,8.379220598297263019e-04,1.829903367666570494e-03,2.686805513063518763e-03,3.302885523269478291e-03,3.599042247174029287e-03,3.536732742335580056e-03,3.124220612451908668e-03,2.413393804282113787e-03,1.487855568429904008e-03,4.456178908422996532e-04,5.718867715615068162e-04,5.964608198387325380e-04,3.802442052228905073e-04,0.000000000000000000e+00,0.000000000000000000e+00,0.000000000000000000e+00,0.000000000000000000e+00,0.000000000000000000e+00,0.000000000000000000e+00,0.000000000000000000e+00,0.000000000000000000e+00,0.000000000000000000e+00,0.000000000000000000e+00,0.000000000000000000e+00,0.000000000000000000e+00,0.000000000000000000e+00,0.000000000000000000e+00,0.000000000000000000e+00,0.000000000000000000e+00,0.000000000000000000e+00,0.000000000000000000e+00,0.000000000000000000e+00,0.000000000000000000e+00,0.000000000000000000e+00,0.000000000000000000e+00,0.000000000000000000e+00,0.000000000000000000e+00,0.000000000000000000e+00,0.000000000000000000e+00,0.000000000000000000e+00,0.000000000000000000e+00,0.000000000000000000e+00,0.000000000000000000e+00,0.000000000000000000e+00,0.000000000000000000e+00,0.000000000000000000e+00,0.000000000000000000e+00,0.000000000000000000e+00,0.000000000000000000e+00,1.367580554759433888e-03,2.655726205252642753e-03,3.738096973471011046e-03,4.514806798132205840e-03,4.907945273640029402e-03,4.867961445753145842e-03,4.379829786673580458e-03,3.468897856654675881e-03,2.204276087428142655e-03,6.964263477325047811e-04,0.000000000000000000e+00,0.000000000000000000e+00,0.000000000000000000e+00,0.000000000000000000e+00,0.000000000000000000e+00,0.000000000000000000e+00,0.000000000000000000e+00,0.000000000000000000e+00,0.000000000000000000e+00,0.000000000000000000e+00,1.008367844542137264e-04,2.567277885058042667e-04,1.610495212053911522e-04,0.000000000000000000e+00,0.000000000000000000e+00,0.000000000000000000e+00,0.000000000000000000e+00,0.000000000000000000e+00,7.261487659769785147e-05,6.610595362613598362e-04,1.334259441518666862e-03,0.000000000000000000e+00,0.000000000000000000e+00,0.000000000000000000e+00,0.000000000000000000e+00,0.000000000000000000e+00,0.000000000000000000e+00,0.000000000000000000e+00,0.000000000000000000e+00,0.000000000000000000e+00,0.000000000000000000e+00,0.000000000000000000e+00,0.000000000000000000e+00,0.000000000000000000e+00,0.000000000000000000e+00,0.000000000000000000e+00,0.000000000000000000e+00,0.000000000000000000e+00,0.000000000000000000e+00,0.000000000000000000e+00,0.000000000000000000e+00,0.000000000000000000e+00,0.000000000000000000e+00,0.000000000000000000e+00,0.000000000000000000e+00,0.000000000000000000e+00,2.996039253976965798e-04,7.968520411384371867e-04,0.000000000000000000e+00,0.000000000000000000e+00,1.680912825853271548e-05,4.265079330399083163e-04,0.000000000000000000e+00,0.000000000000000000e+00,0.000000000000000000e+00,4.054663308219513731e-04,9.942147143534344703e-04,1.571635222952939793e-03,2.056490763639513830e-03,2.373854979074234341e-03,2.469324610068842404e-03,2.319169480722061381e-03,1.933660706061640817e-03,1.353229505217948703e-03,6.392756425118217628e-04,0.000000000000000000e+00,0.000000000000000000e+00,0.000000000000000000e+00,0.000000000000000000e+00,0.000000000000000000e+00,0.000000000000000000e+00,0.000000000000000000e+00,0.000000000000000000e+00,0.000000000000000000e+00,0.000000000000000000e+00,0.000000000000000000e+00,0.000000000000000000e+00,0.000000000000000000e+00,0.000000000000000000e+00,0.000000000000000000e+00,0.000000000000000000e+00,1.800107743868420646e-04,5.319572178168623143e-04,1.111841029297083554e-03,1.689229336497346037e-03,2.148537141970700663e-03,2.456275999574106597e-03,2.586479177608444046e-03,2.524783388563369042e-03,2.272728745729660649e-03,1.851229696804645910e-03,1.301833946343518159e-03,6.843526700109966044e-04,7.002504176658042305e-05,2.219328444248904874e-04,5.051065747901691948e-04,7.803153302104737232e-04,1.023381238031975497e-03,1.218033717433595698e-03,1.358384472176058693e-03,1.447836881246890002e-03,1.494093939879272441e-03,1.502155568430997828e-03,1.468695601432897522e-03,1.380918437452545834e-03,1.221019571148312510e-03,9.747045617195136333e-04,6.401889159282456599e-04,2.337173591185051820e-04,0.000000000000000000e+00,0.000000000000000000e+00,0.000000000000000000e+00,0.000000000000000000e+00,0.000000000000000000e+00,0.000000000000000000e+00,0.000000000000000000e+00,0.000000000000000000e+00,0.000000000000000000e+00,8.027145085091052113e-04,1.656838560043088398e-03,2.367691011858711388e-03,2.887003891266972516e-03,3.200544063317896110e-03,3.328394608007365953e-03,3.319112543157485499e-03,3.238024074094096681e-03,3.151323309127033578e-03,3.109378366711618418e-03,3.133979226113975912e-03,3.213988165634260302e-03,3.311554184139150515e-03,3.377210804400895567e-03,3.368398972142776747e-03,3.264116320811528017e-03,3.069711309066471341e-03,2.810013514623817179e-03,2.514276098168450116e-03,2.200303890611578217e-03,1.865660949028955136e-03,0.000000000000000000e+00,1.868237556873467338e-04,8.371756371930255637e-04,2.992810241274735696e-03,0.000000000000000000e+00,0.000000000000000000e+00,0.000000000000000000e+00,0.000000000000000000e+00,0.000000000000000000e+00,0.000000000000000000e+00,0.000000000000000000e+00,0.000000000000000000e+00,0.000000000000000000e+00,0.000000000000000000e+00,0.000000000000000000e+00,3.999671752155225255e-04,6.614041373353466390e-04,7.650088323979564080e-04,7.188111098413816225e-04,5.404293653728643818e-04,2.536753044070202880e-04,0.000000000000000000e+00,0.000000000000000000e+00,0.000000000000000000e+00,0.000000000000000000e+00,0.000000000000000000e+00,0.000000000000000000e+00,0.000000000000000000e+00,0.000000000000000000e+00,0.000000000000000000e+00,1.085817995566836072e-04,2.346234816129378915e-04,3.525770868115651749e-04,4.616213713370045523e-04,5.610843694299101625e-04,6.504435326978000483e-04,7.293194931147508296e-04,7.974722214235293845e-04
1.913012191675142125e-07,8.359294458284586898e-04,1.857660899931661274e-04,3.452216476677572553e-04,5.703360159585250380e-04,8.822331872278420164e-04,9.702516127274205503e-04,4.596306482087855728e-04,1.365285514284996253e-03,2.211196545316152385e-03,2.899445929379016081e-03,3.359558696866652826e-03,3.558462981540967077e-03,3.505998994767782657e-03,3.255254438165778360e-03,2.896933915820341845e-03,2.546990185725656920e-03,2.327619270619736645e-03,2.343689232941536214e-03,2.659151741061712218e-03,3.279613711245190581e-03,4.146765867267944265e-03,5.147372780783189723e-03,6.135008499813931516e-03,6.958714342292937442e-03,7.490867969678891014e-03,7.647635437531726844e-03,7.398535619790583794e-03,0.000000000000000000e+00,0.000000000000000000e+00,0.000000000000000000e+00,7.187328756520884121e-04,2.208871370958388411e-03,3.650673149675324764e-03,0.000000000000000000e+00,0.000000000000000000e+00,0.000000000000000000e+00,0.000000000000000000e+00,0.000000000000000000e+00,0.000000000000000000e+00,0.000000000000000000e+00,0.000000000000000000e+00,0.000000000000000000e+00,9.591523975145380045e-04,2.111536910136168916e-03,3.068618789419305486e-03,3.826143478972951744e-03,4.396195273899288110e-03,4.796597724304544827e-03,5.042476726358530344e-03,4.725813142690802465e-03,3.942159915471430201e-03,3.136094269403344546e-03,2.337387582942451053e-03,1.561455449414821551e-03,8.136722876006431552e-04,9.611602156743189460e-05,0.000000000000000000e+00,0.000000000000000000e+00,0.000000000000000000e+00,9.299466516259859616e-05,6.314374578979055656e-04,1.053155516076163855e-03,1.317085858429905892e-03,1.394700511376694482e-03,1.269766299296858211e-03,1.222257508564856708e-03,1.430160455206248111e-03,1.627457412379805339e-03,1.810608040115107859e-03,1.976395684367905376e-03,2.122000869064994636e-03,2.245065977880884422e-03,4.556817706836403976e-03,6.228307164942538561e-03,0.000000000000000000e+00,0.000000000000000000e+00,0.000000000000000000e+00,0.000000000000000000e+00,0.000000000000000000e+00,0.000000000000000000e+00,0.000000000000000000e+00,0.000000000000000000e+00,0.000000000000000000e+00,6.871124710318575381e-04,1.766219848664648834e-03,2.850990152014266921e-03,3.920881348769645301e-03,4.932691894563587601e-03,5.816715243615808162e-03,6.481121807805348932e-03,6.825341822130026777e-03,6.760291485244963004e-03,6.230529301762871043e-03,5.232123499728642997e-03,3.820861387566654166e-03,2.108296601475428446e-03,0.000000000000000000e+00,1.917653821074403846e-03,6.691197138052916611e-03,5.660427513819565448e-04,6.818695007861829077e-04,7.958817154741688622e-04,9.088027231627197064e-04,1.021219208203545410e-03,1.133535043139616847e-03,1.245934983324889370e-03,1.358351004410062639e-03,2.495888680242584409e-03,3.872539941523850567e-03,4.855503529697821792e-03,5.302277975447422693e-03,5.138807526067393217e-03,2.382608634239525517e-03,1.203442817792732284e-03,1.050244924067093117e-03,9.062860201696108439e-04,7.890232006227783975e-04,6.857876115639492069e-04,5.693922539607077686e-04,4.160947723898623463e-04,2.183960635237619215e-04,0.000000000000000000e+00,0.000000000000000000e+00,0.000000000000000000e+00,0.000000000000000000e+00,0.000000000000000000e+00,0.000000000000000000e+00,0.000000000000000000e+00,0.000000000000000000e+00,0.000000000000000000e+00,1.677008587662842231e-04,5.914649683717975587e-04,1.069427156041607334e-03,1.575463734629948490e-03,2.077239728004512398e-03,2.535985184672586833e-03,5.980468714540214392e-03,0.000000000000000000e+00,0.000000000000000000e+00,0.000000000000000000e+00,0.000000000000000000e+00,0.000000000000000000e+00,0.000000000000000000e+00,2.358957467246325913e-05,5.144935659957160972e-05,0.000000000000000000e+00,8.994125060917487638e-05,6.115810477193470672e-03,1.733806530256411271e-04,0.000000000000000000e+00,0.000000000000000000e+00,3.547115696624397372e-04,0.000000000000000000e+00,0.000000000000000000e+00,0.000000000000000000e+00,2.181296469180547001e-04,7.785387609858592396e-04,1.285515508001326647e-03,0.000000000000000000e+00,0.000000000000000000e+00,0.000000000000000000e+00,6.299893427120369874e-04,2.098115462962723936e-03,3.314501035956132682e-03,0.000000000000000000e+00,0.000000000000000000e+00,0.000000000000000000e+00,3.736126468811776387e-04,0.000000000000000000e+00,0.000000000000000000e+00,0.000000000000000000e+00,0.000000000000000000e+00,0.000000000000000000e+00,0.000000000000000000e+00,0.000000000000000000e+00,0.000000000000000000e+00,0.000000000000000000e+00,0.000000000000000000e+00,0.000000000000000000e+00,0.000000000000000000e+00,3.423618765709649566e-03,0.000000000000000000e+00,4.111262478271693837e-05,7.294275204561306066e-04,0.000000000000000000e+00,0.000000000000000000e+00,0.000000000000000000e+00,1.544597471789283135e-04,5.240990740015736248e-04,0.000000000000000000e+00,0.000000000000000000e+00,0.000000000000000000e+00,0.000000000000000000e+00,1.135534780018284014e-03,0.000000000000000000e+00,3.968063738981192075e-04,9.166062237430192688e-04,1.236813092202494356e-03,1.350608471851447558e-03,1.259554350058187701e-03,9.714417198621369933e-04,5.024159768381293535e-04,0.000000000000000000e+00,0.000000000000000000e+00,0.000000000000000000e+00,0.000000000000000000e+00,0.000000000000000000e+00,0.000000000000000000e+00,0.000000000000000000e+00,0.000000000000000000e+00,0.000000000000000000e+00,0.000000000000000000e+00,0.000000000000000000e+00,0.000000000000000000e+00,0.000000000000000000e+00,0.000000000000000000e+00,0.000000000000000000e+00,0.000000000000000000e+00,0.000000000000000000e+00,0.000000000000000000e+00,0.000000000000000000e+00,0.000000000000000000e+00,0.000000000000000000e+00,0.000000000000000000e+00,0.000000000000000000e+00,0.000000000000000000e+00,0.000000000000000000e+00,0.000000000000000000e+00,0.000000000000000000e+00,0.000000000000000000e+00,0.000000000000000000e+00,0.000000000000000000e+00,0.000000000000000000e+00,0.000000000000000000e+00,0.000000000000000000e+00,0.000000000000000000e+00,0.000000000000000000e+00,0.000000000000000000e+00,0.000000000000000000e+00,0.000000000000000000e+00,0.000000000000000000e+00,0.000000000000000000e+00,0.000000000000000000e+00,0.000000000000000000e+00,0.000000000000000000e+00,0.000000000000000000e+00,0.000000000000000000e+00,0.000000000000000000e+00,0.000000000000000000e+00,0.000000000000000000e+00,0.000000000000000000e+00,0.000000000000000000e+00,0.000000000000000000e+00,0.000000000000000000e+00,0.000000000000000000e+00,0.000000000000000000e+00,5.893796322623851165e-05,8.186514536391068485e-04,1.546858158936618554e-03,2.221585021633638336e-03,2.846125037780217887e-03,3.444711724562859838e-03,4.052968840845453703e-03,4.706407867517819858e-03,5.429644430099085650e-03,6.228037184691505648e-03,7.082692888553288914e-03,7.949401448692990785e-03,8.761939952640435125e-03,9.439993779614368544e-03,9.901319080747449097e-03,7.715267176420344090e-03,7.376176133854364138e-03,6.861836408867285145e-03,6.223862713710488423e-03,5.535789172483119094e-03,4.876698401566364853e-03,4.312049030873672632e-03,3.877576634926799704e-03,0.000000000000000000e+00,0.000000000000000000e+00,4.124318938125921320e-04,1.180928947733714349e-03,1.843745547007321749e-03,2.429242490181428727e-03,0.000000000000000000e+00,0.000000000000000000e+00,0.000000000000000000e+00,0.000000000000000000e+00,0.000000000000000000e+00,0.000000000000000000e+00,0.000000000000000000e+00,0.000000000000000000e+00,0.000000000000000000e+00,0.000000000000000000e+00,0.000000000000000000e+00,0.000000000000000000e+00,0.000000000000000000e+00,0.000000000000000000e+00,0.000000000000000000e+00,0.000000000000000000e+00,0.000000000000000000e+00,0.000000000000000000e+00,1.164911866514982598e-04,6.391641431718564316e-04,1.163794823108583575e-03,1.628343222927707305e-03,1.975041212388907539e-03,2.155001795607001426e-03,2.129000386854573799e-03,1.866995518974620422e-03,1.350230872106611977e-03,5.779190202743605129e-04,0.000000000000000000e+00,0.000000000000000000e+00,0.000000000000000000e+00,5.890700324024856658e-04,1.728579022777989617e-03,3.004419544986930510e-03,4.303453487390408033e-03,5.476385700567303234e-03,6.365540395531149760e-03,6.838343565424086223e-03,6.816234778787936058e-03,6.290330779039207502e-03,5.320048108402952378e-03,4.016843125712602630e-03,2.519603742260404650e-03,9.695678497410381222e-04,0.000000000000000000e+00,1.819499923658852774e-03,2.849672824646586403e-03,6.286374781219396420e-04,0.000000000000000000e+00,0.000000000000000000e+00,0.000000000000000000e+00,4.228438897884123334e-04,1.316255866739903056e-03,3.506611856025435622e-03,9.054075880200775084e-04,0.000000000000000000e+00,7.431829559385690802e-04,2.548585397866812759e-03,1.601324854945539817e-03,1.865628890230225942e-03,1.894065425971486931e-03,1.731140926037955888e-03,1.443043825938033434e-03,1.104421037645587347e-03,7.857888214426276153e-04,5.432546177796596359e-04,4.111015313424788383e-04,3.973184905529387849e-04,4.824681806946288587e-04,6.225922635896858227e-04,7.565870547715257194e-04,8.173464681686496173e-04,7.445841190384810699e-04,4.964317601845937445e-04,5.716851285737925759e-05,0.000000000000000000e+00,0.000000000000000000e+00,0.000000000000000000e+00,0.000000000000000000e+00,7.476529447946846704e-04,1.285755249607367298e-03,1.429432780874542990e-03,1.184947072116328314e-03,6.180387344883450434e-04,0.000000000000000000e+00,0.000000000000000000e+00,0.000000000000000000e+00,0.000000000000000000e+00,0.000000000000000000e+00,0.000000000000000000e+00,0.000000000000000000e+00,0.000000000000000000e+00,0.000000000000000000e+00,0.000000000000000000e+00,0.000000000000000000e+00,0.000000000000000000e+00,0.000000000000000000e+00,0.000000000000000000e+00,0.000000000000000000e+00,0.000000000000000000e+00,1.929924151079650217e-04,6.987080459174992196e-04,9.462993052665889717e-04,8.635339160024715606e-04,4.012804778582903793e-04,0.000000000000000000e+00,0.000000000000000000e+00,0.000000000000000000e+00,0.000000000000000000e+00,0.000000000000000000e+00,0.000000000000000000e+00,0.000000000000000000e+00,0.000000000000000000e+00,0.000000000000000000e+00
9.473856514890610827e-09,0.000000000000000000e+00,0.000000000000000000e+00,0.000000000000000000e+00,0.000000000000000000e+00,0.000000000000000000e+00,0.000000000000000000e+00,0.000000000000000000e+00,0.000000000000000000e+00,0.000000000000000000e+00,1.723697658414676513e-04,7.791134844787138804e-04,1.358995601547616835e-03,1.848411068344542807e-03,2.200442195158877710e-03,2.387869606893852376e-03,2.402336074567469962e-03,2.251871948961267980e-03,1.959146728435346482e-03,1.561910797731280026e-03,0.000000000000000000e+00,0.000000000000000000e+00,0.000000000000000000e+00,1.617188114381945194e-03,6.561106327448602013e-04,1.042070840445328541e-03,1.151812128176290867e-03,1.662136885510618429e-03,2.259326744231107600e-03,2.857553610593901051e-03,3.377584875984469739e-03,0.000000000000000000e+00,0.000000000000000000e+00,0.000000000000000000e+00,0.000000000000000000e+00,0.000000000000000000e+00,0.000000000000000000e+00,0.000000000000000000e+00,0.000000000000000000e+00,0.000000000000000000e+00,0.000000000000000000e+00,0.000000000000000000e+00,0.000000000000000000e+00,0.000000000000000000e+00,0.000000000000000000e+00,0.000000000000000000e+00,0.000000000000000000e+00,0.000000000000000000e+00,0.000000000000000000e+00,0.000000000000000000e+00,0.000000000000000000e+00,0.000000000000000000e+00,0.000000000000000000e+00,1.580424121018196581e-04,4.771922561335938616e-04,7.584386581347055383e-04,1.001618388988140870e-03,1.206536536799378192e-03,0.000000000000000000e+00,0.000000000000000000e+00,0.000000000000000000e+00,0.000000000000000000e+00,0.000000000000000000e+00,0.000000000000000000e+00,0.000000000000000000e+00,0.000000000000000000e+00,0.000000000000000000e+00,0.000000000000000000e+00,0.000000000000000000e+00,0.000000000000000000e+00,0.000000000000000000e+00,0.000000000000000000e+00,9.111048815471907512e-04,1.886300987998812363e-03,2.708276226577324957e-03,0.000000000000000000e+00,0.000000000000000000e+00,0.000000000000000000e+00,0.000000000000000000e+00,0.000000000000000000e+00,0.000000000000000000e+00,0.000000000000000000e+00,1.694421333495454171e-04,1.073250220785263971e-03,1.720692216943874335e-03,1.986239195477385467e-03,1.799387219615296600e-03,1.170226501763683676e-03,1.959977376563545653e-04,0.000000000000000000e+00,0.000000000000000000e+00,0.000000000000000000e+00,0.000000000000000000e+00,0.000000000000000000e+00,0.000000000000000000e+00,0.000000000000000000e+00,0.000000000000000000e+00,0.000000000000000000e+00,0.000000000000000000e+00,0.000000000000000000e+00,0.000000000000000000e+00,0.000000000000000000e+00,0.000000000000000000e+00,0.000000000000000000e+00,0.000000000000000000e+00,0.000000000000000000e+00,5.282226147424186032e-04,1.847471742552975757e-03,3.087489343791648480e-03,0.000000000000000000e+00,0.000000000000000000e+00,0.000000000000000000e+00,0.000000000000000000e+00,0.000000000000000000e+00,0.000000000000000000e+00,0.000000000000000000e+00,0.000000000000000000e+00,0.000000000000000000e+00,0.000000000000000000e+00,0.000000000000000000e+00,0.000000000000000000e+00,0.000000000000000000e+00,0.000000000000000000e+00,0.000000000000000000e+00,0.000000000000000000e+00,0.000000000000000000e+00,0.000000000000000000e+00,0.000000000000000000e+00,0.000000000000000000e+00,0.000000000000000000e+00,0.000000000000000000e+00,0.000000000000000000e+00,0.000000000000000000e+00,0.000000000000000000e+00,0.000000000000000000e+00,0.000000000000000000e+00,0.000000000000000000e+00,0.000000000000000000e+00,0.000000000000000000e+00,0.000000000000000000e+00,0.000000000000000000e+00,0.000000000000000000e+00,0.000000000000000000e+00,5.803776581176703624e-04,0.000000000000000000e+00,0.000000000000000000e+00,0.000000000000000000e+00,0.000000000000000000e+00,0.000000000000000000e+00,4.070814634347264135e-04,7.045482720497410695e-04,8.588389126011318226e-04,8.707786278844637179e-04,7.597605879337158757e-04,5.588368783474572136e-04,3.091908181273409786e-04,5.519155784644473128e-05,2.187072547054280593e-04,1.258575394814816749e-03,2.307694205445299986e-03,3.271577445536184240e-03,4.069603736813095542e-03,4.654015919438553132e-03,5.020756373562515473e-03,5.208477935855771769e-03,5.285477076635979043e-03,5.328108159625779411e-03,5.397181946468807869e-03,5.519769952622442626e-03,5.682126224831367950e-03,5.835581827547470929e-03,5.912740134504977131e-03,5.847980051774595914e-03,5.595488091213629556e-03,5.139979474416519339e-03,4.498725078409194361e-03,3.716749164282581123e-03,2.858632271872766761e-03,1.999891585451135222e-03,1.219154161141271838e-03,5.906224515187201559e-04,1.757413011019133781e-04,1.375648684215433347e-05,1.124871834140746680e-04,4.420328443634096750e-04,9.344801205916898569e-04,1.491582895080749297e-03,2.000233772611060765e-03,2.353047427455596998e-03,2.469469556189226797e-03,2.312187385731177304e-03,1.894552913434131803e-03,1.276996168343450151e-03,5.533024020509387476e-04,0.000000000000000000e+00,0.000000000000000000e+00,0.000000000000000000e+00,0.000000000000000000e+00,0.000000000000000000e+00,0.000000000000000000e+00,0.000000000000000000e+00,0.000000000000000000e+00,0.000000000000000000e+00,0.000000000000000000e+00,0.000000000000000000e+00,0.000000000000000000e+00,1.231358793522090630e-05,9.165796129836951283e-05,9.587754701613073285e-05,3.888663351021619107e-06,0.000000000000000000e+00,8.584848276828762183e-05,2.039933859556184814e-04,3.193151264602418294e-04,8.216160957042044919e-04,1.446575040490697675e-03,1.986362373197123141e-03,2.421743723707393998e-03,2.736579088179145244e-03,2.915129248877732903e-03,2.941461588483980979e-03,2.802257016181767570e-03,2.492977094255977542e-03,2.025508791129073793e-03,1.433988634152388777e-03,1.363070056377932134e-03,1.425454779138972568e-03,1.485893867201574505e-03,1.544747789856430005e-03,2.714316915483435625e-03,2.900569251700928306e-03,0.000000000000000000e+00,0.000000000000000000e+00,0.000000000000000000e+00,0.000000000000000000e+00,0.000000000000000000e+00,0.000000000000000000e+00,0.000000000000000000e+00,0.000000000000000000e+00,0.000000000000000000e+00,0.000000000000000000e+00,0.000000000000000000e+00,0.000000000000000000e+00,0.000000000000000000e+00,0.000000000000000000e+00,0.000000000000000000e+00,0.000000000000000000e+00,0.000000000000000000e+00,0.000000000000000000e+00,0.000000000000000000e+00,0.000000000000000000e+00,0.000000000000000000e+00,0.000000000000000000e+00,0.000000000000000000e+00,0.000000000000000000e+00,0.000000000000000000e+00,0.000000000000000000e+00,0.000000000000000000e+00,0.000000000000000000e+00,0.000000000000000000e+00,0.000000000000000000e+00,0.000000000000000000e+00,0.000000000000000000e+00,7.588562303396911141e-05,4.825282106908171951e-04,6.396487927274695359e-04,5.512774371957458340e-04,2.637349884670272572e-04,0.000000000000000000e+00,0.000000000000000000e+00,0.000000000000000000e+00,0.000000000000000000e+00,0.000000000000000000e+00,1.952434131991337906e-04,4.016336512599136006e-04,6.104687030287650560e-04,8.197164090238003541e-04,1.027245371349546797e-03,1.230869460258288183e-03,1.428397972156769669e-03,1.617680763335449566e-03,1.796653886628720798e-03,1.963380545883919477e-03,2.217293937420271137e-03,2.786389046787650587e-04,4.745824351976724183e-04,8.101726668977383755e-04,1.186051944625613223e-03,1.588876122671570084e-03,1.988645096583141914e-03,2.345457677202361039e-03,2.619865726877782658e-03,2.783205529952075246e-03,2.824835642281395970e-03,2.754554356935027312e-03,2.599790771365051954e-03,2.398266913273368415e-03,2.187748011849688107e-03,1.995381163941330627e-03,1.829642999011995121e-03,1.677680412429357129e-03,1.509468033078525300e-03,1.288016262337675138e-03,9.826774022282077151e-04,5.813298895741823326e-04,9.751616816120512756e-05,0.000000000000000000e+00,0.000000000000000000e+00,0.000000000000000000e+00,0.000000000000000000e+00,1.124409181732619501e-04,3.368535637981880625e-04,5.595266777173177808e-04,7.786873842774644705e-04,9.924675059639789625e-04,1.529438070241701930e-03,1.156116399193696329e-03,0.000000000000000000e+00,0.000000000000000000e+00,0.000000000000000000e+00,0.000000000000000000e+00,0.000000000000000000e+00,0.000000000000000000e+00,0.000000000000000000e+00,1.453273034678611642e-04,6.011666209349623936e-04,1.142320507145967202e-03,1.765589402284515946e-03,2.458052591546230035e-03,3.192469087456070026e-03,3.927618044979747265e-03,4.614957493197477910e-03,7.974730507755814143e-03,0.000000000000000000e+00,0.000000000000000000e+00,0.000000000000000000e+00,0.000000000000000000e+00,0.000000000000000000e+00,0.000000000000000000e+00,0.000000000000000000e+00,0.000000000000000000e+00,0.000000000000000000e+00,0.000000000000000000e+00,0.000000000000000000e+00,0.000000000000000000e+00,0.000000000000000000e+00,0.000000000000000000e+00,0.000000000000000000e+00,0.000000000000000000e+00,0.000000000000000000e+00,3.298873395470277637e-04,1.527106623862174457e-03,1.037966603557103360e-03,4.327511489704928332e-04,1.244689136236575835e-03,1.825573544126841497e-03,2.098511701889335668e-03,2.011185316911933297e-03,1.549403250842971589e-03,7.464940749940649932e-04,0.000000000000000000e+00,6.118229685416918737e-05,7.953431340456631376e-04,1.465926776705992699e-03,2.018360973311298170e-03,2.421396979324311454e-03,2.665541488047550728e-03,2.758290879691872345e-03,2.719565388605384160e-03,2.579116847510354651e-03,2.375383630785341937e-03,2.153715770831508055e-03,1.961922783856222176e-03,1.842577197274334862e-03,1.823575532266956227e-03,1.909960190735762080e-03,2.080177090706326892e-03,2.288668071345488324e-03,2.474563793426303327e-03,2.574270699327887730e-03,2.534743661395618287e-03,2.324541350343436400e-03,1.940895143581916095e-03,1.412187716519063127e-03,7.957816942186570234e-04,1.711316856248331242e-04,0.000000000000000000e+00,0.000000000000000000e+00,0.000000000000000000e+00,3.100487476103799909e-03,4.283819449327029160e-04,1.063119872205051846e-03,7.493627641889322394e-04,1.387180182101152310e-03,1.929680740224740685e-03,0.000000000000000000e+00,0.000000000000000000e+00,0.000000000000000000e+00,0.000000000000000000e+00,0.000000000000000000e+00
1.640949886001673892e-07,4.606778298687206653e-04,1.368067888883839085e-03,6.460995289903307282e-04,0.000000000000000000e+00,0.000000000000000000e+00,0.000000000000000000e+00,0.000000000000000000e+00,0.000000000000000000e+00,0.000000000000000000e+00,0.000000000000000000e+00,0.000000000000000000e+00,0.000000000000000000e+00,0.000000000000000000e+00,3.379178707918896831e-04,9.790562084326110814e-04,1.758082351441788652e-03,2.634079449759110271e-03,3.524098548840035733e-03,4.318878982022359217e-03,4.906413824983995274e-03,5.195357234436340406e-03,5.131320830473492904e-03,5.743119268268789650e-03,6.412657371456808447e-03,6.814749432340012902e-03,6.994523843297435241e-03,7.017083204521427919e-03,6.947762339795376420e-03,6.833023268192763705e-03,6.688302508871908289e-03,6.497062738817005467e-03,6.221487738669138380e-03,5.821300590313521761e-03,5.274483660949776630e-03,4.593153599036453247e-03,3.829379922900797827e-03,3.068785185069186627e-03,2.413364872069629925e-03,1.958171215522493819e-03,1.768409263908578017e-03,1.863462487857394647e-03,2.212285640796362619e-03,2.741080375351112944e-03,3.350363487703736202e-03,3.935868035656665473e-03,4.407049898561703899e-03,4.698546173543221086e-03,4.772951671386664249e-03,4.616487477510872704e-03,4.231298786950984936e-03,3.628499882047464889e-03,2.824792135837751652e-03,1.843252175733721930e-03,7.168131057609248213e-04,1.477521181745867791e-04,1.018989471009546345e-04,0.000000000000000000e+00,0.000000000000000000e+00,0.000000000000000000e+00,0.000000000000000000e+00,0.000000000000000000e+00,0.000000000000000000e+00,0.000000000000000000e+00,0.000000000000000000e+00,0.000000000000000000e+00,0.000000000000000000e+00,0.000000000000000000e+00,0.000000000000000000e+00,0.000000000000000000e+00,0.000000000000000000e+00,0.000000000000000000e+00,0.000000000000000000e+00,0.000000000000000000e+00,0.000000000000000000e+00,0.000000000000000000e+00,0.000000000000000000e+00,0.000000000000000000e+00,0.000000000000000000e+00,3.778547255740292217e-05,5.028181524416730367e-04,8.369159333334097233e-04,1.026342343653846014e-03,6.502379885471997779e-03,0.000000000000000000e+00,0.000000000000000000e+00,0.000000000000000000e+00,1.119485665769867112e-03,0.000000000000000000e+00,0.000000000000000000e+00,0.000000000000000000e+00,0.000000000000000000e+00,0.000000000000000000e+00,0.000000000000000000e+00,3.869191354753454600e-04,0.000000000000000000e+00,0.000000000000000000e+00,0.000000000000000000e+00,0.000000000000000000e+00,0.000000000000000000e+00,0.000000000000000000e+00,0.000000000000000000e+00,2.646809035613844523e-04,1.006671357900463604e-03,1.748927625486742209e-03,2.462154018401409555e-03,3.109849823966362187e-03,3.642621976288428539e-03,4.001424263632038028e-03,4.130232418326397134e-03,0.000000000000000000e+00,0.000000000000000000e+00,0.000000000000000000e+00,0.000000000000000000e+00,4.865787869888756946e-05,7.612232822060857563e-04,0.000000000000000000e+00,0.000000000000000000e+00,0.000000000000000000e+00,0.000000000000000000e+00,0.000000000000000000e+00,0.000000000000000000e+00,2.554575527513439949e-05,3.593710011676745576e-04,5.394407523361365031e-04,5.245966469317584922e-04,2.959004323664938272e-04,0.000000000000000000e+00,0.000000000000000000e+00,0.000000000000000000e+00,0.000000000000000000e+00,0.000000000000000000e+00,0.000000000000000000e+00,0.000000000000000000e+00,0.000000000000000000e+00,0.000000000000000000e+00,0.000000000000000000e+00,0.000000000000000000e+00,0.000000000000000000e+00,0.000000000000000000e+00,5.430669188087345342e-04,1.182979629312092256e-03,1.555256132971324359e-03,1.629942086599500684e-03,1.416512450431317875e-03,9.633111036789456438e-04,3.521030843625167417e-04,0.000000000000000000e+00,0.000000000000000000e+00,1.447580363401205681e-04,6.387838647782724012e-04,1.214800680368647310e-03,1.865692132198043052e-03,2.566873066231668919e-03,3.273209252899468742e-03,3.921656380154289051e-03,4.439036978841999145e-03,4.752847165608165350e-03,4.802500084968934144e-03,4.548991812995544642e-03,3.981973034288714859e-03,3.123840819484404070e-03,2.030298753435297483e-03,7.863105000281299297e-04,0.000000000000000000e+00,0.000000000000000000e+00,0.000000000000000000e+00,0.000000000000000000e+00,0.000000000000000000e+00,0.000000000000000000e+00,0.000000000000000000e+00,0.000000000000000000e+00,0.000000000000000000e+00,0.000000000000000000e+00,0.000000000000000000e+00,0.000000000000000000e+00,0.000000000000000000e+00,0.000000000000000000e+00,0.000000000000000000e+00,0.000000000000000000e+00,0.000000000000000000e+00,0.000000000000000000e+00,0.000000000000000000e+00,0.000000000000000000e+00,0.000000000000000000e+00,0.000000000000000000e+00,0.000000000000000000e+00,0.000000000000000000e+00,3.605188265389533755e-04,5.790589786572434856e-04,5.639491966372948842e-04,1.066887651183342578e-03,1.497428562008410813e-03,1.780853879715101756e-03,1.873698847318098961e-03,3.894137142949358286e-03,0.000000000000000000e+00,0.000000000000000000e+00,4.044945870603707818e-04,0.000000000000000000e+00,0.000000000000000000e+00,0.000000000000000000e+00,0.000000000000000000e+00,0.000000000000000000e+00,0.000000000000000000e+00,0.000000000000000000e+00,0.000000000000000000e+00,8.645147713143478785e-05,3.689073559231440631e-04,5.338874924047631561e-04,5.769570518880797827e-04,5.083609227060202239e-04,3.497219929773161978e-04,1.312514032647008283e-04,0.000000000000000000e+00,0.000000000000000000e+00,0.000000000000000000e+00,0.000000000000000000e+00,0.000000000000000000e+00,0.000000000000000000e+00,0.000000000000000000e+00,0.000000000000000000e+00,0.000000000000000000e+00,0.000000000000000000e+00,5.199331105999281525e-05,2.282049236986034716e-04,4.078862519833987101e-04,5.841387751201877580e-04,7.479018295213595144e-04,8.911470750001949763e-04,1.009841780855936372e-03,1.105255179611055062e-03,1.183721761114431888e-03,1.256086357076006792e-03,1.337787059121877320e-03,1.449140708987964061e-03,1.614089973595504105e-03,1.855742472859125622e-03,2.188731967756695710e-03,2.610751817523640061e-03,3.097067466994682296e-03,3.601305961556128081e-03,4.063575172307072950e-03,4.424062547853629089e-03,4.638062230849868822e-03,4.687711015633663422e-03,4.586638543106360752e-03,7.947575849690174249e-03,0.000000000000000000e+00,0.000000000000000000e+00,0.000000000000000000e+00,0.000000000000000000e+00,0.000000000000000000e+00,0.000000000000000000e+00,0.000000000000000000e+00,0.000000000000000000e+00,0.000000000000000000e+00,0.000000000000000000e+00,2.391372152300283774e-04,2.625288193467985158e-04,2.264143284093793665e-04,2.036034520327356602e-04,1.933703556199347588e-04,1.947759404154394817e-04,4.984286827159968873e-04,1.359234539300041870e-03,2.165784499694682359e-03,2.858697942905187410e-03,3.388642431291257352e-03,3.720101262992755141e-03,3.832619797372868471e-03,3.720989184054901162e-03,3.395780296854902791e-03,2.884595738048429444e-03,2.233005220877583730e-03,1.503177080043757502e-03,7.683655480493182957e-04,7.330049226569814065e-04,1.081187166092589282e-03,1.232834879544669445e-03,1.148193340417762165e-03,8.216965566634616518e-04,6.461906991595832471e-04,6.142477942905501644e-04,5.723912175843810703e-04,5.204301030757838053e-04,4.582278314940736968e-04,3.857033452061395425e-04,3.028399892689350587e-04,2.096932596287213535e-04,1.064064847262276867e-04,0.000000000000000000e+00,0.000000000000000000e+00,0.000000000000000000e+00,0.000000000000000000e+00,0.000000000000000000e+00,0.000000000000000000e+00,0.000000000000000000e+00,0.000000000000000000e+00,0.000000000000000000e+00,0.000000000000000000e+00,0.000000000000000000e+00,0.000000000000000000e+00,0.000000000000000000e+00,0.000000000000000000e+00,0.000000000000000000e+00,0.000000000000000000e+00,0.000000000000000000e+00,0.000000000000000000e+00,0.000000000000000000e+00,0.000000000000000000e+00,0.000000000000000000e+00,0.000000000000000000e+00,0.000000000000000000e+00,0.000000000000000000e+00,0.000000000000000000e+00,0.000000000000000000e+00,0.000000000000000000e+00,0.000000000000000000e+00,0.000000000000000000e+00,0.000000000000000000e+00,0.000000000000000000e+00,0.000000000000000000e+00,0.000000000000000000e+00,0.000000000000000000e+00,8.538075469410618236e-04,1.924973387608529219e-03,2.919308807352272075e-03,3.778274639498751565e-03,4.449836099066080408e-03,4.893344724730423236e-03,5.083465169052901571e-03,5.011943814595166968e-03,4.686782996118230016e-03,4.129546953738052507e-03,3.372445485278039064e-03,2.456913027091706288e-03,1.434341382790123385e-03,1.245893380364149552e-03,1.512688440964028843e-03,1.770207630831892786e-03,2.016483846924954550e-03,2.249693653495396344e-03,2.468183141431596565e-03,2.670493566381573498e-03,2.855380195479223331e-03,3.021831431501525046e-03,3.169079832725048198e-03,3.296611563153859989e-03,3.404168123124054739e-03,3.491746566528849439e-03,3.401019586945976982e-03,3.413091278409908017e-03,3.566614148287710739e-03,3.787436251084867235e-03,0.000000000000000000e+00,0.000000000000000000e+00,1.380052370948711248e-04,6.287624010055510798e-04,1.255263412658440356e-03,1.979502759122890154e-03,2.756506597773038247e-03,0.000000000000000000e+00,0.000000000000000000e+00,0.000000000000000000e+00,0.000000000000000000e+00,0.000000000000000000e+00,0.000000000000000000e+00,0.000000000000000000e+00,0.000000000000000000e+00,0.000000000000000000e+00,0.000000000000000000e+00,0.000000000000000000e+00,0.000000000000000000e+00,0.000000000000000000e+00,0.000000000000000000e+00,0.000000000000000000e+00,0.000000000000000000e+00,0.000000000000000000e+00,0.000000000000000000e+00,0.000000000000000000e+00,0.000000000000000000e+00,0.000000000000000000e+00,0.000000000000000000e+00,0.000000000000000000e+00,0.000000000000000000e+00,0.000000000000000000e+00,0.000000000000000000e+00,0.000000000000000000e+00,0.000000000000000000e+00,0.000000000000000000e+00,0.000000000000000000e+00,0.000000000000000000e+00,0.000000000000000000e+00,0.000000000000000000e+00,0.000000000000000000e+00,0.000000000000000000e+00,0.000000000000000000e+00,0.000000000000000000e+00,0.000000000000000000e+00
1.866675491636437275e-08,0.000000000000000000e+00,0.000000000000000000e+00,0.000000000000000000e+00,0.000000000000000000e+00,0.000000000000000000e+00,2.315109439254157877e-04,3.171893576224427830e-03,7.193269020831288482e-04,0.000000000000000000e+00,0.000000000000000000e+00,0.000000000000000000e+00,0.000000000000000000e+00,0.000000000000000000e+00,0.000000000000000000e+00,0.000000000000000000e+00,0.000000000000000000e+00,1.517729948978360137e-04,6.763335905226753458e-04,1.050311702330640863e-03,1.254135270330358548e-03,1.277334990227815738e-03,1.121432493767430053e-03,8.035168501456793275e-04,3.576354948505982971e-04,0.000000000000000000e+00,0.000000000000000000e+00,0.000000000000000000e+00,0.000000000000000000e+00,0.000000000000000000e+00,0.000000000000000000e+00,0.000000000000000000e+00,0.000000000000000000e+00,0.000000000000000000e+00,0.000000000000000000e+00,5.096368298307497402e-04,1.036448709296558914e-03,1.474888038642061276e-03,1.768706501601685415e-03,1.860847664350077013e-03,2.289242485345845037e-03,0.000000000000000000e+00,7.063831457325966609e-04,2.651644912953652657e-03,3.459042777689557997e-03,4.758330685254588167e-03,0.000000000000000000e+00,0.000000000000000000e+00,0.000000000000000000e+00,0.000000000000000000e+00,0.000000000000000000e+00,0.000000000000000000e+00,0.000000000000000000e+00,0.000000000000000000e+00,0.000000000000000000e+00,0.000000000000000000e+00,3.759273942740197147e-03,4.013762207680527652e-04,0.000000000000000000e+00,0.000000000000000000e+00,6.113911155389194978e-05,2.449877162586642002e-04,0.000000000000000000e+00,0.000000000000000000e+00,5.319888004149333919e-04,4.600283932166334831e-04,8.932359888488626380e-04,1.320688637906754746e-03,1.673509557052134129e-03,0.000000000000000000e+00,0.000000000000000000e+00,0.000000000000000000e+00,0.000000000000000000e+00,0.000000000000000000e+00,1.025075173168146780e-03,0.000000000000000000e+00,0.000000000000000000e+00,0.000000000000000000e+00,0.000000000000000000e+00,0.000000000000000000e+00,0.000000000000000000e+00,0.000000000000000000e+00,0.000000000000000000e+00,0.000000000000000000e+00,0.000000000000000000e+00,0.000000000000000000e+00,1.134719685074358288e-05,9.788599021410000333e-04,0.000000000000000000e+00,0.000000000000000000e+00,0.000000000000000000e+00,0.000000000000000000e+00,0.000000000000000000e+00,0.000000000000000000e+00,0.000000000000000000e+00,0.000000000000000000e+00,0.000000000000000000e+00,0.000000000000000000e+00,0.000000000000000000e+00,0.000000000000000000e+00,0.000000000000000000e+00,0.000000000000000000e+00,0.000000000000000000e+00,0.000000000000000000e+00,0.000000000000000000e+00,0.000000000000000000e+00,0.000000000000000000e+00,0.000000000000000000e+00,0.000000000000000000e+00,0.000000000000000000e+00,0.000000000000000000e+00,0.000000000000000000e+00,0.000000000000000000e+00,1.742070777666460222e-04,3.200375261753800804e-04,1.970339981645890647e-04,0.000000000000000000e+00,0.000000000000000000e+00,0.000000000000000000e+00,0.000000000000000000e+00,0.000000000000000000e+00,0.000000000000000000e+00,0.000000000000000000e+00,0.000000000000000000e+00,0.000000000000000000e+00,0.000000000000000000e+00,0.000000000000000000e+00,0.000000000000000000e+00,0.000000000000000000e+00,0.000000000000000000e+00,0.000000000000000000e+00,0.000000000000000000e+00,0.000000000000000000e+00,0.000000000000000000e+00,0.000000000000000000e+00,0.000000000000000000e+00,0.000000000000000000e+00,0.000000000000000000e+00,0.000000000000000000e+00,0.000000000000000000e+00,0.000000000000000000e+00,0.000000000000000000e+00,0.000000000000000000e+00,0.000000000000000000e+00,0.000000000000000000e+00,0.000000000000000000e+00,0.000000000000000000e+00,0.000000000000000000e+00,0.000000000000000000e+00,0.000000000000000000e+00,0.000000000000000000e+00,3.810907110684784568e-04,2.362941008053179564e-03,0.000000000000000000e+00,2.932442493981980160e-04,0.000000000000000000e+00,0.000000000000000000e+00,0.000000000000000000e+00,0.000000000000000000e+00,0.000000000000000000e+00,0.000000000000000000e+00,1.339275360708620972e-03,5.038475953544127714e-04,0.000000000000000000e+00,0.000000000000000000e+00,0.000000000000000000e+00,8.672283336073845000e-04,1.759070555396632766e-04,0.000000000000000000e+00,0.000000000000000000e+00,0.000000000000000000e+00,0.000000000000000000e+00,0.000000000000000000e+00,1.172250924506661987e-04,9.717493239518042343e-04,1.695254132653220428e-03,0.000000000000000000e+00,0.000000000000000000e+00,0.000000000000000000e+00,0.000000000000000000e+00,0.000000000000000000e+00,0.000000000000000000e+00,0.000000000000000000e+00,0.000000000000000000e+00,0.000000000000000000e+00,0.000000000000000000e+00,0.000000000000000000e+00,0.000000000000000000e+00,2.055918420420002851e-04,1.122589883653286403e-03,2.052350283026387577e-03,2.898818176146303327e-03,3.580750271066858361e-03,4.042015801261982476e-03,4.255150132208153357e-03,4.218570107275252529e-03,3.950212638248954376e-03,3.481078575677234044e-03,2.851101656281348692e-03,2.879008089747473517e-03,3.489844422053921084e-03,4.084377940322456331e-03,0.000000000000000000e+00,0.000000000000000000e+00,0.000000000000000000e+00,0.000000000000000000e+00,0.000000000000000000e+00,0.000000000000000000e+00,0.000000000000000000e+00,0.000000000000000000e+00,0.000000000000000000e+00,0.000000000000000000e+00,0.000000000000000000e+00,0.000000000000000000e+00,7.549744668343078089e-04,0.000000000000000000e+00,0.000000000000000000e+00,0.000000000000000000e+00,0.000000000000000000e+00,0.000000000000000000e+00,0.000000000000000000e+00,0.000000000000000000e+00,0.000000000000000000e+00,0.000000000000000000e+00,0.000000000000000000e+00,0.000000000000000000e+00,0.000000000000000000e+00,0.000000000000000000e+00,0.000000000000000000e+00,0.000000000000000000e+00,0.000000000000000000e+00,0.000000000000000000e+00,0.000000000000000000e+00,0.000000000000000000e+00,0.000000000000000000e+00,0.000000000000000000e+00,0.000000000000000000e+00,0.000000000000000000e+00,0.000000000000000000e+00,0.000000000000000000e+00,0.000000000000000000e+00,0.000000000000000000e+00,0.000000000000000000e+00,0.000000000000000000e+00,4.218954139425639674e-04,3.271318596507698327e-03,0.000000000000000000e+00,0.000000000000000000e+00,0.000000000000000000e+00,0.000000000000000000e+00,0.000000000000000000e+00,0.000000000000000000e+00,0.000000000000000000e+00,0.000000000000000000e+00,0.000000000000000000e+00,0.000000000000000000e+00,0.000000000000000000e+00,0.000000000000000000e+00,0.000000000000000000e+00,0.000000000000000000e+00,0.000000000000000000e+00,0.000000000000000000e+00,0.000000000000000000e+00,0.000000000000000000e+00,0.000000000000000000e+00,0.000000000000000000e+00,0.000000000000000000e+00,0.000000000000000000e+00,0.000000000000000000e+00,0.000000000000000000e+00,0.000000000000000000e+00,0.000000000000000000e+00,0.000000000000000000e+00,0.000000000000000000e+00,0.000000000000000000e+00,0.000000000000000000e+00,0.000000000000000000e+00,0.000000000000000000e+00,0.000000000000000000e+00,0.000000000000000000e+00,0.000000000000000000e+00,0.000000000000000000e+00,0.000000000000000000e+00,0.000000000000000000e+00,0.000000000000000000e+00,0.000000000000000000e+00,0.000000000000000000e+00,0.000000000000000000e+00,0.000000000000000000e+00,0.000000000000000000e+00,0.000000000000000000e+00,6.570708377707293584e-04,1.656444581415288716e-03,2.543124596821266792e-03,3.269500075958495407e-03,3.816220422685217498e-03,4.194733616259951892e-03,4.441842769418002934e-03,4.607605444946583778e-03,4.740651133264741496e-03,4.876245092737061491e-03,5.031436433687217456e-03,5.208591135476582472e-03,8.583557041223724426e-03,0.000000000000000000e+00,0.000000000000000000e+00,0.000000000000000000e+00,0.000000000000000000e+00,0.000000000000000000e+00,0.000000000000000000e+00,0.000000000000000000e+00,0.000000000000000000e+00,0.000000000000000000e+00,0.000000000000000000e+00,0.000000000000000000e+00,0.000000000000000000e+00,0.000000000000000000e+00,0.000000000000000000e+00,1.690592355452029882e-03,0.000000000000000000e+00,0.000000000000000000e+00,0.000000000000000000e+00,0.000000000000000000e+00,0.000000000000000000e+00,0.000000000000000000e+00,0.000000000000000000e+00,0.000000000000000000e+00,0.000000000000000000e+00,0.000000000000000000e+00,0.000000000000000000e+00,0.000000000000000000e+00,0.000000000000000000e+00,0.000000000000000000e+00,0.000000000000000000e+00,0.000000000000000000e+00,0.000000000000000000e+00,0.000000000000000000e+00,0.000000000000000000e+00,0.000000000000000000e+00,0.000000000000000000e+00,0.000000000000000000e+00,0.000000000000000000e+00,0.000000000000000000e+00,0.000000000000000000e+00,0.000000000000000000e+00,0.000000000000000000e+00,0.000000000000000000e+00,0.000000000000000000e+00,0.000000000000000000e+00,0.000000000000000000e+00,0.000000000000000000e+00,0.000000000000000000e+00,0.000000000000000000e+00,0.000000000000000000e+00,0.000000000000000000e+00,0.000000000000000000e+00,0.000000000000000000e+00,0.000000000000000000e+00,0.000000000000000000e+00,0.000000000000000000e+00,0.000000000000000000e+00,0.000000000000000000e+00,0.000000000000000000e+00,0.000000000000000000e+00,0.000000000000000000e+00,7.022022997924522256e-04,1.512468458300166366e-03,2.386146609360964045e-03,4.987509709716825453e-03,6.330945162855048606e-04,4.579680462397716723e-04,2.663793404143572035e-04,6.016475339342869285e-05,0.000000000000000000e+00,0.000000000000000000e+00,0.000000000000000000e+00,0.000000000000000000e+00,0.000000000000000000e+00,0.000000000000000000e+00,0.000000000000000000e+00,0.000000000000000000e+00,0.000000000000000000e+00,1.921786653465677058e-04,3.878153872707096545e-04,6.318893931221242167e-04,9.433550616684231857e-04,1.303175347302207559e-03,1.664805875140703932e-03,1.972128947630160615e-03,2.178447817526857431e-03,2.260804274743130095e-03,2.225934769231663769e-03,2.106908475451278392e-03,1.952153097304050759e-03,1.810655124306890726e-03,1.718082946039825804e-03,1.688093888173905618e-03,1.711169414052666950e-03,1.760648256151118836e-03,1.803182341622177123e-03
0.000000000000000000e+00,1.332030808445216477e-04,1.504001215124904959e-04,0.000000000000000000e+00,0.000000000000000000e+00,0.000000000000000000e+00,0.000000000000000000e+00,0.000000000000000000e+00,0.000000000000000000e+00,0.000000000000000000e+00,0.000000000000000000e+00,0.000000000000000000e+00,0.000000000000000000e+00,0.000000000000000000e+00,0.000000000000000000e+00,0.000000000000000000e+00,0.000000000000000000e+00,0.000000000000000000e+00,0.000000000000000000e+00,0.000000000000000000e+00,0.000000000000000000e+00,0.000000000000000000e+00,0.000000000000000000e+00,0.000000000000000000e+00,0.000000000000000000e+00,0.000000000000000000e+00,0.000000000000000000e+00,9.653797840617284534e-04,2.015873124952675000e-03,2.999240708678047040e-03,3.850895291230629035e-03,4.517437197730705088e-03,4.959970618571995019e-03,5.158159097643177232e-03,5.114205614470193617e-03,4.854913529845798076e-03,4.429926718922777909e-03,3.905287697238541984e-03,3.353082839683159660e-03,2.839502879740520708e-03,2.414402533102511308e-03,2.105133986188054748e-03,1.916117726874476575e-03,1.833834107411254051e-03,1.835305258185329635e-03,1.897371899259196314e-03,2.004301540788221928e-03,2.152196633204137444e-03,2.349715160833873179e-03,2.615266015002934864e-03,2.971216322543412166e-03,3.435990133865929937e-03,4.015607950116149849e-03,4.696840502919022269e-03,5.444242501333309246e-03,6.202355790753909942e-03,6.902631844423817546e-03,7.472953406856322998e-03,7.847002433562316748e-03,7.971435023290812660e-03,7.810359310954362311e-03,0.000000000000000000e+00,0.000000000000000000e+00,0.000000000000000000e+00,0.000000000000000000e+00,0.000000000000000000e+00,2.185572817397512407e-04,0.000000000000000000e+00,2.349903862291090502e-04,7.139886550192186968e-04,0.000000000000000000e+00,0.000000000000000000e+00,0.000000000000000000e+00,0.000000000000000000e+00,0.000000000000000000e+00,0.000000000000000000e+00,0.000000000000000000e+00,0.000000000000000000e+00,2.871242350972534434e-04,0.000000000000000000e+00,0.000000000000000000e+00,0.000000000000000000e+00,0.000000000000000000e+00,0.000000000000000000e+00,0.000000000000000000e+00,0.000000000000000000e+00,0.000000000000000000e+00,0.000000000000000000e+00,0.000000000000000000e+00,0.000000000000000000e+00,0.000000000000000000e+00,0.000000000000000000e+00,0.000000000000000000e+00,0.000000000000000000e+00,0.000000000000000000e+00,0.000000000000000000e+00,0.000000000000000000e+00,0.000000000000000000e+00,0.000000000000000000e+00,0.000000000000000000e+00,0.000000000000000000e+00,0.000000000000000000e+00,0.000000000000000000e+00,0.000000000000000000e+00,0.000000000000000000e+00,0.000000000000000000e+00,0.000000000000000000e+00,0.000000000000000000e+00,0.000000000000000000e+00,0.000000000000000000e+00,0.000000000000000000e+00,9.371135712987719592e-05,9.255644685658728733e-04,0.000000000000000000e+00,0.000000000000000000e+00,0.000000000000000000e+00,0.000000000000000000e+00,0.000000000000000000e+00,0.000000000000000000e+00,0.000000000000000000e+00,0.000000000000000000e+00,0.000000000000000000e+00,0.000000000000000000e+00,0.000000000000000000e+00,0.000000000000000000e+00,0.000000000000000000e+00,0.000000000000000000e+00,0.000000000000000000e+00,0.000000000000000000e+00,0.000000000000000000e+00,0.000000000000000000e+00,0.000000000000000000e+00,0.000000000000000000e+00,0.000000000000000000e+00,0.000000000000000000e+00,0.000000000000000000e+00,0.000000000000000000e+00,0.000000000000000000e+00,0.000000000000000000e+00,0.000000000000000000e+00,0.000000000000000000e+00,0.000000000000000000e+00,3.172916443435353558e-03,9.369248044696522467e-04,1.331996706443875408e-03,7.403234233894992477e-05,1.494891270523065899e-03,2.076346521680909590e-03,3.042421270908147058e-03,3.951628483186014201e-03,0.000000000000000000e+00,0.000000000000000000e+00,0.000000000000000000e+00,0.000000000000000000e+00,0.000000000000000000e+00,0.000000000000000000e+00,0.000000000000000000e+00,0.000000000000000000e+00,0.000000000000000000e+00,0.000000000000000000e+00,0.000000000000000000e+00,0.000000000000000000e+00,0.000000000000000000e+00,0.000000000000000000e+00,0.000000000000000000e+00,0.000000000000000000e+00,3.502388930051863591e-03,0.000000000000000000e+00,2.826290433263219971e-03,9.604343212354353064e-04,0.000000000000000000e+00,0.000000000000000000e+00,0.000000000000000000e+00,0.000000000000000000e+00,0.000000000000000000e+00,0.000000000000000000e+00,0.000000000000000000e+00,0.000000000000000000e+00,0.000000000000000000e+00,0.000000000000000000e+00,0.000000000000000000e+00,0.000000000000000000e+00,0.000000000000000000e+00,0.000000000000000000e+00,0.000000000000000000e+00,0.000000000000000000e+00,0.000000000000000000e+00,8.944856590116603381e-06,0.000000000000000000e+00,0.000000000000000000e+00,6.494116691800002781e-04,1.090302925672304458e-03,1.515953309429617568e-03,0.000000000000000000e+00,0.000000000000000000e+00,0.000000000000000000e+00,0.000000000000000000e+00,0.000000000000000000e+00,0.000000000000000000e+00,0.000000000000000000e+00,5.909515734325667850e-05,1.713701038520506917e-04,2.532292900809531250e-04,2.812624940640442929e-04,2.468168558742874202e-04,1.578371039362505839e-04,3.548220910756283880e-05,0.000000000000000000e+00,0.000000000000000000e+00,0.000000000000000000e+00,6.130307423695437446e-04,1.118805805309742128e-03,1.442107884624107888e-03,1.542013270129259954e-03,1.415053057640645612e-03,1.100336304600419042e-03,6.751232357133526117e-04,2.415262253998817473e-04,0.000000000000000000e+00,0.000000000000000000e+00,0.000000000000000000e+00,2.633955795241368848e-04,8.899956763075451017e-04,1.687820039249896117e-03,2.557700050647087643e-03,3.391879654589168014e-03,4.095867788393352769e-03,0.000000000000000000e+00,0.000000000000000000e+00,0.000000000000000000e+00,0.000000000000000000e+00,0.000000000000000000e+00,0.000000000000000000e+00,0.000000000000000000e+00,0.000000000000000000e+00,3.137288427356495907e-04,7.974720549731827146e-04,1.293336763360995473e-03,0.000000000000000000e+00,0.000000000000000000e+00,0.000000000000000000e+00,0.000000000000000000e+00,0.000000000000000000e+00,1.817852216679765448e-04,6.077911833372786222e-04,7.512337619141410674e-04,6.012776944921610417e-04,1.852808179385885112e-04,0.000000000000000000e+00,1.382114479881176939e-04,5.565178369292046213e-04,8.628251879040443276e-04,1.078238449044935810e-03,1.234598875684444824e-03,1.364950587878230228e-03,1.496829686468651973e-03,1.648969441724284449e-03,1.830246686563232481e-03,2.039052481491267829e-03,2.262071470538406029e-03,2.473160721505524452e-03,2.634384709621245477e-03,2.701143641687203840e-03,2.631504094314957107e-03,2.397327101025005080e-03,1.993145914751339332e-03,1.439141540729810655e-03,7.768983011942992524e-04,5.961157251839564308e-05,0.000000000000000000e+00,0.000000000000000000e+00,0.000000000000000000e+00,0.000000000000000000e+00,0.000000000000000000e+00,0.000000000000000000e+00,0.000000000000000000e+00,0.000000000000000000e+00,0.000000000000000000e+00,0.000000000000000000e+00,0.000000000000000000e+00,0.000000000000000000e+00,0.000000000000000000e+00,0.000000000000000000e+00,0.000000000000000000e+00,1.747193252921983989e-06,3.642679809180352619e-04,1.139821155892272028e-03,1.753723897771474784e-03,2.135934624602646870e-03,2.228133843213723000e-03,1.999878668586826166e-03,1.463132606221606785e-03,6.800336464278089856e-04,7.964198859120865618e-05,4.572717456411142754e-05,4.720985353829907537e-06,0.000000000000000000e+00,0.000000000000000000e+00,0.000000000000000000e+00,0.000000000000000000e+00,0.000000000000000000e+00,6.008054955185717499e-04,1.747258609944213857e-03,2.793699528020041935e-03,3.652949121737564860e-03,4.285461879406984691e-03,4.700439884441563222e-03,4.945317868057770051e-03,5.086357439189228072e-03,5.185714447220343346e-03,5.281624381774280980e-03,5.377486555769132003e-03,5.442770544812986812e-03,5.424799063874610576e-03,5.267143411825744685e-03,4.928801451826876276e-03,4.398843632826412303e-03,3.703180718872487072e-03,2.902480694047688495e-03,2.082237373311942360e-03,2.600297115950111169e-03,3.080735163700836117e-03,3.395944408794842728e-03,3.497680904426691498e-03,3.359237818813401357e-03,2.986506548984464108e-03,2.422349679145180488e-03,1.742538080220644003e-03,1.520670389012510580e-03,1.540343602415896037e-03,1.336196724473051644e-03,9.008046555354299245e-04,2.530776622247801018e-04,0.000000000000000000e+00,1.522268885842454527e-04,4.327255928269417942e-04,6.321667046426946487e-04,6.849752982350116584e-04,5.652833925526785973e-04,2.889183167260269574e-04,0.000000000000000000e+00,0.000000000000000000e+00,0.000000000000000000e+00,0.000000000000000000e+00,0.000000000000000000e+00,0.000000000000000000e+00,0.000000000000000000e+00,0.000000000000000000e+00,0.000000000000000000e+00,0.000000000000000000e+00,0.000000000000000000e+00,0.000000000000000000e+00,0.000000000000000000e+00,0.000000000000000000e+00,0.000000000000000000e+00,0.000000000000000000e+00,0.000000000000000000e+00,0.000000000000000000e+00,0.000000000000000000e+00,2.986685999652006021e-04,9.379124165641721010e-04,1.525238014907674862e-03,2.026084175027080114e-03,2.414170837288618851e-03,2.668881396179369377e-03,2.774071107756702782e-03,2.720566158868461572e-03,2.511753562693972829e-03,3.583796546584775474e-03,0.000000000000000000e+00,0.000000000000000000e+00,0.000000000000000000e+00,0.000000000000000000e+00,4.340419078386520456e-04,0.000000000000000000e+00,0.000000000000000000e+00,0.000000000000000000e+00,0.000000000000000000e+00,0.000000000000000000e+00,0.000000000000000000e+00,0.000000000000000000e+00,0.000000000000000000e+00,0.000000000000000000e+00,0.000000000000000000e+00,0.000000000000000000e+00,0.000000000000000000e+00,0.000000000000000000e+00,0.000000000000000000e+00,0.000000000000000000e+00,0.000000000000000000e+00,0.000000000000000000e+00,0.000000000000000000e+00,0.000000000000000000e+00,0.000000000000000000e+00,0.000000000000000000e+00,0.000000000000000000e+00,1.058249518082146883e-03,0.000000000000000000e+00,0.000000000000000000e+00,0.000000000000000000e+00
4.667652602138401788e-08,1.922704066938144224e-04,6.395489982510140599e-04,1.364379027473055063e-03,2.343403932759839832e-03,0.000000000000000000e+00,0.000000000000000000e+00,0.000000000000000000e+00,0.000000000000000000e+00,0.000000000000000000e+00,0.000000000000000000e+00,0.000000000000000000e+00,0.000000000000000000e+00,0.000000000000000000e+00,0.000000000000000000e+00,0.000000000000000000e+00,0.000000000000000000e+00,1.772970947482582505e-05,6.779461850783291988e-04,1.535020033344165541e-03,7.395703071388170331e-04,1.140011871640283191e-03,1.393179117478183463e-03,1.492015581190913069e-03,1.435436072567441643e-03,1.235180276285677498e-03,9.221695876969992741e-04,5.486291104592813921e-04,1.828513520470768895e-04,1.062369158592060612e-05,1.203620118163065703e-04,3.819422838465418892e-04,9.273529763643838675e-04,1.223268999705627753e-03,1.241117873097589150e-03,1.005491532703397953e-03,8.478689672972082548e-04,9.687160457688229762e-04,1.086700153298026956e-03,2.286204853844777882e-03,0.000000000000000000e+00,0.000000000000000000e+00,0.000000000000000000e+00,0.000000000000000000e+00,0.000000000000000000e+00,0.000000000000000000e+00,0.000000000000000000e+00,0.000000000000000000e+00,0.000000000000000000e+00,4.459577989916880099e-05,7.215313890471153520e-04,1.134809219636233324e-03,1.236916537547270165e-03,1.032379720914040639e-03,5.767326378259549687e-04,0.000000000000000000e+00,0.000000000000000000e+00,0.000000000000000000e+00,0.000000000000000000e+00,0.000000000000000000e+00,8.215257892834622972e-04,1.624719128135465075e-03,2.158142138001374263e-03,2.319366390526391396e-03,2.068898795843199939e-03,1.443171245306758667e-03,1.914849434172798777e-03,2.516343797709165962e-03,2.930749269138911966e-03,3.124605213837888286e-03,3.090485952865524785e-03,2.847184728239516866e-03,2.436854633878985342e-03,1.919621879081348124e-03,1.366054417970979451e-03,8.479727589754239639e-04,4.286768418359880313e-04,1.544098155153269993e-04,4.906449796747157545e-05,1.133350212529485231e-04,3.280360838697625632e-04,6.600552657923191386e-04,1.069162257073455425e-03,1.514606788645597333e-03,1.961361447141477497e-03,2.386006861128796720e-03,2.781428460003803563e-03,3.158366515780698224e-03,3.541607013735588189e-03,8.506219120937777564e-04,1.152357752670083498e-03,1.535988491963870533e-03,1.960735516642389369e-03,2.363106831977880486e-03,2.667477449615864634e-03,2.804984765319261039e-03,2.734169107021417605e-03,2.454897861830272233e-03,2.009067091203694568e-03,1.466594587106187769e-03,9.011291687012207155e-04,3.641205736520950679e-04,0.000000000000000000e+00,0.000000000000000000e+00,0.000000000000000000e+00,0.000000000000000000e+00,0.000000000000000000e+00,0.000000000000000000e+00,0.000000000000000000e+00,0.000000000000000000e+00,0.000000000000000000e+00,0.000000000000000000e+00,0.000000000000000000e+00,0.000000000000000000e+00,0.000000000000000000e+00,0.000000000000000000e+00,0.000000000000000000e+00,0.000000000000000000e+00,0.000000000000000000e+00,0.000000000000000000e+00,0.000000000000000000e+00,0.000000000000000000e+00,0.000000000000000000e+00,5.130062996641425975e-03,4.103702183714916143e-05,0.000000000000000000e+00,0.000000000000000000e+00,0.000000000000000000e+00,0.000000000000000000e+00,0.000000000000000000e+00,0.000000000000000000e+00,0.000000000000000000e+00,0.000000000000000000e+00,0.000000000000000000e+00,0.000000000000000000e+00,0.000000000000000000e+00,0.000000000000000000e+00,0.000000000000000000e+00,0.000000000000000000e+00,0.000000000000000000e+00,0.000000000000000000e+00,8.455588947163174707e-04,5.474108103422577242e-04,8.923079773743117530e-04,3.279346065592214101e-04,2.549375305233251968e-04,0.000000000000000000e+00,0.000000000000000000e+00,0.000000000000000000e+00,0.000000000000000000e+00,0.000000000000000000e+00,2.082314319074180312e-03,7.205303477685191457e-03,0.000000000000000000e+00,0.000000000000000000e+00,0.000000000000000000e+00,0.000000000000000000e+00,0.000000000000000000e+00,0.000000000000000000e+00,0.000000000000000000e+00,0.000000000000000000e+00,0.000000000000000000e+00,0.000000000000000000e+00,0.000000000000000000e+00,0.000000000000000000e+00,1.766084512466173026e-04,1.139438812749535854e-03,2.101637967328035331e-03,3.009562776117990536e-03,3.829087790886218177e-03,4.551841193022450500e-03,5.188528702682977320e-03,5.752289022906251388e-03,1.167814590349485100e-02,0.000000000000000000e+00,0.000000000000000000e+00,0.000000000000000000e+00,0.000000000000000000e+00,0.000000000000000000e+00,0.000000000000000000e+00,0.000000000000000000e+00,0.000000000000000000e+00,0.000000000000000000e+00,0.000000000000000000e+00,3.061349666529244225e-03,7.830436107407297763e-04,1.167909792843930660e-03,1.247922698136212302e-03,1.545699901997091156e-03,1.715424584409245938e-03,1.668993880594247820e-03,1.373236056481533978e-03,8.526434632123577276e-04,1.780503682470407347e-04,0.000000000000000000e+00,0.000000000000000000e+00,0.000000000000000000e+00,0.000000000000000000e+00,0.000000000000000000e+00,0.000000000000000000e+00,0.000000000000000000e+00,0.000000000000000000e+00,0.000000000000000000e+00,0.000000000000000000e+00,0.000000000000000000e+00,0.000000000000000000e+00,2.256002902494602170e-04,1.005757408181409815e-03,1.906328122980787115e-03,2.835507361699854227e-03,3.691503465227313329e-03,4.377670762725210420e-03,4.815804942664267743e-03,4.956227286532655790e-03,4.784225029294570698e-03,4.322727102583798393e-03,3.630836375289540029e-03,2.797709513295236830e-03,1.931736844467434868e-03,1.146174277549731699e-03,1.663562080057865442e-03,2.033593354047211459e-03,2.033580949808635498e-03,1.653056237780025674e-03,1.025356114496970335e-03,1.834566625766650451e-03,2.799512651522080304e-03,3.822209542363923761e-03,4.793742628753874628e-03,5.604111631173952675e-03,6.155557594604964960e-03,6.378370970019366440e-03,6.245827325096185885e-03,5.783318608281091261e-03,5.067052987847877124e-03,4.210258931958274151e-03,3.338889080545917858e-03,2.562928494612130240e-03,1.951716073020265006e-03,1.521044424447883783e-03,1.236175960269054975e-03,1.029563514730243937e-03,8.571429663199131230e-03,0.000000000000000000e+00,0.000000000000000000e+00,0.000000000000000000e+00,1.411455096004037772e-04,0.000000000000000000e+00,0.000000000000000000e+00,5.929065909164432404e-06,1.084268209819155967e-03,2.064280906463915582e-03,3.575165392615623113e-03,2.516918459379128854e-03,2.438358816993985330e-03,0.000000000000000000e+00,0.000000000000000000e+00,0.000000000000000000e+00,0.000000000000000000e+00,0.000000000000000000e+00,0.000000000000000000e+00,0.000000000000000000e+00,0.000000000000000000e+00,0.000000000000000000e+00,0.000000000000000000e+00,0.000000000000000000e+00,0.000000000000000000e+00,0.000000000000000000e+00,0.000000000000000000e+00,0.000000000000000000e+00,0.000000000000000000e+00,0.000000000000000000e+00,0.000000000000000000e+00,0.000000000000000000e+00,0.000000000000000000e+00,0.000000000000000000e+00,0.000000000000000000e+00,0.000000000000000000e+00,0.000000000000000000e+00,0.000000000000000000e+00,0.000000000000000000e+00,0.000000000000000000e+00,0.000000000000000000e+00,1.064020342833518025e-03,2.106561937480270780e-03,2.567173234416319973e-03,2.462415876703901666e-03,1.904566550819528558e-03,1.080220904288467032e-03,2.113928639880300166e-04,0.000000000000000000e+00,0.000000000000000000e+00,0.000000000000000000e+00,1.271492207586730218e-05,8.863096347904267673e-04,1.248770835301636411e-03,1.566492394756467590e-03,8.048952776930364504e-04,8.857674676972393133e-04,9.686740798083002570e-04,1.054230588031741757e-03,1.143039196182367000e-03,1.235670420282788950e-03,1.332648395466053647e-03,1.434433898831128816e-03,1.541413802229749802e-03,1.653887634202552605e-03,1.772055972335547826e-03,1.896010433758794781e-03,2.025722971911716238e-03,2.161033085280327642e-03,2.301638342016896956e-03,2.447080032910049167e-03,2.596734531971134959e-03,2.749799934199923836e-03,2.905289046798677048e-03,2.223908386891454338e-03,1.965167542428749355e-03,1.592278553141151295e-03,1.151438147170471627e-03,7.217595321062718989e-04,3.978862805176741580e-04,2.651075353084877441e-04,3.733792621560932381e-04,7.188210857936305764e-04,1.239795737362757140e-03,1.829852440762909328e-03,2.363751976691932065e-03,2.728376218636679312e-03,1.157672601576200310e-03,1.509177022510088846e-03,1.935120955894179592e-03,2.381794598570025588e-03,2.784503415952968488e-03,0.000000000000000000e+00,0.000000000000000000e+00,0.000000000000000000e+00,0.000000000000000000e+00,0.000000000000000000e+00,0.000000000000000000e+00,0.000000000000000000e+00,0.000000000000000000e+00,0.000000000000000000e+00,0.000000000000000000e+00,0.000000000000000000e+00,0.000000000000000000e+00,6.080082008378359692e-05,2.959501582765618438e-04,3.291644187847145211e-03,0.000000000000000000e+00,0.000000000000000000e+00,0.000000000000000000e+00,0.000000000000000000e+00,0.000000000000000000e+00,0.000000000000000000e+00,0.000000000000000000e+00,0.000000000000000000e+00,0.000000000000000000e+00,0.000000000000000000e+00,0.000000000000000000e+00,0.000000000000000000e+00,0.000000000000000000e+00,0.000000000000000000e+00,0.000000000000000000e+00,0.000000000000000000e+00,0.000000000000000000e+00,0.000000000000000000e+00,0.000000000000000000e+00,0.000000000000000000e+00,0.000000000000000000e+00,0.000000000000000000e+00,0.000000000000000000e+00,0.000000000000000000e+00,0.000000000000000000e+00,0.000000000000000000e+00,0.000000000000000000e+00,0.000000000000000000e+00,0.000000000000000000e+00,0.000000000000000000e+00,0.000000000000000000e+00,0.000000000000000000e+00,0.000000000000000000e+00,0.000000000000000000e+00,0.000000000000000000e+00,0.000000000000000000e+00,0.000000000000000000e+00,0.000000000000000000e+00,0.000000000000000000e+00,0.000000000000000000e+00,0.000000000000000000e+00,0.000000000000000000e+00,0.000000000000000000e+00,0.000000000000000000e+00,0.000000000000000000e+00,0.000000000000000000e+00,0.000000000000000000e+00,0.000000000000000000e+00,0.000000000000000000e+00,0.000000000000000000e+00,0.000000000000000000e+00
4.450170129127948095e-08,2.382224770629629560e-04,2.219807976813668545e-04,6.430006387153016940e-04,5.528070188320285960e-04,6.717717848142915060e-04,0.000000000000000000e+00,0.000000000000000000e+00,0.000000000000000000e+00,0.000000000000000000e+00,0.000000000000000000e+00,0.000000000000000000e+00,0.000000000000000000e+00,0.000000000000000000e+00,0.000000000000000000e+00,0.000000000000000000e+00,0.000000000000000000e+00,0.000000000000000000e+00,0.000000000000000000e+00,0.000000000000000000e+00,0.000000000000000000e+00,6.032361517379286955e-04,1.431447157535086293e-03,2.064899565361579849e-03,2.456490458561786609e-03,2.585643758293339894e-03,2.463042192559735440e-03,2.348939848039380881e-03,2.871169931947690698e-03,3.275842709527127753e-03,3.550014232025409076e-03,3.696032349882443033e-03,3.728164680270293178e-03,3.666280471249555063e-03,3.529371234739469513e-03,0.000000000000000000e+00,0.000000000000000000e+00,0.000000000000000000e+00,0.000000000000000000e+00,5.470165056902633136e-04,1.095017032650548276e-03,1.404563982436546560e-03,1.625809677424029610e-03,2.073314432393558171e-03,1.636635464476225059e-03,2.487713100862609834e-03,0.000000000000000000e+00,0.000000000000000000e+00,0.000000000000000000e+00,0.000000000000000000e+00,0.000000000000000000e+00,0.000000000000000000e+00,0.000000000000000000e+00,0.000000000000000000e+00,0.000000000000000000e+00,2.541757029133012800e-04,6.665159307792774485e-04,9.387917462747125087e-04,1.075886660272903916e-03,1.108745190781165561e-03,1.084853368350234201e-03,1.055917638583713436e-03,1.066596988821813877e-03,1.146945489822877480e-03,1.309324595433471574e-03,1.548881762937775238e-03,1.845889205500121340e-03,2.168519202413040151e-03,2.475599395583030944e-03,2.719933593765138519e-03,2.853174251192159509e-03,2.832771494193124778e-03,2.875805972485966696e-03,3.078964509891089860e-03,3.122683202294941444e-03,3.076207903760404695e-03,3.009316419669384474e-03,2.981961384771400058e-03,3.035643233172944256e-03,3.187647522001605619e-03,3.429286241316270058e-03,4.836750646709226005e-03,0.000000000000000000e+00,0.000000000000000000e+00,0.000000000000000000e+00,0.000000000000000000e+00,0.000000000000000000e+00,0.000000000000000000e+00,2.469166128778723323e-04,1.244600547303794736e-03,2.044898443961813781e-03,2.565667080801709281e-03,2.768538846805052370e-03,2.672811126100236353e-03,1.057209620809824047e-03,1.571345961393144706e-04,0.000000000000000000e+00,0.000000000000000000e+00,0.000000000000000000e+00,0.000000000000000000e+00,0.000000000000000000e+00,0.000000000000000000e+00,0.000000000000000000e+00,0.000000000000000000e+00,0.000000000000000000e+00,0.000000000000000000e+00,0.000000000000000000e+00,0.000000000000000000e+00,0.000000000000000000e+00,0.000000000000000000e+00,0.000000000000000000e+00,0.000000000000000000e+00,0.000000000000000000e+00,0.000000000000000000e+00,0.000000000000000000e+00,0.000000000000000000e+00,0.000000000000000000e+00,0.000000000000000000e+00,0.000000000000000000e+00,0.000000000000000000e+00,0.000000000000000000e+00,0.000000000000000000e+00,0.000000000000000000e+00,0.000000000000000000e+00,0.000000000000000000e+00,0.000000000000000000e+00,0.000000000000000000e+00,0.000000000000000000e+00,0.000000000000000000e+00,0.000000000000000000e+00,2.121074647970623150e-07,2.204130600652917215e-04,4.036127152042681752e-04,5.181434286661105179e-04,5.281872882534122994e-04,4.068708597617128183e-04,1.500400418805081151e-04,0.000000000000000000e+00,0.000000000000000000e+00,0.000000000000000000e+00,0.000000000000000000e+00,0.000000000000000000e+00,0.000000000000000000e+00,7.336354392960677895e-04,2.577100693281771972e-03,4.298049105312368168e-03,5.778351171689647021e-03,6.941668321013368462e-03,7.752941044991328544e-03,8.211252504759354587e-03,8.340911538363204175e-03,8.184044632814449841e-03,7.795655404180698751e-03,7.240229177540436281e-03,6.588219419669134706e-03,5.910955401206658029e-03,5.273350551122753770e-03,4.724982477463444616e-03,4.291452453782865738e-03,3.969009920958433552e-03,3.725493280395280205e-03,3.509163917753076265e-03,3.264118263046572252e-03,2.947810227423005268e-03,2.544490029776202283e-03,2.069309359132727108e-03,1.561417689211553337e-03,1.069029435271878423e-03,1.351906807105165628e-03,1.890002892358256734e-03,2.129487907124780026e-03,2.032994951681662936e-03,1.603496782906580539e-03,8.828806574671426355e-04,0.000000000000000000e+00,0.000000000000000000e+00,0.000000000000000000e+00,0.000000000000000000e+00,0.000000000000000000e+00,0.000000000000000000e+00,0.000000000000000000e+00,0.000000000000000000e+00,0.000000000000000000e+00,0.000000000000000000e+00,0.000000000000000000e+00,0.000000000000000000e+00,0.000000000000000000e+00,0.000000000000000000e+00,0.000000000000000000e+00,0.000000000000000000e+00,0.000000000000000000e+00,0.000000000000000000e+00,0.000000000000000000e+00,0.000000000000000000e+00,0.000000000000000000e+00,0.000000000000000000e+00,0.000000000000000000e+00,0.000000000000000000e+00,0.000000000000000000e+00,0.000000000000000000e+00,0.000000000000000000e+00,0.000000000000000000e+00,0.000000000000000000e+00,0.000000000000000000e+00,0.000000000000000000e+00,0.000000000000000000e+00,0.000000000000000000e+00,0.000000000000000000e+00,0.000000000000000000e+00,0.000000000000000000e+00,0.000000000000000000e+00,0.000000000000000000e+00,5.125738250495463690e-04,1.607945367370519586e-03,0.000000000000000000e+00,0.000000000000000000e+00,0.000000000000000000e+00,0.000000000000000000e+00,0.000000000000000000e+00,0.000000000000000000e+00,0.000000000000000000e+00,0.000000000000000000e+00,0.000000000000000000e+00,0.000000000000000000e+00,0.000000000000000000e+00,0.000000000000000000e+00,0.000000000000000000e+00,0.000000000000000000e+00,0.000000000000000000e+00,0.000000000000000000e+00,0.000000000000000000e+00,2.278571683637872238e-04,4.495151659977331322e-04,4.681321469022816360e-04,3.449374572587531268e-04,1.572589632696697764e-04,3.574297671902841567e-04,6.136226612470655406e-04,3.650541328829990349e-03,0.000000000000000000e+00,0.000000000000000000e+00,0.000000000000000000e+00,0.000000000000000000e+00,0.000000000000000000e+00,0.000000000000000000e+00,0.000000000000000000e+00,0.000000000000000000e+00,0.000000000000000000e+00,0.000000000000000000e+00,0.000000000000000000e+00,0.000000000000000000e+00,0.000000000000000000e+00,0.000000000000000000e+00,0.000000000000000000e+00,0.000000000000000000e+00,0.000000000000000000e+00,0.000000000000000000e+00,0.000000000000000000e+00,0.000000000000000000e+00,0.000000000000000000e+00,0.000000000000000000e+00,0.000000000000000000e+00,0.000000000000000000e+00,0.000000000000000000e+00,0.000000000000000000e+00,0.000000000000000000e+00,0.000000000000000000e+00,0.000000000000000000e+00,0.000000000000000000e+00,0.000000000000000000e+00,0.000000000000000000e+00,0.000000000000000000e+00,0.000000000000000000e+00,0.000000000000000000e+00,0.000000000000000000e+00,0.000000000000000000e+00,0.000000000000000000e+00,0.000000000000000000e+00,0.000000000000000000e+00,1.980244513136979884e-04,3.821507745351975806e-04,5.509754194917070936e-04,7.041911779098363388e-04,1.581231424124724923e-03,2.610453856011992618e-03,0.000000000000000000e+00,0.000000000000000000e+00,0.000000000000000000e+00,1.011488217716042436e-04,5.760130818125766810e-04,9.803812198458145173e-04,1.279578604868166804e-03,1.462675400744421891e-03,1.540814450875049478e-03,1.538724149604688441e-03,1.483197903460422261e-03,1.393022084078906651e-03,1.273601259807184303e-03,1.117201574978931829e-03,9.076215078029968662e-04,6.270745275152414836e-04,2.631823790705140617e-04,0.000000000000000000e+00,0.000000000000000000e+00,0.000000000000000000e+00,0.000000000000000000e+00,0.000000000000000000e+00,0.000000000000000000e+00,0.000000000000000000e+00,0.000000000000000000e+00,0.000000000000000000e+00,0.000000000000000000e+00,0.000000000000000000e+00,7.873807745303023752e-04,1.686999220918910776e-03,2.585043448244027375e-03,3.366706716639215977e-03,3.919078606236836224e-03,4.152160233806431039e-03,4.014858658875051362e-03,3.503222092693429168e-03,2.660620045425789691e-03,1.571069208958116676e-03,3.472238114698494513e-04,0.000000000000000000e+00,0.000000000000000000e+00,0.000000000000000000e+00,0.000000000000000000e+00,0.000000000000000000e+00,0.000000000000000000e+00,0.000000000000000000e+00,0.000000000000000000e+00,0.000000000000000000e+00,0.000000000000000000e+00,0.000000000000000000e+00,0.000000000000000000e+00,0.000000000000000000e+00,0.000000000000000000e+00,0.000000000000000000e+00,8.751934737046000625e-05,6.773099393033919736e-04,1.201465474041366575e-03,1.599171861250703059e-03,1.821573224138572445e-03,1.838747364756732148e-03,1.642019283920911508e-03,1.356925521737816507e-03,8.883421130391871414e-04,2.571986846984208853e-04,0.000000000000000000e+00,0.000000000000000000e+00,0.000000000000000000e+00,0.000000000000000000e+00,0.000000000000000000e+00,0.000000000000000000e+00,0.000000000000000000e+00,0.000000000000000000e+00,0.000000000000000000e+00,0.000000000000000000e+00,0.000000000000000000e+00,0.000000000000000000e+00,1.260780246490254776e-04,9.576799252081096871e-04,1.718933430411154380e-03,2.390652706033100528e-03,2.971049137684074557e-03,3.469825549534295405e-03,3.901613347418722653e-03,4.280791259994060939e-03,4.618080298779775328e-03,4.918057054075687488e-03,9.859805542262274278e-04,1.043737905833069888e-03,1.017362542568508305e-03,8.805829765007914482e-04,6.461345406210894848e-04,3.714085665049540502e-04,1.497539982322277003e-04,8.896175664473292993e-05,2.822777812804919562e-04,7.798404844249620183e-04,1.569043974303479909e-03,2.570669853858574376e-03,0.000000000000000000e+00,0.000000000000000000e+00,0.000000000000000000e+00,0.000000000000000000e+00,0.000000000000000000e+00,0.000000000000000000e+00,0.000000000000000000e+00,0.000000000000000000e+00,0.000000000000000000e+00,0.000000000000000000e+00,0.000000000000000000e+00,0.000000000000000000e+00,0.000000000000000000e+00,0.000000000000000000e+00,0.000000000000000000e+00,0.000000000000000000e+00,0.000000000000000000e+00
1.189862486026213956e-07,8.884321066458603089e-04,0.000000000000000000e+00,0.000000000000000000e+00,0.000000000000000000e+00,0.000000000000000000e+00,0.000000000000000000e+00,0.000000000000000000e+00,0.000000000000000000e+00,0.000000000000000000e+00,0.000000000000000000e+00,0.000000000000000000e+00,0.000000000000000000e+00,0.000000000000000000e+00,0.000000000000000000e+00,0.000000000000000000e+00,0.000000000000000000e+00,0.000000000000000000e+00,0.000000000000000000e+00,0.000000000000000000e+00,0.000000000000000000e+00,0.000000000000000000e+00,0.000000000000000000e+00,0.000000000000000000e+00,0.000000000000000000e+00,0.000000000000000000e+00,2.688680728858883120e-04,1.069946349664750718e-03,1.636699709098026530e-03,1.999224596134192757e-03,2.225453603740143449e-03,2.630363047553898031e-03,0.000000000000000000e+00,0.000000000000000000e+00,0.000000000000000000e+00,0.000000000000000000e+00,0.000000000000000000e+00,0.000000000000000000e+00,0.000000000000000000e+00,0.000000000000000000e+00,0.000000000000000000e+00,0.000000000000000000e+00,0.000000000000000000e+00,0.000000000000000000e+00,0.000000000000000000e+00,0.000000000000000000e+00,0.000000000000000000e+00,0.000000000000000000e+00,0.000000000000000000e+00,0.000000000000000000e+00,0.000000000000000000e+00,0.000000000000000000e+00,0.000000000000000000e+00,0.000000000000000000e+00,0.000000000000000000e+00,0.000000000000000000e+00,0.000000000000000000e+00,0.000000000000000000e+00,0.000000000000000000e+00,0.000000000000000000e+00,0.000000000000000000e+00,0.000000000000000000e+00,0.000000000000000000e+00,0.000000000000000000e+00,0.000000000000000000e+00,0.000000000000000000e+00,0.000000000000000000e+00,0.000000000000000000e+00,0.000000000000000000e+00,0.000000000000000000e+00,0.000000000000000000e+00,0.000000000000000000e+00,0.000000000000000000e+00,0.000000000000000000e+00,0.000000000000000000e+00,0.000000000000000000e+00,7.020642339291473071e-03,6.409725026149376949e-04,3.537103747938928340e-04,5.293521996086819831e-04,8.554148404743263994e-04,1.329266123734528654e-03,1.923620863454491734e-03,2.023468351281076331e-03,2.531199336533082253e-03,2.967702849933305173e-03,3.271207177352605192e-03,3.401700729687670652e-03,3.346724564248585929e-03,3.120089347431945562e-03,2.945166118217009462e-03,2.633771845933204157e-03,2.156715765143412625e-03,1.589890639311313360e-03,1.016194048059460486e-03,5.176314155113813289e-04,1.644158425586921446e-04,2.453746503913796646e-06,4.265174381581340792e-05,2.563132594422134103e-04,5.798036696747958059e-04,9.287365372848087591e-04,1.218312740685209821e-03,1.383825502741999058e-03,1.395019804273918895e-03,1.260317982480699392e-03,1.020784210435160891e-03,7.373763777609535766e-04,4.767801499032659602e-04,3.002986557111319882e-04,2.575134516591847831e-04,3.833743241114377946e-04,6.957559977268327339e-04,1.191205508955601924e-03,1.839128804171574804e-03,2.577442864303671269e-03,3.313952451325818081e-03,3.936418325188164279e-03,4.330917172940947253e-03,4.404266373023891720e-03,4.103929797808164234e-03,3.429124185861475490e-03,2.429696361948095046e-03,1.193549319952811986e-03,0.000000000000000000e+00,0.000000000000000000e+00,0.000000000000000000e+00,0.000000000000000000e+00,0.000000000000000000e+00,6.994493619759661190e-05,1.930616030942026030e-04,2.989877778297609571e-04,3.868707489010292312e-04,4.561554072986202042e-04,5.065853817450490263e-04,5.381973497628666971e-04,5.513129883723774140e-04,5.465199923579102314e-04,5.246548661027758105e-04,4.867749482043768716e-04,4.341318215009501999e-04,3.681382749611270054e-04,2.903362885961607832e-04,2.023618836132558296e-04,1.059111947521060125e-04,2.707519759902249450e-06,0.000000000000000000e+00,0.000000000000000000e+00,0.000000000000000000e+00,0.000000000000000000e+00,2.869397896958471783e-04,5.938085435337396405e-04,8.234114070755496140e-04,9.392947997572424421e-04,9.100978550453051865e-04,7.144336830050306746e-04,3.478454293421471221e-04,0.000000000000000000e+00,0.000000000000000000e+00,0.000000000000000000e+00,0.000000000000000000e+00,0.000000000000000000e+00,0.000000000000000000e+00,0.000000000000000000e+00,0.000000000000000000e+00,0.000000000000000000e+00,0.000000000000000000e+00,1.824217054485604010e-04,7.991055711187353529e-04,1.173987881399194333e-03,1.235879936866155892e-03,9.555722639138313455e-04,3.474907900448926204e-04,0.000000000000000000e+00,0.000000000000000000e+00,0.000000000000000000e+00,0.000000000000000000e+00,4.001425279294196815e-05,2.660969079748408839e-04,8.978480655808855843e-04,1.547306082583888541e-03,2.173865331754346736e-03,2.721994686995146684e-03,3.131024561822791027e-03,3.346256560957164543e-03,3.329613651254842085e-03,7.183619613464211316e-03,0.000000000000000000e+00,3.584207046513383918e-04,1.315133458154299235e-03,0.000000000000000000e+00,0.000000000000000000e+00,0.000000000000000000e+00,0.000000000000000000e+00,0.000000000000000000e+00,0.000000000000000000e+00,0.000000000000000000e+00,0.000000000000000000e+00,0.000000000000000000e+00,0.000000000000000000e+00,0.000000000000000000e+00,0.000000000000000000e+00,0.000000000000000000e+00,5.597458307243244823e-05,0.000000000000000000e+00,0.000000000000000000e+00,0.000000000000000000e+00,0.000000000000000000e+00,0.000000000000000000e+00,0.000000000000000000e+00,0.000000000000000000e+00,0.000000000000000000e+00,0.000000000000000000e+00,0.000000000000000000e+00,2.163138428799015172e-03,0.000000000000000000e+00,0.000000000000000000e+00,0.000000000000000000e+00,0.000000000000000000e+00,0.000000000000000000e+00,0.000000000000000000e+00,0.000000000000000000e+00,0.000000000000000000e+00,0.000000000000000000e+00,0.000000000000000000e+00,0.000000000000000000e+00,0.000000000000000000e+00,0.000000000000000000e+00,0.000000000000000000e+00,0.000000000000000000e+00,0.000000000000000000e+00,0.000000000000000000e+00,0.000000000000000000e+00,0.000000000000000000e+00,0.000000000000000000e+00,0.000000000000000000e+00,0.000000000000000000e+00,0.000000000000000000e+00,0.000000000000000000e+00,0.000000000000000000e+00,0.000000000000000000e+00,1.602337191430133637e-04,6.344591668485980666e-04,1.048381511433085908e-03,1.458484650427636789e-03,1.906068645268383559e-03,2.401831992378855845e-03,2.921813685124837606e-03,3.417041434838202340e-03,0.000000000000000000e+00,0.000000000000000000e+00,0.000000000000000000e+00,0.000000000000000000e+00,0.000000000000000000e+00,0.000000000000000000e+00,0.000000000000000000e+00,0.000000000000000000e+00,0.000000000000000000e+00,0.000000000000000000e+00,0.000000000000000000e+00,0.000000000000000000e+00,0.000000000000000000e+00,0.000000000000000000e+00,0.000000000000000000e+00,0.000000000000000000e+00,0.000000000000000000e+00,0.000000000000000000e+00,0.000000000000000000e+00,0.000000000000000000e+00,0.000000000000000000e+00,0.000000000000000000e+00,0.000000000000000000e+00,0.000000000000000000e+00,0.000000000000000000e+00,0.000000000000000000e+00,0.000000000000000000e+00,2.921488048324200840e-03,0.000000000000000000e+00,0.000000000000000000e+00,0.000000000000000000e+00,0.000000000000000000e+00,0.000000000000000000e+00,0.000000000000000000e+00,0.000000000000000000e+00,0.000000000000000000e+00,0.000000000000000000e+00,0.000000000000000000e+00,0.000000000000000000e+00,0.000000000000000000e+00,0.000000000000000000e+00,0.000000000000000000e+00,0.000000000000000000e+00,0.000000000000000000e+00,0.000000000000000000e+00,0.000000000000000000e+00,0.000000000000000000e+00,0.000000000000000000e+00,0.000000000000000000e+00,0.000000000000000000e+00,0.000000000000000000e+00,2.532243740913010951e-04,8.514177202940537148e-03,4.020531998999142022e-04,4.675672865040874401e-04,5.255177450376873364e-04,5.746027139825210127e-04,6.134953602269036790e-04,0.000000000000000000e+00,0.000000000000000000e+00,0.000000000000000000e+00,7.560613216959105078e-04,1.711013215084346978e-03,2.463373460723351869e-03,3.004445722440165535e-03,3.335053022904497025e-03,3.460616226678338118e-03,5.587371051164641798e-03,0.000000000000000000e+00,0.000000000000000000e+00,0.000000000000000000e+00,6.107129802493257379e-04,1.972849931584504894e-03,3.044851716118698523e-03,3.922402073952001821e-03,2.917819391547196457e-03,2.569710821898475283e-03,2.040457605319423353e-03,1.391917181047465108e-03,6.835578305464086674e-04,0.000000000000000000e+00,0.000000000000000000e+00,0.000000000000000000e+00,0.000000000000000000e+00,0.000000000000000000e+00,0.000000000000000000e+00,0.000000000000000000e+00,0.000000000000000000e+00,0.000000000000000000e+00,4.936133691952676247e-03,1.320773416291437649e-03,0.000000000000000000e+00,0.000000000000000000e+00,0.000000000000000000e+00,0.000000000000000000e+00,0.000000000000000000e+00,0.000000000000000000e+00,0.000000000000000000e+00,0.000000000000000000e+00,0.000000000000000000e+00,4.441749858806269525e-04,1.289767421902611845e-03,2.286521890669923791e-03,3.367472667514257237e-03,4.439687993008730252e-03,5.401030598425884607e-03,6.162594920802870989e-03,6.670409990198689076e-03,6.919464587996145000e-03,6.955081547202548141e-03,6.860494690465366273e-03,6.733750548709388842e-03,6.660335289036256601e-03,6.689214812586236764e-03,6.818971945804114775e-03,6.997877967842624190e-03,7.137914045867027601e-03,7.139000714009291308e-03,6.916955653206739371e-03,6.427625080674365804e-03,0.000000000000000000e+00,0.000000000000000000e+00,0.000000000000000000e+00,0.000000000000000000e+00,0.000000000000000000e+00,0.000000000000000000e+00,6.645008902181169389e-04,6.639003624482801391e-05,0.000000000000000000e+00,0.000000000000000000e+00,0.000000000000000000e+00,0.000000000000000000e+00,5.665841310252654750e-04,0.000000000000000000e+00,0.000000000000000000e+00,7.745482186480202738e-04,0.000000000000000000e+00,0.000000000000000000e+00,0.000000000000000000e+00,3.954943799340480677e-04,9.548784852527643363e-04,1.576051747178003901e-03,2.223966335771443599e-03,2.865906531950150691e-03,3.476068384165741012e-03,4.036342559658462857e-03,4.533203344618704639e-03,4.952699777385748299e-03,5.276682027553760909e-03,5.482872368300436769e-03,5.549359791873159295e-03
3.102165892685344937e-08,2.597614798908180105e-04,0.000000000000000000e+00,3.142951545210178466e-05,9.083179763117616714e-05,7.962681123590928552e-05,7.472421976745286139e-04,1.235812536316310134e-03,0.000000000000000000e+00,0.000000000000000000e+00,0.000000000000000000e+00,0.000000000000000000e+00,0.000000000000000000e+00,0.000000000000000000e+00,0.000000000000000000e+00,0.000000000000000000e+00,0.000000000000000000e+00,0.000000000000000000e+00,0.000000000000000000e+00,0.000000000000000000e+00,0.000000000000000000e+00,0.000000000000000000e+00,0.000000000000000000e+00,0.000000000000000000e+00,1.865627260919590057e-05,6.681754686151372734e-04,1.503675239866001300e-03,0.000000000000000000e+00,0.000000000000000000e+00,0.000000000000000000e+00,0.000000000000000000e+00,0.000000000000000000e+00,0.000000000000000000e+00,0.000000000000000000e+00,0.000000000000000000e+00,0.000000000000000000e+00,0.000000000000000000e+00,0.000000000000000000e+00,0.000000000000000000e+00,0.000000000000000000e+00,0.000000000000000000e+00,1.322814314717482825e-03,0.000000000000000000e+00,2.651002211178960129e-03,0.000000000000000000e+00,0.000000000000000000e+00,1.495918227716876115e-04,1.050168222710642441e-03,2.086468725292505485e-03,3.147295348208443023e-03,4.121515611176835778e-03,4.910394235933309565e-03,1.953863111217135889e-03,1.511201971916963354e-03,9.228575868817256349e-04,2.542102521211167835e-04,0.000000000000000000e+00,0.000000000000000000e+00,0.000000000000000000e+00,0.000000000000000000e+00,0.000000000000000000e+00,2.658795257335639598e-03,1.246679293378110103e-03,0.000000000000000000e+00,0.000000000000000000e+00,0.000000000000000000e+00,0.000000000000000000e+00,0.000000000000000000e+00,0.000000000000000000e+00,0.000000000000000000e+00,0.000000000000000000e+00,0.000000000000000000e+00,0.000000000000000000e+00,0.000000000000000000e+00,0.000000000000000000e+00,0.000000000000000000e+00,0.000000000000000000e+00,0.000000000000000000e+00,0.000000000000000000e+00,0.000000000000000000e+00,0.000000000000000000e+00,0.000000000000000000e+00,0.000000000000000000e+00,0.000000000000000000e+00,4.546792499695241803e-04,1.010269945573461815e-03,1.275200299735174169e-03,1.206989218765070404e-03,8.193716177752772764e-04,1.769443790796044092e-04,0.000000000000000000e+00,0.000000000000000000e+00,0.000000000000000000e+00,2.093354707982016940e-04,1.097814755671562559e-03,1.913927517808467491e-03,2.600116648436747845e-03,3.102561573484687897e-03,3.377302482962178491e-03,3.396443655367458077e-03,3.152993610768055691e-03,2.663339229087496179e-03,1.967011272452570767e-03,1.123895233039101443e-03,1.294634151836418891e-03,1.229709433306035637e-03,8.773843265967237737e-04,2.510516992547318820e-04,6.119955222934765323e-04,2.698978411817468028e-03,1.937784116139113855e-04,0.000000000000000000e+00,0.000000000000000000e+00,6.486407544040219582e-03,0.000000000000000000e+00,0.000000000000000000e+00,0.000000000000000000e+00,2.107996082415012045e-04,4.732149559118252404e-04,0.000000000000000000e+00,0.000000000000000000e+00,0.000000000000000000e+00,0.000000000000000000e+00,0.000000000000000000e+00,0.000000000000000000e+00,4.261156699692300050e-05,1.608370069559715977e-04,0.000000000000000000e+00,0.000000000000000000e+00,0.000000000000000000e+00,0.000000000000000000e+00,0.000000000000000000e+00,0.000000000000000000e+00,0.000000000000000000e+00,0.000000000000000000e+00,0.000000000000000000e+00,0.000000000000000000e+00,0.000000000000000000e+00,4.770584634051294563e-03,1.209934606914439461e-03,0.000000000000000000e+00,0.000000000000000000e+00,0.000000000000000000e+00,0.000000000000000000e+00,0.000000000000000000e+00,0.000000000000000000e+00,2.068428343899817996e-04,3.498127853816748061e-04,2.787456653799690607e-04,1.198485941902300515e-03,7.276217673066726456e-04,7.960048161123173781e-04,0.000000000000000000e+00,0.000000000000000000e+00,0.000000000000000000e+00,0.000000000000000000e+00,2.219342411845852631e-04,1.171529893435901146e-03,2.116676580903359764e-03,2.923407164875596945e-03,3.475688585257252598e-03,3.694891660538170228e-03,3.553614973847809763e-03,3.081236251412646995e-03,2.359837954868356739e-03,1.510697135081951132e-03,6.731748488973454464e-04,0.000000000000000000e+00,2.325910156742888081e-05,1.625668642564488794e-04,3.059148963787589916e-04,4.050604059523955068e-04,4.169821374528774626e-04,9.129540846998922829e-04,1.387697201785025123e-03,1.735176466882128394e-03,1.919232510873140765e-03,1.929609908674113699e-03,1.772435843616543966e-03,1.461893847550409763e-03,1.017054491545637618e-03,4.641934186536733663e-04,1.147008572468794082e-03,1.968920095877228771e-03,2.767116095494543716e-03,3.447620539856552455e-03,0.000000000000000000e+00,0.000000000000000000e+00,0.000000000000000000e+00,0.000000000000000000e+00,0.000000000000000000e+00,0.000000000000000000e+00,0.000000000000000000e+00,0.000000000000000000e+00,0.000000000000000000e+00,8.687394292618106587e-04,4.751268189276461589e-04,1.773923362644083115e-03,2.375079262165250438e-03,3.553443577061986183e-03,4.737910358502736737e-03,5.797748444551896300e-03,6.615801989694325771e-03,7.109289994084174759e-03,7.241333692590309727e-03,7.021972895238139285e-03,6.500197245374765738e-03,5.750298556070317438e-03,4.856582041680494906e-03,3.900177861444745295e-03,2.950573102423897660e-03,2.062710659810508898e-03,1.278610945513906005e-03,6.310835080564116675e-04,1.468106538209539328e-04,0.000000000000000000e+00,0.000000000000000000e+00,0.000000000000000000e+00,2.655020917622199811e-04,7.957290185648196144e-04,1.297109852829115336e-03,2.092434830948504236e-03,2.991901383681279825e-03,3.943855756852872492e-03,4.875515624924994969e-03,5.693968145094770172e-03,6.297132310205378301e-03,6.593810441602925530e-03,6.526881537290018034e-03,6.090940867798517490e-03,5.337085184781142737e-03,4.362527615642424784e-03,3.288784961859050199e-03,2.236285251497810607e-03,1.303565884486623068e-03,5.561704073680732302e-04,2.589698569680324322e-05,0.000000000000000000e+00,0.000000000000000000e+00,0.000000000000000000e+00,0.000000000000000000e+00,3.892060285391552650e-04,9.392942230814682516e-04,1.598011860070165354e-03,2.322848686097131118e-03,3.047990464794066937e-03,3.684894791160994113e-03,4.133270807445982992e-03,4.301514085724282045e-03,4.130990042406859457e-03,3.615779798257059367e-03,2.810266611005981987e-03,1.821125348773474989e-03,7.859582194257017963e-04,0.000000000000000000e+00,0.000000000000000000e+00,0.000000000000000000e+00,0.000000000000000000e+00,0.000000000000000000e+00,0.000000000000000000e+00,0.000000000000000000e+00,5.235754391023492898e-04,1.302944531752790345e-03,2.071847023981251805e-03,2.790220476297370841e-03,3.433460065080325835e-03,3.990007565048825713e-03,4.457915414308027784e-03,4.841323142834439396e-03,5.147361268420943929e-03,5.383688126710569309e-03,5.556730683557354125e-03,5.670642584536488701e-03,5.726911202809231542e-03,5.724434846252233686e-03,5.659930150646036093e-03,5.528774582109271564e-03,5.326686709915814250e-03,5.052602967005034862e-03,4.712566030577821155e-03,4.323393431776936281e-03,3.914062624625479214e-03,3.522790339576696659e-03,3.189184171110731776e-03,2.943306343537712734e-03,2.795758602820038862e-03,1.583763758808178802e-03,9.828676661225175040e-04,6.375890079492972911e-04,5.301705267430423599e-04,6.296007253682056213e-04,8.908715992336165056e-04,1.250988853363268908e-03,1.626820347562872322e-03,0.000000000000000000e+00,0.000000000000000000e+00,0.000000000000000000e+00,0.000000000000000000e+00,0.000000000000000000e+00,2.205533384135483649e-04,1.215538094901459252e-03,2.134623846112402787e-03,2.846883029301190086e-03,3.269854455626722105e-03,4.409092610014935139e-03,0.000000000000000000e+00,0.000000000000000000e+00,0.000000000000000000e+00,0.000000000000000000e+00,0.000000000000000000e+00,0.000000000000000000e+00,0.000000000000000000e+00,0.000000000000000000e+00,0.000000000000000000e+00,0.000000000000000000e+00,0.000000000000000000e+00,0.000000000000000000e+00,0.000000000000000000e+00,0.000000000000000000e+00,0.000000000000000000e+00,0.000000000000000000e+00,0.000000000000000000e+00,0.000000000000000000e+00,0.000000000000000000e+00,0.000000000000000000e+00,0.000000000000000000e+00,0.000000000000000000e+00,0.000000000000000000e+00,0.000000000000000000e+00,0.000000000000000000e+00,0.000000000000000000e+00,0.000000000000000000e+00,0.000000000000000000e+00,0.000000000000000000e+00,0.000000000000000000e+00,0.000000000000000000e+00,0.000000000000000000e+00,0.000000000000000000e+00,1.680149392322194618e-03,0.000000000000000000e+00,3.050728603422087851e-03,0.000000000000000000e+00,0.000000000000000000e+00,0.000000000000000000e+00,0.000000000000000000e+00,0.000000000000000000e+00,0.000000000000000000e+00,0.000000000000000000e+00,1.049592517803777086e-03,1.503509682143618163e-03,2.684719165006234387e-04,1.144927453399918098e-03,2.052415179463119854e-03,2.888165755850469717e-03,3.560667398865267202e-03,4.007517957039688321e-03,0.000000000000000000e+00,0.000000000000000000e+00,0.000000000000000000e+00,0.000000000000000000e+00,0.000000000000000000e+00,0.000000000000000000e+00,0.000000000000000000e+00,0.000000000000000000e+00,0.000000000000000000e+00,0.000000000000000000e+00,0.000000000000000000e+00,0.000000000000000000e+00,0.000000000000000000e+00,0.000000000000000000e+00,0.000000000000000000e+00,8.230663607441156065e-05,4.570588011614927114e-04,8.801842490774917059e-04,1.323166114213739130e-03,0.000000000000000000e+00,0.000000000000000000e+00,9.167292205825700296e-05,6.608248053131701672e-04,2.501942318014308084e-03,0.000000000000000000e+00,0.000000000000000000e+00,0.000000000000000000e+00,0.000000000000000000e+00,0.000000000000000000e+00,0.000000000000000000e+00,0.000000000000000000e+00,0.000000000000000000e+00,0.000000000000000000e+00,0.000000000000000000e+00,0.000000000000000000e+00,0.000000000000000000e+00,0.000000000000000000e+00,0.000000000000000000e+00,0.000000000000000000e+00,0.000000000000000000e+00,0.000000000000000000e+00,0.000000000000000000e+00,0.000000000000000000e+00,0.000000000000000000e+00
4.513246547874622735e-09,4.952072578049175004e-04,7.470093748404574231e-05,1.269074185422562151e-04,1.888913242042904801e-04,2.602683907772828970e-04,3.404423472366760895e-04,4.286202344868935516e-04,5.238258772358091739e-04,6.249183439968267065e-04,7.306144825279407623e-04,8.395112175968570158e-04,9.501119321903799117e-04,1.060851943712949825e-03,1.170125968542736622e-03,1.276314747788947265e-03,1.377812846748314871e-03,1.473053725919286480e-03,1.560538937701922389e-03,1.638859851814520718e-03,1.803575557952087497e-03,2.583142881255173946e-03,3.284595609792810393e-03,3.837253171362613006e-03,4.173345298082809483e-03,4.242036513444033194e-03,4.023546687592462374e-03,3.538623464557905888e-03,2.849566388128846762e-03,2.051477313277142844e-03,1.647966356220502589e-03,1.566845182732561591e-03,1.474585204117548213e-03,1.462752681557901368e-03,1.714153701675644615e-03,1.825789460499485520e-03,1.778118778155610667e-03,1.564039843626104228e-03,1.212685610716248211e-03,1.687455392126297393e-03,2.158847270376032957e-03,2.630960276161204911e-03,3.110503121996400534e-03,3.594672998748608701e-03,4.063598143126212134e-03,4.480266506010363928e-03,4.798104814283552129e-03,4.973741139004900745e-03,4.980826255521192576e-03,4.820399693749350886e-03,4.524176913539849215e-03,4.149022491305961666e-03,3.763453287960316987e-03,3.429682012379444127e-03,3.186675956038084994e-03,3.039996752503497119e-03,2.962279035687821142e-03,2.904473371762750656e-03,2.813857936936930721e-03,2.652197759985662744e-03,2.407731073943196812e-03,2.097675669094412922e-03,1.762133531962155461e-03,1.453295089525559556e-03,1.224319855147505296e-03,1.120429103641607275e-03,1.172247818249858671e-03,1.390169387095941149e-03,1.759230477431857368e-03,2.235905001625205016e-03,2.749587423544874037e-03,3.211106164966648011e-03,3.528250853993377453e-03,3.625247071949386397e-03,3.460974997156976690e-03,3.040505356018407667e-03,2.416281329990662557e-03,1.678130865642361294e-03,9.342580843389594126e-04,2.875990013535909408e-04,2.328808748669562029e-04,5.468266464720982238e-04,9.039335527230609986e-04,1.263187707023712613e-03,1.574669999093174190e-03,1.787201609217849759e-03,1.858595458214231961e-03,1.767133535395174751e-03,1.521147764514267035e-03,1.162759573803381951e-03,7.627936410768125118e-04,4.066604292103603814e-04,1.744741976413224265e-04,1.212365086996170600e-04,4.052302120183704924e-04,9.740564979697865534e-04,1.444336858267901034e-03,1.723489650517755472e-03,1.895640697647520568e-03,2.241867517899673919e-03,2.477089032293241025e-03,2.600114628289408505e-03,2.626760009788983545e-03,2.579655749155025050e-03,2.480230313858274374e-03,2.345436191638848242e-03,2.189088543432273198e-03,2.025401251681092658e-03,1.871502047409425709e-03,1.746549331207992691e-03,1.667068140404004027e-03,1.640237565166737096e-03,1.658187284357090377e-03,1.696316197204281563e-03,1.717231935905915970e-03,1.679669259204613239e-03,1.549556519813606332e-03,3.624293164665382243e-03,0.000000000000000000e+00,0.000000000000000000e+00,0.000000000000000000e+00,0.000000000000000000e+00,7.546976137693017957e-03,0.000000000000000000e+00,0.000000000000000000e+00,0.000000000000000000e+00,0.000000000000000000e+00,0.000000000000000000e+00,0.000000000000000000e+00,0.000000000000000000e+00,0.000000000000000000e+00,4.550321341953222974e-04,3.373858924145295315e-04,1.159289143940200884e-03,0.000000000000000000e+00,0.000000000000000000e+00,0.000000000000000000e+00,0.000000000000000000e+00,0.000000000000000000e+00,0.000000000000000000e+00,9.614622708382703810e-04,1.956115434415304100e-03,2.782620275931667244e-03,3.342262831588068295e-03,3.574945492893554476e-03,3.465037667193666005e-03,3.037331221316175341e-03,2.347181449252712989e-03,1.469499727837188935e-03,4.893171695332968699e-04,0.000000000000000000e+00,0.000000000000000000e+00,0.000000000000000000e+00,0.000000000000000000e+00,0.000000000000000000e+00,0.000000000000000000e+00,0.000000000000000000e+00,0.000000000000000000e+00,0.000000000000000000e+00,0.000000000000000000e+00,0.000000000000000000e+00,0.000000000000000000e+00,0.000000000000000000e+00,0.000000000000000000e+00,0.000000000000000000e+00,0.000000000000000000e+00,0.000000000000000000e+00,0.000000000000000000e+00,0.000000000000000000e+00,0.000000000000000000e+00,0.000000000000000000e+00,0.000000000000000000e+00,0.000000000000000000e+00,0.000000000000000000e+00,0.000000000000000000e+00,0.000000000000000000e+00,0.000000000000000000e+00,2.773248969980701847e-04,8.906206410281144407e-04,1.496901700416360245e-03,2.119929304005668726e-03,7.159934258154481042e-03,0.000000000000000000e+00,0.000000000000000000e+00,0.000000000000000000e+00,0.000000000000000000e+00,0.000000000000000000e+00,0.000000000000000000e+00,0.000000000000000000e+00,0.000000000000000000e+00,0.000000000000000000e+00,0.000000000000000000e+00,0.000000000000000000e+00,0.000000000000000000e+00,0.000000000000000000e+00,0.000000000000000000e+00,0.000000000000000000e+00,0.000000000000000000e+00,0.000000000000000000e+00,0.000000000000000000e+00,0.000000000000000000e+00,0.000000000000000000e+00,0.000000000000000000e+00,0.000000000000000000e+00,3.343909009172795280e-03,1.628510317853674050e-03,4.759167987008055818e-04,0.000000000000000000e+00,0.000000000000000000e+00,5.654038027749304276e-04,1.328017200307219292e-03,1.786342459082271772e-03,2.257637144015942239e-03,2.589637581205511338e-03,2.758584111299177462e-03,2.754675637000728473e-03,2.582599931955776966e-03,2.258324031949863683e-03,1.803910656760940919e-03,1.243036134261854553e-03,5.991299529050916417e-04,1.038034070536026932e-04,8.392758971874943316e-04,1.100260203797031266e-04,2.329137851099605944e-03,8.446935894919513311e-04,1.179097864912514049e-03,0.000000000000000000e+00,0.000000000000000000e+00,0.000000000000000000e+00,0.000000000000000000e+00,0.000000000000000000e+00,0.000000000000000000e+00,0.000000000000000000e+00,0.000000000000000000e+00,0.000000000000000000e+00,0.000000000000000000e+00,0.000000000000000000e+00,8.441017188592225698e-04,1.841661242835364526e-03,2.500232682551010738e-03,2.774894294650562167e-03,2.881899981965457998e-03,3.241355994904015526e-03,3.396694409198361408e-03,3.344826689608305752e-03,3.106677619818002441e-03,2.725092534358911859e-03,2.261126975289661552e-03,1.788705834312783816e-03,1.386801587282637891e-03,1.128489860460760467e-03,1.067800625709059911e-03,1.227410126267719113e-03,1.591544250539587632e-03,2.107924497317619113e-03,2.699900297313643626e-03,3.286109037224132362e-03,6.333424787607243788e-04,9.628115725859049540e-04,1.346009825267399347e-03,1.774135843182722246e-03,2.246343700067586404e-03,2.759296779134347809e-03,3.296667266075690213e-03,3.824296137612064137e-03,4.294485482472484503e-03,4.658562898612722200e-03,4.882559047926513310e-03,4.958848419851798368e-03,4.908115423811387247e-03,4.770330954416895052e-03,4.588498917455267889e-03,4.392281688614598986e-03,4.188685423754095333e-03,3.963806175267203802e-03,3.694787729987426134e-03,3.366692701408321737e-03,2.986847936907593114e-03,2.590053765129088272e-03,2.231493377214870642e-03,1.968932197119178246e-03,1.840234068757913045e-03,1.844707422671785927e-03,1.936244773938747450e-03,2.032373319976765649e-03,2.037355907022705016e-03,1.871619714260968010e-03,1.496673736886864475e-03,9.259910998999516243e-04,2.178083104443520818e-04,0.000000000000000000e+00,0.000000000000000000e+00,0.000000000000000000e+00,0.000000000000000000e+00,0.000000000000000000e+00,0.000000000000000000e+00,0.000000000000000000e+00,0.000000000000000000e+00,0.000000000000000000e+00,0.000000000000000000e+00,0.000000000000000000e+00,0.000000000000000000e+00,0.000000000000000000e+00,0.000000000000000000e+00,0.000000000000000000e+00,0.000000000000000000e+00,1.155917993285921380e-04,0.000000000000000000e+00,0.000000000000000000e+00,0.000000000000000000e+00,4.477273435998707554e-04,1.082921042431502032e-03,1.422602722526565729e-03,1.450822158449230131e-03,1.418216423756406839e-03,2.151396071308554845e-03,2.729152632966209274e-03,3.086699025861029504e-03,3.195611639689375366e-03,3.066599271808429644e-03,2.744484649061725966e-03,2.296117486765753869e-03,1.793855449101967869e-03,2.527673828077952375e-03,3.443539796228076762e-03,4.273485059202304127e-03,4.919261554052020702e-03,5.300564129565779777e-03,5.368146652790330327e-03,5.113888130446458784e-03,4.574092913799133672e-03,3.823457789457586267e-03,2.959977582046496858e-03,2.084439390771857144e-03,4.020121906388230727e-03,0.000000000000000000e+00,3.750659519239058046e-04,0.000000000000000000e+00,0.000000000000000000e+00,0.000000000000000000e+00,0.000000000000000000e+00,0.000000000000000000e+00,0.000000000000000000e+00,0.000000000000000000e+00,0.000000000000000000e+00,0.000000000000000000e+00,0.000000000000000000e+00,0.000000000000000000e+00,0.000000000000000000e+00,0.000000000000000000e+00,0.000000000000000000e+00,0.000000000000000000e+00,0.000000000000000000e+00,0.000000000000000000e+00,0.000000000000000000e+00,0.000000000000000000e+00,0.000000000000000000e+00,0.000000000000000000e+00,0.000000000000000000e+00,0.000000000000000000e+00,0.000000000000000000e+00,0.000000000000000000e+00,0.000000000000000000e+00,0.000000000000000000e+00,0.000000000000000000e+00,0.000000000000000000e+00,0.000000000000000000e+00,0.000000000000000000e+00,0.000000000000000000e+00,0.000000000000000000e+00,2.727732928633993560e-04,7.775745951350434117e-04,1.260914780875208594e-03,1.647365633602703100e-03,1.869974382071493742e-03,1.884396345135468586e-03,1.677789837647530391e-03,1.270271840743310158e-03,1.063881988722157126e-03,7.919135775594332138e-04,4.558529389723678751e-04,8.656384679073486719e-05,0.000000000000000000e+00,0.000000000000000000e+00,0.000000000000000000e+00,0.000000000000000000e+00,0.000000000000000000e+00,0.000000000000000000e+00,0.000000000000000000e+00,0.000000000000000000e+00,0.000000000000000000e+00,0.000000000000000000e+00,0.000000000000000000e+00,0.000000000000000000e+00,0.000000000000000000e+00,0.000000000000000000e+00,0.000000000000000000e+00,0.000000000000000000e+00,0.000000000000000000e+00
1.397515640757881667e-07,2.975444654420207635e-04,0.000000000000000000e+00,0.000000000000000000e+00,0.000000000000000000e+00,0.000000000000000000e+00,0.000000000000000000e+00,0.000000000000000000e+00,0.000000000000000000e+00,0.000000000000000000e+00,0.000000000000000000e+00,0.000000000000000000e+00,0.000000000000000000e+00,0.000000000000000000e+00,0.000000000000000000e+00,0.000000000000000000e+00,7.465693906067468041e-04,2.148473519736199960e-03,3.412546606690036559e-03,4.501416947150173667e-03,3.422917561861108134e-03,3.067377853588861090e-03,2.622555438127535925e-03,2.129976853212381827e-03,1.621287544313301581e-03,1.123799705194817016e-03,6.651526205592310807e-04,2.747937264544675004e-04,0.000000000000000000e+00,0.000000000000000000e+00,0.000000000000000000e+00,0.000000000000000000e+00,9.478243739595218205e-05,3.948122504929212464e-04,7.320316826165868028e-04,1.059927633300091626e-03,1.341424876820222246e-03,1.557957298842413494e-03,1.713802289729495984e-03,1.833939018168412229e-03,1.955648438904929697e-03,2.115902722754031337e-03,2.337776313998680532e-03,2.619446174682339441e-03,2.929032386820188977e-03,3.207528303751946627e-03,3.380273818705262050e-03,3.374871242136409221e-03,3.140761207948091632e-03,2.664147125445256569e-03,1.972782373505934696e-03,1.128564266281054367e-03,2.106179944206187048e-04,0.000000000000000000e+00,0.000000000000000000e+00,0.000000000000000000e+00,0.000000000000000000e+00,0.000000000000000000e+00,0.000000000000000000e+00,0.000000000000000000e+00,0.000000000000000000e+00,5.977382878950747522e-04,1.514066000766975569e-03,2.435591688804030711e-03,3.313777071527623189e-03,4.087116570907150560e-03,4.686317507692594302e-03,5.043493355807594780e-03,5.104025281864688589e-03,4.839148667253598442e-03,4.256906050482931608e-03,3.408667859924805615e-03,2.388365015971174836e-03,1.322504866840202437e-03,3.513458384748704586e-04,0.000000000000000000e+00,0.000000000000000000e+00,0.000000000000000000e+00,7.124029180583070020e-04,1.534509975734095824e-03,2.190566543388658416e-03,2.609891181029609739e-03,2.758283391237108945e-03,3.293852007489084330e-03,3.938165454592365035e-03,4.419682578417282251e-03,4.732554114212210797e-03,4.882677230418241109e-03,4.880108759320401016e-03,4.734047666912536388e-03,4.451181362651245206e-03,4.036963246996555336e-03,3.498563593477639969e-03,2.847908596486495303e-03,2.103464373832410542e-03,1.289920508152592226e-03,4.355494321129184452e-04,5.673303758618264083e-05,1.930447965381838446e-04,3.315399334935679250e-04,4.710979646361818248e-04,6.105323551420852295e-04,7.485954526417639256e-04,8.839819759583657103e-04,1.015332076283888578e-03,1.141237692071055002e-03,1.260250033763476258e-03,1.370890533532242300e-03,1.471668758898235464e-03,1.561099021174856176e-03,1.637730647430368867e-03,1.700175280916842689e-03,1.747142465717802570e-03,1.941866539171363147e-03,2.259907908802431115e-03,2.714392417552286083e-03,3.318196573468198962e-03,4.054920633302510312e-03,4.878127820523551345e-03,5.718063739337237925e-03,6.494748597492027049e-03,7.134646846418224268e-03,7.586862978147496800e-03,7.834240914602488490e-03,7.895352739942974526e-03,7.815565228826770044e-03,7.648871363302205822e-03,7.435930069353390535e-03,7.186072525086096077e-03,6.870581377101026357e-03,6.430948498536784470e-03,5.800268880032122612e-03,4.930643189486875154e-03,3.816755771102598675e-03,2.507006853656515259e-03,1.098171365237748248e-03,0.000000000000000000e+00,0.000000000000000000e+00,0.000000000000000000e+00,0.000000000000000000e+00,0.000000000000000000e+00,0.000000000000000000e+00,0.000000000000000000e+00,0.000000000000000000e+00,0.000000000000000000e+00,0.000000000000000000e+00,0.000000000000000000e+00,0.000000000000000000e+00,0.000000000000000000e+00,0.000000000000000000e+00,0.000000000000000000e+00,0.000000000000000000e+00,0.000000000000000000e+00,0.000000000000000000e+00,0.000000000000000000e+00,0.000000000000000000e+00,1.894419195068760403e-05,3.351187496910199151e-05,3.555069337910301847e-05,2.543717439821814385e-05,3.902087100828950155e-06,0.000000000000000000e+00,0.000000000000000000e+00,0.000000000000000000e+00,1.979580852515906153e-05,5.357512886318208101e-04,9.356239124593143880e-04,1.156844542431164627e-03,1.180185973677658944e-03,1.033127665975545981e-03,7.781587865385414769e-04,4.907178532489902319e-04,2.350621072838021968e-04,4.647565537244028168e-05,0.000000000000000000e+00,0.000000000000000000e+00,0.000000000000000000e+00,0.000000000000000000e+00,0.000000000000000000e+00,0.000000000000000000e+00,0.000000000000000000e+00,0.000000000000000000e+00,0.000000000000000000e+00,0.000000000000000000e+00,0.000000000000000000e+00,0.000000000000000000e+00,0.000000000000000000e+00,2.310322589919871919e-04,4.082724177811193752e-04,4.573862541734534447e-04,3.856570033031421268e-04,2.102148497462144096e-04,0.000000000000000000e+00,0.000000000000000000e+00,0.000000000000000000e+00,0.000000000000000000e+00,0.000000000000000000e+00,2.360222175188612920e-05,2.401924100400362608e-04,2.087886755692177081e-04,0.000000000000000000e+00,0.000000000000000000e+00,0.000000000000000000e+00,0.000000000000000000e+00,0.000000000000000000e+00,0.000000000000000000e+00,0.000000000000000000e+00,0.000000000000000000e+00,0.000000000000000000e+00,0.000000000000000000e+00,0.000000000000000000e+00,0.000000000000000000e+00,0.000000000000000000e+00,0.000000000000000000e+00,0.000000000000000000e+00,0.000000000000000000e+00,0.000000000000000000e+00,0.000000000000000000e+00,0.000000000000000000e+00,0.000000000000000000e+00,0.000000000000000000e+00,7.769351577188846926e-04,1.421801449617345623e-03,1.868355473802703380e-03,2.109113683189354615e-03,2.155430731976033451e-03,2.032595049505850696e-03,1.772532003302203837e-03,1.406726732771182995e-03,9.616557171731973013e-04,4.576010558122482405e-04,0.000000000000000000e+00,0.000000000000000000e+00,0.000000000000000000e+00,0.000000000000000000e+00,0.000000000000000000e+00,0.000000000000000000e+00,0.000000000000000000e+00,0.000000000000000000e+00,0.000000000000000000e+00,0.000000000000000000e+00,0.000000000000000000e+00,0.000000000000000000e+00,0.000000000000000000e+00,0.000000000000000000e+00,0.000000000000000000e+00,0.000000000000000000e+00,3.508467505904751173e-04,1.254776787443658004e-03,2.184492941782840199e-03,3.055603359459229795e-03,2.137030596898696535e-03,2.435086799835513727e-03,2.787252414466953859e-03,3.146835666849985991e-03,3.485937808071399874e-03,3.801813801483402457e-03,0.000000000000000000e+00,0.000000000000000000e+00,0.000000000000000000e+00,0.000000000000000000e+00,0.000000000000000000e+00,0.000000000000000000e+00,0.000000000000000000e+00,0.000000000000000000e+00,0.000000000000000000e+00,0.000000000000000000e+00,0.000000000000000000e+00,0.000000000000000000e+00,0.000000000000000000e+00,0.000000000000000000e+00,0.000000000000000000e+00,0.000000000000000000e+00,0.000000000000000000e+00,0.000000000000000000e+00,0.000000000000000000e+00,2.328551641986387980e-03,0.000000000000000000e+00,0.000000000000000000e+00,3.322130649791397842e-04,1.325009107606383695e-03,2.175741627428200240e-03,2.792497287283237251e-03,2.691845359104641858e-03,4.983523277418774704e-03,2.192963773688432795e-03,0.000000000000000000e+00,0.000000000000000000e+00,0.000000000000000000e+00,1.339893580492001730e-04,0.000000000000000000e+00,0.000000000000000000e+00,1.111326946181147556e-04,3.299059075411463660e-04,5.369454547020864653e-04,0.000000000000000000e+00,0.000000000000000000e+00,0.000000000000000000e+00,0.000000000000000000e+00,0.000000000000000000e+00,0.000000000000000000e+00,0.000000000000000000e+00,0.000000000000000000e+00,0.000000000000000000e+00,0.000000000000000000e+00,0.000000000000000000e+00,0.000000000000000000e+00,0.000000000000000000e+00,0.000000000000000000e+00,0.000000000000000000e+00,0.000000000000000000e+00,0.000000000000000000e+00,0.000000000000000000e+00,0.000000000000000000e+00,0.000000000000000000e+00,0.000000000000000000e+00,0.000000000000000000e+00,0.000000000000000000e+00,2.630985871695718393e-03,8.923813840629103060e-04,0.000000000000000000e+00,1.615468848155812188e-03,0.000000000000000000e+00,6.300525852271229518e-05,0.000000000000000000e+00,3.143130685691459506e-04,0.000000000000000000e+00,0.000000000000000000e+00,0.000000000000000000e+00,0.000000000000000000e+00,0.000000000000000000e+00,0.000000000000000000e+00,0.000000000000000000e+00,0.000000000000000000e+00,0.000000000000000000e+00,0.000000000000000000e+00,0.000000000000000000e+00,0.000000000000000000e+00,0.000000000000000000e+00,0.000000000000000000e+00,1.497215676836343790e-04,5.022544740508619798e-04,6.890786397302292718e-04,7.724792245031401059e-04,8.293131411936357014e-04,9.350555463085182374e-04,1.148812615233635879e-03,1.502096385517418409e-03,1.993175511400353296e-03,2.587741640543099204e-03,5.255216989940319008e-03,2.627752306010330049e-03,2.809229974312731949e-03,2.978106531451117818e-03,3.132490045119823169e-03,3.270730552774739949e-03,3.391466781820675139e-03,3.493662122475081535e-03,3.576631519233246931e-03,3.640055991973946675e-03,0.000000000000000000e+00,0.000000000000000000e+00,0.000000000000000000e+00,0.000000000000000000e+00,0.000000000000000000e+00,0.000000000000000000e+00,0.000000000000000000e+00,0.000000000000000000e+00,0.000000000000000000e+00,2.292406023158752293e-04,4.776953091991280927e-04,7.143668992894399231e-04,9.477234417612809096e-04,1.166846432324288810e-03,1.339116972884017709e-03,1.417960578329247132e-03,1.358532557997294606e-03,1.135864599052348843e-03,7.587798051409473015e-04,2.741750789817644710e-04,0.000000000000000000e+00,0.000000000000000000e+00,0.000000000000000000e+00,0.000000000000000000e+00,0.000000000000000000e+00,0.000000000000000000e+00,0.000000000000000000e+00,0.000000000000000000e+00,1.078043994409320992e-04,3.481778560352740489e-04,5.444864454768657408e-04,7.358941714660626604e-04,9.659333117340242105e-04,1.260357139002992203e-03,1.611612851724138380e-03,1.975338446707755082e-03,2.279825884272902812e-03,2.445104137862768104e-03,2.405582522304841597e-03,2.129624920919864339e-03
1.259742662195620298e-08,6.073445841804205676e-05,1.060290507007283217e-04,1.351604900079879075e-04,1.478871662365001806e-04,1.444347896644211258e-04,1.254980411122757849e-04,9.222639790435908707e-05,4.619835550142036208e-05,0.000000000000000000e+00,0.000000000000000000e+00,0.000000000000000000e+00,0.000000000000000000e+00,0.000000000000000000e+00,0.000000000000000000e+00,0.000000000000000000e+00,1.007027073475044347e-04,5.512767112188047278e-04,9.509220407590035810e-04,1.313716420240390809e-03,1.651090288444939831e-03,1.960824869202518889e-03,2.221710410273811890e-03,2.396145698357528189e-03,2.440085559902809269e-03,2.317042480995500867e-03,2.011344634110955997e-03,1.536156560716962771e-03,9.335562152619908405e-04,0.000000000000000000e+00,0.000000000000000000e+00,0.000000000000000000e+00,0.000000000000000000e+00,2.833088827331211560e-04,3.357603890832440170e-03,0.000000000000000000e+00,0.000000000000000000e+00,0.000000000000000000e+00,0.000000000000000000e+00,0.000000000000000000e+00,0.000000000000000000e+00,0.000000000000000000e+00,0.000000000000000000e+00,0.000000000000000000e+00,0.000000000000000000e+00,0.000000000000000000e+00,0.000000000000000000e+00,0.000000000000000000e+00,2.028754553182296374e-04,5.987729238650550071e-04,7.176334818493318836e-04,5.322684227030737361e-04,5.761446296117658453e-05,0.000000000000000000e+00,0.000000000000000000e+00,0.000000000000000000e+00,0.000000000000000000e+00,0.000000000000000000e+00,0.000000000000000000e+00,0.000000000000000000e+00,0.000000000000000000e+00,0.000000000000000000e+00,0.000000000000000000e+00,0.000000000000000000e+00,0.000000000000000000e+00,0.000000000000000000e+00,0.000000000000000000e+00,0.000000000000000000e+00,0.000000000000000000e+00,0.000000000000000000e+00,0.000000000000000000e+00,0.000000000000000000e+00,0.000000000000000000e+00,0.000000000000000000e+00,0.000000000000000000e+00,0.000000000000000000e+00,0.000000000000000000e+00,0.000000000000000000e+00,0.000000000000000000e+00,0.000000000000000000e+00,0.000000000000000000e+00,0.000000000000000000e+00,0.000000000000000000e+00,0.000000000000000000e+00,0.000000000000000000e+00,0.000000000000000000e+00,0.000000000000000000e+00,0.000000000000000000e+00,0.000000000000000000e+00,0.000000000000000000e+00,0.000000000000000000e+00,0.000000000000000000e+00,4.232286712985289928e-05,6.923294746689476935e-04,1.254178954053098783e-03,1.706021481757214906e-03,2.027509610510204278e-03,2.201298260087203914e-03,2.216960542673608332e-03,2.074379679823865497e-03,1.784020855058684107e-03,1.363384914176229545e-03,1.759965416190258742e-03,2.557841423294873479e-03,3.102913985976949070e-03,3.330509988603876006e-03,3.227190580606829982e-03,2.838834602870968140e-03,2.261634420980213576e-03,1.620288058965339232e-03,1.211504908012734846e-03,1.355082630014198221e-03,1.487120528036263347e-03,1.608192226960150151e-03,1.718947587968913107e-03,1.820066618546470512e-03,1.912209511831043478e-03,2.383022536958320087e-03,2.768391134134148054e-03,2.944573687545193764e-03,2.870953436732328994e-03,2.545518459182417002e-03,2.302205381826483935e-03,2.341402053871542016e-03,1.876050994915552054e-03,1.894151790898961074e-03,2.052672384800490694e-03,4.766254876427496699e-03,0.000000000000000000e+00,0.000000000000000000e+00,0.000000000000000000e+00,0.000000000000000000e+00,0.000000000000000000e+00,0.000000000000000000e+00,0.000000000000000000e+00,4.144486747400387308e-04,9.916582328107765958e-04,1.546422363815654457e-03,2.071571073399597947e-03,2.552075703573531470e-03,2.962766102229069751e-03,3.271557922997295805e-03,3.446289650221806469e-03,3.462350651494373963e-03,3.308779288901386728e-03,2.991701876067331348e-03,9.928434776182183934e-04,0.000000000000000000e+00,0.000000000000000000e+00,0.000000000000000000e+00,0.000000000000000000e+00,0.000000000000000000e+00,0.000000000000000000e+00,0.000000000000000000e+00,0.000000000000000000e+00,0.000000000000000000e+00,0.000000000000000000e+00,7.771423486171750387e-04,0.000000000000000000e+00,1.846472615659023968e-05,3.874319684665316179e-04,6.612537783767541031e-04,7.981260855780011963e-04,7.808357909934471883e-04,6.210258029276109933e-04,4.329526548071276938e-04,6.117045445094735582e-04,7.289793854718977159e-04,1.308903395129160010e-03,7.296461602401778162e-04,2.271545808343750637e-04,5.701875626198330948e-04,9.326548296140562636e-04,1.285991936198444940e-03,2.131399625274147964e-03,1.821515389454641393e-03,0.000000000000000000e+00,0.000000000000000000e+00,0.000000000000000000e+00,0.000000000000000000e+00,0.000000000000000000e+00,0.000000000000000000e+00,0.000000000000000000e+00,0.000000000000000000e+00,0.000000000000000000e+00,0.000000000000000000e+00,0.000000000000000000e+00,0.000000000000000000e+00,0.000000000000000000e+00,0.000000000000000000e+00,0.000000000000000000e+00,0.000000000000000000e+00,0.000000000000000000e+00,0.000000000000000000e+00,0.000000000000000000e+00,0.000000000000000000e+00,0.000000000000000000e+00,0.000000000000000000e+00,0.000000000000000000e+00,0.000000000000000000e+00,0.000000000000000000e+00,1.209319925644273484e-04,6.168630751427851616e-04,1.207858161885260644e-03,1.867658297205505771e-03,2.549127319299506964e-03,3.189988645050057577e-03,3.722656677497538941e-03,4.085992901337378962e-03,4.236693287517918037e-03,4.158247401610954894e-03,3.865808675228113098e-03,3.405889534487474297e-03,2.850518659638523293e-03,4.479292083698497955e-03,0.000000000000000000e+00,0.000000000000000000e+00,0.000000000000000000e+00,0.000000000000000000e+00,0.000000000000000000e+00,0.000000000000000000e+00,0.000000000000000000e+00,0.000000000000000000e+00,0.000000000000000000e+00,0.000000000000000000e+00,0.000000000000000000e+00,2.073525622459156267e-04,8.068697276290352468e-04,1.479903036460598290e-03,2.190841806662073739e-03,2.884025957161990856e-03,3.491861777843531522e-03,3.949403315307409290e-03,4.211601838862957109e-03,4.267429407200555060e-03,0.000000000000000000e+00,0.000000000000000000e+00,7.866251341914434368e-04,3.279961131406804783e-03,0.000000000000000000e+00,0.000000000000000000e+00,0.000000000000000000e+00,0.000000000000000000e+00,0.000000000000000000e+00,0.000000000000000000e+00,0.000000000000000000e+00,0.000000000000000000e+00,0.000000000000000000e+00,0.000000000000000000e+00,0.000000000000000000e+00,0.000000000000000000e+00,0.000000000000000000e+00,0.000000000000000000e+00,0.000000000000000000e+00,0.000000000000000000e+00,3.217704404670128295e-04,7.274671442041618285e-04,8.327400629337165057e-04,1.117780511754314782e-03,1.502428072754593896e-03,1.987795026410426463e-03,0.000000000000000000e+00,0.000000000000000000e+00,0.000000000000000000e+00,0.000000000000000000e+00,0.000000000000000000e+00,0.000000000000000000e+00,0.000000000000000000e+00,0.000000000000000000e+00,0.000000000000000000e+00,0.000000000000000000e+00,0.000000000000000000e+00,0.000000000000000000e+00,0.000000000000000000e+00,0.000000000000000000e+00,0.000000000000000000e+00,0.000000000000000000e+00,0.000000000000000000e+00,0.000000000000000000e+00,0.000000000000000000e+00,0.000000000000000000e+00,0.000000000000000000e+00,0.000000000000000000e+00,0.000000000000000000e+00,2.513535619875613631e-04,1.182406941785316395e-03,2.208061033144537774e-03,3.221157332573835758e-03,4.088206156965435920e-03,4.676001024222575277e-03,4.881011417772486947e-03,4.653326608095262676e-03,4.008610984563460398e-03,3.025023660811257224e-03,1.826153712780453214e-03,5.545154014360819663e-04,0.000000000000000000e+00,0.000000000000000000e+00,0.000000000000000000e+00,0.000000000000000000e+00,0.000000000000000000e+00,3.879470237931429837e-05,7.366234757876812238e-04,1.282903094730511581e-03,1.649968007696146809e-03,7.586867524579509782e-03,2.824077833300519223e-03,0.000000000000000000e+00,0.000000000000000000e+00,0.000000000000000000e+00,0.000000000000000000e+00,0.000000000000000000e+00,0.000000000000000000e+00,0.000000000000000000e+00,0.000000000000000000e+00,0.000000000000000000e+00,0.000000000000000000e+00,0.000000000000000000e+00,0.000000000000000000e+00,0.000000000000000000e+00,0.000000000000000000e+00,0.000000000000000000e+00,0.000000000000000000e+00,0.000000000000000000e+00,0.000000000000000000e+00,0.000000000000000000e+00,0.000000000000000000e+00,0.000000000000000000e+00,0.000000000000000000e+00,0.000000000000000000e+00,0.000000000000000000e+00,0.000000000000000000e+00,0.000000000000000000e+00,0.000000000000000000e+00,0.000000000000000000e+00,0.000000000000000000e+00,0.000000000000000000e+00,0.000000000000000000e+00,0.000000000000000000e+00,0.000000000000000000e+00,0.000000000000000000e+00,1.267928374241792308e-05,1.510568696593177565e-03,2.893294140467812543e-03,4.066556743820803378e-03,4.964088694940796062e-03,5.559167711245601752e-03,5.868898545413717659e-03,5.949878393742187750e-03,5.885692023112829886e-03,5.768846336331147177e-03,5.681449345980912197e-03,5.679433308759035924e-03,5.784100967856028314e-03,0.000000000000000000e+00,0.000000000000000000e+00,0.000000000000000000e+00,0.000000000000000000e+00,0.000000000000000000e+00,0.000000000000000000e+00,0.000000000000000000e+00,0.000000000000000000e+00,0.000000000000000000e+00,0.000000000000000000e+00,0.000000000000000000e+00,0.000000000000000000e+00,0.000000000000000000e+00,0.000000000000000000e+00,0.000000000000000000e+00,0.000000000000000000e+00,0.000000000000000000e+00,0.000000000000000000e+00,2.996784050177690782e-06,3.056261364420085475e-04,5.042921695699927476e-04,5.698830252252750804e-04,4.929389795592294685e-04,2.803529154845649891e-04,0.000000000000000000e+00,0.000000000000000000e+00,0.000000000000000000e+00,0.000000000000000000e+00,0.000000000000000000e+00,0.000000000000000000e+00,0.000000000000000000e+00,0.000000000000000000e+00,0.000000000000000000e+00,0.000000000000000000e+00,0.000000000000000000e+00,0.000000000000000000e+00,0.000000000000000000e+00,0.000000000000000000e+00,0.000000000000000000e+00,0.000000000000000000e+00,0.000000000000000000e+00,0.000000000000000000e+00,0.000000000000000000e+00,0.000000000000000000e+00,0.000000000000000000e+00,0.000000000000000000e+00
3.529349471833845619e-08,0.000000000000000000e+00,0.000000000000000000e+00,0.000000000000000000e+00,0.000000000000000000e+00,0.000000000000000000e+00,4.131464942590160169e-04,1.204521930502800743e-03,2.096761730531307259e-03,0.000000000000000000e+00,0.000000000000000000e+00,0.000000000000000000e+00,0.000000000000000000e+00,0.000000000000000000e+00,0.000000000000000000e+00,0.000000000000000000e+00,0.000000000000000000e+00,0.000000000000000000e+00,0.000000000000000000e+00,0.000000000000000000e+00,0.000000000000000000e+00,0.000000000000000000e+00,3.280085221612472047e-05,8.517960514944274706e-04,1.584819683625758114e-03,3.596938383842230615e-03,0.000000000000000000e+00,0.000000000000000000e+00,5.068057435833875010e-04,1.046276615696670577e-03,1.494624382364703437e-03,1.850476439497985301e-03,2.131740884581321410e-03,2.369903521510673215e-03,2.600338492029884499e-03,2.851290766770930851e-03,3.135040752597044109e-03,3.444359246052541325e-03,3.755618950539143987e-03,4.037509453008176000e-03,4.262213041076509321e-03,4.415056852007612567e-03,4.499368125535066834e-03,4.535118445759610956e-03,4.552150772309581338e-03,4.580461236577394908e-03,4.640696416901766291e-03,0.000000000000000000e+00,0.000000000000000000e+00,0.000000000000000000e+00,0.000000000000000000e+00,0.000000000000000000e+00,0.000000000000000000e+00,0.000000000000000000e+00,0.000000000000000000e+00,0.000000000000000000e+00,0.000000000000000000e+00,0.000000000000000000e+00,0.000000000000000000e+00,0.000000000000000000e+00,0.000000000000000000e+00,0.000000000000000000e+00,0.000000000000000000e+00,0.000000000000000000e+00,0.000000000000000000e+00,0.000000000000000000e+00,0.000000000000000000e+00,0.000000000000000000e+00,0.000000000000000000e+00,0.000000000000000000e+00,0.000000000000000000e+00,0.000000000000000000e+00,0.000000000000000000e+00,0.000000000000000000e+00,0.000000000000000000e+00,0.000000000000000000e+00,7.021420719044966802e-04,1.335996195088976542e-03,1.920079254834857526e-03,6.037056807232269806e-04,8.939437464070017604e-04,1.218549380489076205e-03,1.532183137325971020e-03,1.792045186117872555e-03,1.969446759394550845e-03,3.127290555715142324e-03,2.070847464798782154e-03,2.040077900723454539e-03,0.000000000000000000e+00,0.000000000000000000e+00,0.000000000000000000e+00,0.000000000000000000e+00,1.066179181680343077e-03,2.275741564271342721e-03,3.296635362904079634e-03,4.096879048697424884e-03,4.674257880301242729e-03,5.046488620538996939e-03,5.239580520753070632e-03,5.278249550181246530e-03,5.181313315521808224e-03,0.000000000000000000e+00,0.000000000000000000e+00,0.000000000000000000e+00,0.000000000000000000e+00,0.000000000000000000e+00,0.000000000000000000e+00,0.000000000000000000e+00,0.000000000000000000e+00,0.000000000000000000e+00,0.000000000000000000e+00,0.000000000000000000e+00,0.000000000000000000e+00,0.000000000000000000e+00,0.000000000000000000e+00,0.000000000000000000e+00,0.000000000000000000e+00,0.000000000000000000e+00,0.000000000000000000e+00,0.000000000000000000e+00,0.000000000000000000e+00,0.000000000000000000e+00,0.000000000000000000e+00,0.000000000000000000e+00,0.000000000000000000e+00,0.000000000000000000e+00,0.000000000000000000e+00,0.000000000000000000e+00,0.000000000000000000e+00,0.000000000000000000e+00,0.000000000000000000e+00,0.000000000000000000e+00,0.000000000000000000e+00,0.000000000000000000e+00,7.910766469595534073e-05,3.105677785372294372e-03,1.340965020062266037e-03,0.000000000000000000e+00,0.000000000000000000e+00,0.000000000000000000e+00,0.000000000000000000e+00,0.000000000000000000e+00,3.853761429434791473e-04,9.508975062634302932e-04,1.505053969531852274e-03,2.007045002045643005e-03,2.408888845365267893e-03,2.662015834041184855e-03,2.723975807721742796e-03,2.564607811527056924e-03,2.171077607719460248e-03,1.551139444399500262e-03,1.202807462460039846e-03,1.048419874475701574e-03,9.642708591055559365e-04,9.560120294969440659e-04,9.995294900274739793e-04,1.050378434502378553e-03,1.057365851698517266e-03,9.766657241491007516e-04,7.829442883860991166e-04,4.750017166663567537e-04,7.517612495539189937e-05,0.000000000000000000e+00,0.000000000000000000e+00,0.000000000000000000e+00,0.000000000000000000e+00,0.000000000000000000e+00,0.000000000000000000e+00,0.000000000000000000e+00,0.000000000000000000e+00,0.000000000000000000e+00,0.000000000000000000e+00,0.000000000000000000e+00,9.329498084002827514e-05,1.869012945768520927e-04,2.721826203775511328e-04,3.479712137443685379e-04,4.131887246351867503e-04,4.668780600383127524e-04,5.082311213282772249e-04,5.366153866530489315e-04,5.515981887827140027e-04,5.529644105350237007e-04,5.407327468333771904e-04,5.151626491663503392e-04,4.767583016585327663e-04,4.262643378503039771e-04,3.646563274028985610e-04,5.000376159887260068e-04,6.859836347181557823e-04,8.950066889963897293e-04,1.170193230358068485e-03,1.541157052264597845e-03,2.020152296106360237e-03,2.601458490556246301e-03,3.263367201756954983e-03,3.971961307089757684e-03,4.685773693497663657e-03,5.360404937571807554e-03,5.952381945658623968e-03,6.422056683944199658e-03,6.735921592585814369e-03,6.869049663505760218e-03,6.808195509568795538e-03,6.555412887023740962e-03,6.131173792344886062e-03,5.575300278222650695e-03,4.944025282565833040e-03,4.302368960857065779e-03,3.712692320541146219e-03,3.222145102371831975e-03,2.852904528379737823e-03,2.598758648178949374e-03,2.429595554321894481e-03,2.302375652433447713e-03,2.174629367896851410e-03,2.015658154798311355e-03,1.811947928586665410e-03,1.566100662556268053e-03,1.291396589588021627e-03,1.005522467980332884e-03,8.973775900102844280e-04,1.024123137638830502e-03,1.142354051175929535e-03,1.250613137942515945e-03,1.347653339848844251e-03,1.432461537326976423e-03,1.504271815559760517e-03,1.562573500536308842e-03,1.607111407119597626e-03,1.637874650919259566e-03,1.655084001035176744e-03,1.659167445718056884e-03,1.650732791334059285e-03,1.630535342024674872e-03,1.599444062515766214e-03,1.558405391531196039e-03,2.947424756326976879e-03,4.574607266462929153e-04,2.169445822756894992e-04,0.000000000000000000e+00,0.000000000000000000e+00,0.000000000000000000e+00,0.000000000000000000e+00,5.468060431641335586e-04,1.461814923999658119e-03,1.517448459065225954e-03,1.886130436622144657e-03,2.130475694314733475e-03,2.258775136990928776e-03,2.286818947385187151e-03,2.235938309454640546e-03,2.131757884157429745e-03,2.002021862722982125e-03,0.000000000000000000e+00,0.000000000000000000e+00,0.000000000000000000e+00,0.000000000000000000e+00,0.000000000000000000e+00,0.000000000000000000e+00,2.053804759481185247e-04,3.779431392678428057e-04,4.957581440086650248e-04,5.357083698581656611e-04,4.680882960177073300e-04,0.000000000000000000e+00,4.946111261211478253e-05,1.916988009869984824e-04,0.000000000000000000e+00,0.000000000000000000e+00,0.000000000000000000e+00,0.000000000000000000e+00,0.000000000000000000e+00,1.300385812542498602e-03,0.000000000000000000e+00,8.487122355970100557e-04,0.000000000000000000e+00,4.280600184649004710e-04,0.000000000000000000e+00,0.000000000000000000e+00,0.000000000000000000e+00,0.000000000000000000e+00,3.009841652535219514e-03,0.000000000000000000e+00,0.000000000000000000e+00,0.000000000000000000e+00,0.000000000000000000e+00,0.000000000000000000e+00,1.834242736709912618e-04,8.730614317899182278e-04,1.616565167120970203e-03,2.354631619929461756e-03,0.000000000000000000e+00,0.000000000000000000e+00,0.000000000000000000e+00,0.000000000000000000e+00,0.000000000000000000e+00,0.000000000000000000e+00,0.000000000000000000e+00,0.000000000000000000e+00,0.000000000000000000e+00,0.000000000000000000e+00,0.000000000000000000e+00,0.000000000000000000e+00,0.000000000000000000e+00,0.000000000000000000e+00,0.000000000000000000e+00,0.000000000000000000e+00,0.000000000000000000e+00,0.000000000000000000e+00,0.000000000000000000e+00,0.000000000000000000e+00,0.000000000000000000e+00,0.000000000000000000e+00,0.000000000000000000e+00,0.000000000000000000e+00,0.000000000000000000e+00,0.000000000000000000e+00,0.000000000000000000e+00,0.000000000000000000e+00,0.000000000000000000e+00,0.000000000000000000e+00,0.000000000000000000e+00,0.000000000000000000e+00,0.000000000000000000e+00,0.000000000000000000e+00,0.000000000000000000e+00,0.000000000000000000e+00,0.000000000000000000e+00,3.886633263175970506e-04,4.417646578494176073e-03,6.549577453761085567e-04,0.000000000000000000e+00,7.820610565349994929e-05,2.588133029544334484e-04,5.023200038691267005e-04,7.548437503983476769e-04,0.000000000000000000e+00,0.000000000000000000e+00,3.886537304384212626e-04,1.074103785584236415e-03,1.775342519299275088e-03,0.000000000000000000e+00,0.000000000000000000e+00,0.000000000000000000e+00,0.000000000000000000e+00,0.000000000000000000e+00,0.000000000000000000e+00,0.000000000000000000e+00,0.000000000000000000e+00,0.000000000000000000e+00,0.000000000000000000e+00,0.000000000000000000e+00,0.000000000000000000e+00,0.000000000000000000e+00,0.000000000000000000e+00,0.000000000000000000e+00,0.000000000000000000e+00,0.000000000000000000e+00,0.000000000000000000e+00,0.000000000000000000e+00,0.000000000000000000e+00,0.000000000000000000e+00,0.000000000000000000e+00,0.000000000000000000e+00,0.000000000000000000e+00,1.217478953337538985e-04,1.748611072179563880e-04,9.876621072228622801e-05,3.373229906048027968e-05,2.578056377057257932e-04,4.713878461024465470e-04,6.920743934809249140e-04,9.307517588106374324e-04,3.075635837664304414e-03,2.984541834111789031e-04,3.003935975106879902e-04,3.012579608872773852e-04,3.009094819333810894e-04,2.992383743805547796e-04,2.961581849478583310e-04,2.916063794202362501e-04,2.855437257682861543e-04,2.779566404036338157e-04,2.688573556737112991e-04,2.582881262938282779e-04,2.463212633875086640e-04,2.330634059955255977e-04,6.620607269067921513e-04,1.530341526100564972e-03,2.057002077128283410e-03,2.245026885855118653e-03,2.140790690388826457e-03,1.816493451297804219e-03,2.284471933346012180e-03,2.679123043861674110e-03,2.750135537433806565e-03,2.550562978761013785e-03,2.178514513787171980e-03
2.931888201426994301e-07,5.213036346195994717e-04,1.007434383745359468e-03,1.402006975450050289e-03,1.651186600065589899e-03,1.711662902323388179e-03,1.557832710989055271e-03,1.186338022824454021e-03,6.172643677916464944e-04,0.000000000000000000e+00,0.000000000000000000e+00,0.000000000000000000e+00,0.000000000000000000e+00,0.000000000000000000e+00,0.000000000000000000e+00,9.447452295468792074e-04,2.129813415178215524e-03,3.139666092113669715e-03,3.846903585679496262e-03,4.178597769524411247e-03,4.130256696434934580e-03,3.763852571983626084e-03,3.190951926169657057e-03,3.682176656744168709e-03,4.129639122211937671e-03,4.212112051513898676e-03,3.947002255846920708e-03,3.394203395356357178e-03,2.645659392669841379e-03,1.927595734897139500e-03,2.353282837433235113e-03,2.757820404291427396e-03,3.066881652725482205e-03,3.227102762386781665e-03,3.213837998242808063e-03,3.033070361937176534e-03,2.716900618161629914e-03,4.164974949259152293e-03,5.547685591793377873e-04,1.021539724839998697e-03,1.432608373080083031e-03,1.773784372927596610e-03,0.000000000000000000e+00,0.000000000000000000e+00,0.000000000000000000e+00,0.000000000000000000e+00,0.000000000000000000e+00,0.000000000000000000e+00,0.000000000000000000e+00,0.000000000000000000e+00,0.000000000000000000e+00,0.000000000000000000e+00,0.000000000000000000e+00,0.000000000000000000e+00,0.000000000000000000e+00,0.000000000000000000e+00,7.765241745396989992e-04,1.654505862385631564e-03,2.509258782075115494e-03,3.297994728451444403e-03,3.978526013267000803e-03,4.512963077185724869e-03,4.873183892759884797e-03,5.046512777888654926e-03,8.739275809158477543e-03,0.000000000000000000e+00,0.000000000000000000e+00,0.000000000000000000e+00,0.000000000000000000e+00,0.000000000000000000e+00,0.000000000000000000e+00,0.000000000000000000e+00,0.000000000000000000e+00,0.000000000000000000e+00,0.000000000000000000e+00,0.000000000000000000e+00,0.000000000000000000e+00,0.000000000000000000e+00,0.000000000000000000e+00,0.000000000000000000e+00,0.000000000000000000e+00,0.000000000000000000e+00,0.000000000000000000e+00,0.000000000000000000e+00,0.000000000000000000e+00,0.000000000000000000e+00,0.000000000000000000e+00,0.000000000000000000e+00,0.000000000000000000e+00,0.000000000000000000e+00,0.000000000000000000e+00,0.000000000000000000e+00,0.000000000000000000e+00,3.006772642433117992e-03,3.211946856077004561e-04,0.000000000000000000e+00,0.000000000000000000e+00,0.000000000000000000e+00,0.000000000000000000e+00,0.000000000000000000e+00,0.000000000000000000e+00,0.000000000000000000e+00,0.000000000000000000e+00,1.519059741328326971e-04,9.370704646588844198e-04,1.923607789975323576e-03,2.832965141499768722e-03,3.586319443010657811e-03,4.119873470859481204e-03,4.402630096832771227e-03,0.000000000000000000e+00,0.000000000000000000e+00,0.000000000000000000e+00,0.000000000000000000e+00,0.000000000000000000e+00,0.000000000000000000e+00,0.000000000000000000e+00,0.000000000000000000e+00,0.000000000000000000e+00,0.000000000000000000e+00,0.000000000000000000e+00,0.000000000000000000e+00,0.000000000000000000e+00,0.000000000000000000e+00,0.000000000000000000e+00,0.000000000000000000e+00,0.000000000000000000e+00,0.000000000000000000e+00,0.000000000000000000e+00,0.000000000000000000e+00,0.000000000000000000e+00,0.000000000000000000e+00,0.000000000000000000e+00,0.000000000000000000e+00,0.000000000000000000e+00,0.000000000000000000e+00,0.000000000000000000e+00,0.000000000000000000e+00,6.183994346309073815e-04,1.429438398564827732e-03,0.000000000000000000e+00,0.000000000000000000e+00,0.000000000000000000e+00,0.000000000000000000e+00,0.000000000000000000e+00,0.000000000000000000e+00,0.000000000000000000e+00,0.000000000000000000e+00,0.000000000000000000e+00,0.000000000000000000e+00,0.000000000000000000e+00,0.000000000000000000e+00,0.000000000000000000e+00,0.000000000000000000e+00,0.000000000000000000e+00,0.000000000000000000e+00,0.000000000000000000e+00,0.000000000000000000e+00,0.000000000000000000e+00,0.000000000000000000e+00,0.000000000000000000e+00,0.000000000000000000e+00,0.000000000000000000e+00,0.000000000000000000e+00,0.000000000000000000e+00,0.000000000000000000e+00,0.000000000000000000e+00,0.000000000000000000e+00,0.000000000000000000e+00,0.000000000000000000e+00,0.000000000000000000e+00,0.000000000000000000e+00,1.626527510713401048e-04,4.193556465120517381e-04,3.303817526484304845e-04,0.000000000000000000e+00,0.000000000000000000e+00,0.000000000000000000e+00,0.000000000000000000e+00,0.000000000000000000e+00,0.000000000000000000e+00,0.000000000000000000e+00,0.000000000000000000e+00,0.000000000000000000e+00,0.000000000000000000e+00,0.000000000000000000e+00,0.000000000000000000e+00,0.000000000000000000e+00,0.000000000000000000e+00,0.000000000000000000e+00,0.000000000000000000e+00,3.405635365738919249e-04,1.335196619538549234e-03,1.943951051862370053e-03,2.187056892900721399e-03,2.108888765294757422e-03,1.764259346429146880e-03,1.212270466624234795e-03,5.172142547123851882e-04,0.000000000000000000e+00,0.000000000000000000e+00,0.000000000000000000e+00,0.000000000000000000e+00,0.000000000000000000e+00,2.266030848419062584e-04,8.398223428654313016e-04,3.030411983743128840e-03,0.000000000000000000e+00,0.000000000000000000e+00,0.000000000000000000e+00,0.000000000000000000e+00,0.000000000000000000e+00,0.000000000000000000e+00,0.000000000000000000e+00,2.880852365605207285e-04,8.490034785798923796e-04,1.256498028399074748e-03,1.460792784736444482e-03,1.444418105506471012e-03,1.229052448948831462e-03,8.729097474691778621e-04,1.021326946774449339e-03,0.000000000000000000e+00,0.000000000000000000e+00,0.000000000000000000e+00,0.000000000000000000e+00,0.000000000000000000e+00,0.000000000000000000e+00,0.000000000000000000e+00,0.000000000000000000e+00,0.000000000000000000e+00,0.000000000000000000e+00,0.000000000000000000e+00,0.000000000000000000e+00,0.000000000000000000e+00,0.000000000000000000e+00,0.000000000000000000e+00,0.000000000000000000e+00,0.000000000000000000e+00,0.000000000000000000e+00,0.000000000000000000e+00,0.000000000000000000e+00,0.000000000000000000e+00,0.000000000000000000e+00,0.000000000000000000e+00,0.000000000000000000e+00,0.000000000000000000e+00,0.000000000000000000e+00,0.000000000000000000e+00,0.000000000000000000e+00,0.000000000000000000e+00,3.922301834697167720e-03,0.000000000000000000e+00,0.000000000000000000e+00,0.000000000000000000e+00,2.697846803658351402e-04,1.267729502393400310e-03,2.070604816938186564e-03,2.629339765480881008e-03,2.922685753265381013e-03,2.954170674735958398e-03,2.748075920175213800e-03,2.933472088043044546e-03,3.250319085521823342e-03,3.285016734449087896e-03,3.070802795307807104e-03,2.654522411861418973e-03,2.459811592042957309e-03,1.629654259587582678e-03,0.000000000000000000e+00,0.000000000000000000e+00,1.978672918241750490e-04,6.576148889467369092e-04,4.469840558430194870e-04,0.000000000000000000e+00,0.000000000000000000e+00,0.000000000000000000e+00,0.000000000000000000e+00,1.202883098969981159e-04,5.934943556932386092e-04,9.789182244422842648e-04,1.252823754458330142e-03,1.419222841184511951e-03,1.504851629404307077e-03,1.549544049440648979e-03,1.594243513239136916e-03,1.669421523279504289e-03,1.786789866269945532e-03,1.936525981115191615e-03,2.090743317682039904e-03,2.211960017748731966e-03,2.263731302161509518e-03,2.288866267140499035e-03,2.645724152508563843e-03,2.791147909446017091e-03,0.000000000000000000e+00,0.000000000000000000e+00,4.123906238999925012e-05,8.368494079683188192e-04,1.686089245014726163e-03,2.529927721868727945e-03,2.797869568792825043e-03,0.000000000000000000e+00,0.000000000000000000e+00,0.000000000000000000e+00,0.000000000000000000e+00,0.000000000000000000e+00,0.000000000000000000e+00,0.000000000000000000e+00,0.000000000000000000e+00,0.000000000000000000e+00,0.000000000000000000e+00,0.000000000000000000e+00,0.000000000000000000e+00,0.000000000000000000e+00,0.000000000000000000e+00,0.000000000000000000e+00,0.000000000000000000e+00,0.000000000000000000e+00,0.000000000000000000e+00,0.000000000000000000e+00,0.000000000000000000e+00,0.000000000000000000e+00,0.000000000000000000e+00,0.000000000000000000e+00,0.000000000000000000e+00,0.000000000000000000e+00,0.000000000000000000e+00,0.000000000000000000e+00,0.000000000000000000e+00,0.000000000000000000e+00,0.000000000000000000e+00,0.000000000000000000e+00,0.000000000000000000e+00,0.000000000000000000e+00,0.000000000000000000e+00,0.000000000000000000e+00,2.784752217505122459e-04,8.057637273179377863e-04,1.339278139948995488e-03,1.830687499579602192e-03,2.244895221669305097e-03,2.565577074176613511e-03,2.794354340427228269e-03,2.944362325914154019e-03,3.031351920506331152e-03,3.066497938907931063e-03,3.054163896156200392e-03,2.995307043956926644e-03,2.894233463003093292e-03,2.764526061196271797e-03,2.630298084759485552e-03,2.521274637523340106e-03,2.463392486507564715e-03,2.468852575044652633e-03,2.529793396488122948e-03,2.618040309709713468e-03,2.690816766557106374e-03,2.700188732178661084e-03,2.603094880321066285e-03,2.369122382227008706e-03,1.984306999551637123e-03,1.450680698865068662e-03,7.827016839609166705e-04,2.374385818647825380e-04,3.036660199629276488e-04,3.745929062830939075e-04,4.492010123092818872e-04,5.263298400915040337e-04,3.236263194059297351e-03,6.020891678026460067e-03,0.000000000000000000e+00,0.000000000000000000e+00,0.000000000000000000e+00,0.000000000000000000e+00,1.405438278162234468e-04,5.553087387898344475e-04,7.625043592432849708e-04,7.521169111358127872e-04,5.442930889370340081e-04,1.869468057658045111e-04,0.000000000000000000e+00,0.000000000000000000e+00,0.000000000000000000e+00,0.000000000000000000e+00,0.000000000000000000e+00,0.000000000000000000e+00,0.000000000000000000e+00,0.000000000000000000e+00,0.000000000000000000e+00,0.000000000000000000e+00,0.000000000000000000e+00,0.000000000000000000e+00,0.000000000000000000e+00,0.000000000000000000e+00,2.980746568946110323e-04,4.011393365807752395e-03,2.490558071554551376e-04,4.007591019580413914e-04,0.000000000000000000e+00
2.853252725329837589e-07,1.230771386455873891e-03,1.361936334447487939e-03,6.828684001080646761e-05,6.689340138808413168e-05,0.000000000000000000e+00,0.000000000000000000e+00,9.854225975269955668e-06,2.084749960841960587e-05,5.428508380971853694e-05,7.895085096579370189e-04,1.692599741439869063e-03,0.000000000000000000e+00,0.000000000000000000e+00,0.000000000000000000e+00,3.674901448764771820e-05,2.371219348599151971e-04,1.434694955106280987e-03,2.473371035093295056e-04,2.452033461767106595e-04,2.392321963101859644e-04,2.304598640347461458e-04,3.999658802268420002e-04,5.792645060848936262e-04,6.197608127969423970e-04,5.342658461666463217e-04,3.628172998185083781e-04,1.959155842496574263e-04,3.350894156603997118e-04,3.782996060741450990e-04,2.826682659838555172e-04,2.982988116705321733e-04,3.507723600762178203e-04,4.152587418318486089e-04,7.806715793981980735e-04,1.371609133496361731e-03,2.117706900086003576e-03,2.970602571651734768e-03,3.880854484312954746e-03,4.799721626634409141e-03,4.244747591921493694e-03,4.998255462517849600e-03,5.621182251410873632e-03,6.013447459385925023e-03,6.052176496776013812e-03,5.611754473058691225e-03,4.596758190176555327e-03,2.979174313307191187e-03,8.277532947432219906e-04,0.000000000000000000e+00,0.000000000000000000e+00,0.000000000000000000e+00,0.000000000000000000e+00,0.000000000000000000e+00,0.000000000000000000e+00,0.000000000000000000e+00,0.000000000000000000e+00,0.000000000000000000e+00,8.368075863351360014e-04,1.851695605531451794e-03,6.453900254944501102e-04,0.000000000000000000e+00,0.000000000000000000e+00,0.000000000000000000e+00,0.000000000000000000e+00,0.000000000000000000e+00,0.000000000000000000e+00,0.000000000000000000e+00,0.000000000000000000e+00,0.000000000000000000e+00,0.000000000000000000e+00,0.000000000000000000e+00,0.000000000000000000e+00,0.000000000000000000e+00,0.000000000000000000e+00,0.000000000000000000e+00,0.000000000000000000e+00,0.000000000000000000e+00,0.000000000000000000e+00,2.742621497894127502e-04,8.061960309920822906e-04,8.538549650605935324e-04,7.927276969454634869e-04,6.687551843776325632e-04,5.286160289011094604e-04,4.142770417581800348e-04,0.000000000000000000e+00,0.000000000000000000e+00,0.000000000000000000e+00,0.000000000000000000e+00,0.000000000000000000e+00,0.000000000000000000e+00,0.000000000000000000e+00,0.000000000000000000e+00,8.359407050480124272e-05,2.982993230497007521e-03,6.809735373325332373e-03,0.000000000000000000e+00,0.000000000000000000e+00,0.000000000000000000e+00,0.000000000000000000e+00,0.000000000000000000e+00,0.000000000000000000e+00,0.000000000000000000e+00,0.000000000000000000e+00,0.000000000000000000e+00,0.000000000000000000e+00,0.000000000000000000e+00,0.000000000000000000e+00,0.000000000000000000e+00,0.000000000000000000e+00,0.000000000000000000e+00,0.000000000000000000e+00,0.000000000000000000e+00,0.000000000000000000e+00,0.000000000000000000e+00,0.000000000000000000e+00,0.000000000000000000e+00,0.000000000000000000e+00,0.000000000000000000e+00,5.024055220103475737e-03,0.000000000000000000e+00,0.000000000000000000e+00,0.000000000000000000e+00,0.000000000000000000e+00,0.000000000000000000e+00,0.000000000000000000e+00,9.969597411559107396e-05,1.444493723770644148e-03,2.446193336026876181e-03,2.934322221959051024e-03,2.805498830600035385e-03,2.040955420479302531e-03,7.115916061755174667e-04,0.000000000000000000e+00,0.000000000000000000e+00,0.000000000000000000e+00,0.000000000000000000e+00,0.000000000000000000e+00,0.000000000000000000e+00,0.000000000000000000e+00,0.000000000000000000e+00,0.000000000000000000e+00,0.000000000000000000e+00,0.000000000000000000e+00,0.000000000000000000e+00,2.683603543039645703e-04,1.741249665938414707e-03,3.178803644278504689e-03,5.965536497967414281e-03,0.000000000000000000e+00,0.000000000000000000e+00,0.000000000000000000e+00,0.000000000000000000e+00,0.000000000000000000e+00,0.000000000000000000e+00,0.000000000000000000e+00,0.000000000000000000e+00,0.000000000000000000e+00,0.000000000000000000e+00,0.000000000000000000e+00,0.000000000000000000e+00,0.000000000000000000e+00,0.000000000000000000e+00,0.000000000000000000e+00,0.000000000000000000e+00,0.000000000000000000e+00,0.000000000000000000e+00,0.000000000000000000e+00,0.000000000000000000e+00,0.000000000000000000e+00,0.000000000000000000e+00,0.000000000000000000e+00,0.000000000000000000e+00,0.000000000000000000e+00,0.000000000000000000e+00,0.000000000000000000e+00,0.000000000000000000e+00,0.000000000000000000e+00,1.474011208292279101e-04,3.444155633696904589e-04,9.300078022334757775e-04,1.749300913486669410e-03,2.360768322184771985e-03,2.725871613785465965e-03,2.831006579343946575e-03,2.687248150671687087e-03,0.000000000000000000e+00,7.151333189876216481e-04,1.676990860649746513e-03,2.496305726436192762e-03,0.000000000000000000e+00,0.000000000000000000e+00,0.000000000000000000e+00,0.000000000000000000e+00,0.000000000000000000e+00,0.000000000000000000e+00,0.000000000000000000e+00,0.000000000000000000e+00,0.000000000000000000e+00,0.000000000000000000e+00,0.000000000000000000e+00,0.000000000000000000e+00,0.000000000000000000e+00,0.000000000000000000e+00,0.000000000000000000e+00,0.000000000000000000e+00,0.000000000000000000e+00,0.000000000000000000e+00,3.986492474458985672e-04,1.140446945686127752e-03,1.610382755205741956e-03,1.769725109123491047e-03,2.321706841956123080e-03,0.000000000000000000e+00,0.000000000000000000e+00,3.973382156111805578e-04,2.452836127699664984e-03,2.743301549925430786e-03,0.000000000000000000e+00,0.000000000000000000e+00,0.000000000000000000e+00,0.000000000000000000e+00,0.000000000000000000e+00,0.000000000000000000e+00,0.000000000000000000e+00,0.000000000000000000e+00,0.000000000000000000e+00,0.000000000000000000e+00,0.000000000000000000e+00,0.000000000000000000e+00,0.000000000000000000e+00,0.000000000000000000e+00,3.962570686005171400e-03,0.000000000000000000e+00,0.000000000000000000e+00,7.253298485769442171e-06,1.611733153693423832e-03,3.073979955417212046e-03,4.237355028759737588e-03,4.993395071023943102e-03,5.291137659373335890e-03,5.130648602541803584e-03,4.547103855261348977e-03,3.594044842100423912e-03,2.332501581016921920e-03,8.281990997640977566e-04,0.000000000000000000e+00,0.000000000000000000e+00,0.000000000000000000e+00,0.000000000000000000e+00,0.000000000000000000e+00,0.000000000000000000e+00,0.000000000000000000e+00,0.000000000000000000e+00,0.000000000000000000e+00,0.000000000000000000e+00,0.000000000000000000e+00,0.000000000000000000e+00,0.000000000000000000e+00,3.385223306906914734e-04,1.407596611126626842e-03,2.577690047858967326e-03,9.151773807341728392e-03,2.201151616578752614e-03,2.128412438502161330e-03,2.043521203566282286e-03,1.949469343589501800e-03,1.849391091636316299e-03,1.746483882220971687e-03,1.643926375426801824e-03,1.544800969289513706e-03,1.452008857133460637e-03,1.368199762549031579e-03,1.295701318670566295e-03,1.236463250572728944e-03,1.192009192462701759e-03,1.163403894265835565e-03,1.151233855811178422e-03,1.155602337780396033e-03,1.176135836906350022e-03,1.212010758268718775e-03,1.643704902383963298e-03,1.820463766532260004e-03,1.559063101986623645e-03,1.478922716572857394e-03,1.566402802228369180e-03,1.657471186475900030e-03,1.749632742429227351e-03,1.840426906906749826e-03,1.927494056834506801e-03,2.008634929618707994e-03,3.828687395340427384e-03,4.961100420195628698e-03,0.000000000000000000e+00,0.000000000000000000e+00,0.000000000000000000e+00,0.000000000000000000e+00,0.000000000000000000e+00,2.288219062454861352e-04,7.497503964599764844e-04,1.232124381589349551e-03,1.698980122510464989e-03,2.149692783275944895e-03,2.565253657900071205e-03,2.919532312999593981e-03,3.191121032790678914e-03,3.371402186290093066e-03,3.466773963455897344e-03,3.495419151050934391e-03,3.480746959511322233e-03,3.444169953008060885e-03,3.399324963739141451e-03,3.348680414222496293e-03,3.282512028667775635e-03,3.179928866020786168e-03,3.114794724480445410e-03,2.872361175276034063e-03,2.438427425518243426e-03,1.932594819664314222e-03,1.453753122747518649e-03,1.055769653372539254e-03,7.408525819785099402e-04,4.708693361225159500e-04,1.904383652605199859e-04,0.000000000000000000e+00,0.000000000000000000e+00,1.490814879422297910e-05,1.343327657410365249e-04,2.643826502977805401e-04,4.056338861796565361e-04,5.582849953427036944e-04,3.150208881654410330e-03,5.849103397352272641e-04,1.022954832821185243e-03,0.000000000000000000e+00,0.000000000000000000e+00,0.000000000000000000e+00,0.000000000000000000e+00,0.000000000000000000e+00,0.000000000000000000e+00,0.000000000000000000e+00,0.000000000000000000e+00,0.000000000000000000e+00,0.000000000000000000e+00,0.000000000000000000e+00,0.000000000000000000e+00,0.000000000000000000e+00,0.000000000000000000e+00,0.000000000000000000e+00,0.000000000000000000e+00,3.406016390236346267e-04,1.339675860546246265e-03,2.277698448055042596e-03,3.046662820049742416e-03,3.538604090272600474e-03,3.660989818577904155e-03,3.354213207967025098e-03,2.606741981281332759e-03,1.463370543871303974e-03,2.359345971981244565e-05,1.570412063146448337e-03,6.303350123872428039e-04,2.774011980445260190e-04,4.968513421264749135e-04,6.872574933617887427e-04,8.449955935890218718e-04,0.000000000000000000e+00,0.000000000000000000e+00,0.000000000000000000e+00,0.000000000000000000e+00,0.000000000000000000e+00,0.000000000000000000e+00,0.000000000000000000e+00,3.293010612513435666e-04,1.211985822806681571e-03,1.895384109414361643e-03,2.243465109305837427e-03,2.178528364002371969e-03,5.780593014109226477e-03,0.000000000000000000e+00,8.513091269273735228e-04,9.359026266057885899e-04,1.157110804082401179e-03,1.364693855200021415e-03,1.554820365803584199e-03,1.724139584310077069e-03,1.869834901887518349e-03,1.989672901492414193e-03,2.082034744252855493e-03,2.145933904233035278e-03,2.181023391177073622e-03,2.187584364474701084e-03,2.166505447280594066e-03,2.119244757725308875e-03,2.047778555903890293e-03,1.954542331079190190e-03,1.842353438507498891e-03,1.714334485359856773e-03,1.573818327043539651e-03
0.000000000000000000e+00,1.933368057778634124e-04,0.000000000000000000e+00,0.000000000000000000e+00,0.000000000000000000e+00,0.000000000000000000e+00,0.000000000000000000e+00,0.000000000000000000e+00,0.000000000000000000e+00,0.000000000000000000e+00,0.000000000000000000e+00,0.000000000000000000e+00,0.000000000000000000e+00,0.000000000000000000e+00,0.000000000000000000e+00,2.319159364483285458e-03,2.460140620393297482e-03,0.000000000000000000e+00,0.000000000000000000e+00,0.000000000000000000e+00,0.000000000000000000e+00,0.000000000000000000e+00,0.000000000000000000e+00,0.000000000000000000e+00,0.000000000000000000e+00,0.000000000000000000e+00,0.000000000000000000e+00,0.000000000000000000e+00,0.000000000000000000e+00,0.000000000000000000e+00,0.000000000000000000e+00,0.000000000000000000e+00,0.000000000000000000e+00,0.000000000000000000e+00,0.000000000000000000e+00,0.000000000000000000e+00,0.000000000000000000e+00,0.000000000000000000e+00,0.000000000000000000e+00,0.000000000000000000e+00,0.000000000000000000e+00,0.000000000000000000e+00,6.221268743328872046e-04,1.171287750771244892e-03,1.591532221968360028e-03,1.868237175092756289e-03,2.012544569344596867e-03,2.054831905065027282e-03,2.031855004615355353e-03,1.972304375427498362e-03,1.885976532794028876e-03,1.760014317519370021e-03,1.562767514448377840e-03,1.253122329401947519e-03,7.918489793847863223e-04,1.518701802027244273e-04,0.000000000000000000e+00,0.000000000000000000e+00,0.000000000000000000e+00,0.000000000000000000e+00,0.000000000000000000e+00,0.000000000000000000e+00,0.000000000000000000e+00,0.000000000000000000e+00,0.000000000000000000e+00,0.000000000000000000e+00,0.000000000000000000e+00,0.000000000000000000e+00,0.000000000000000000e+00,0.000000000000000000e+00,0.000000000000000000e+00,4.027869380888493057e-04,1.784280280576906828e-03,2.961287400276071784e-03,3.861194244300101067e-03,4.428559517429023554e-03,4.636980151559510349e-03,4.500869931255082820e-03,4.080811221160485051e-03,3.477400975483365807e-03,2.812749923047662848e-03,2.204146772045879627e-03,1.738228146488603231e-03,1.454344085874251062e-03,1.342415439781072684e-03,1.355058755513754770e-03,1.428643141426162722e-03,1.505369630668667138e-03,1.549181003594662064e-03,1.551484367125001516e-03,1.526703930246629207e-03,1.500994305468314341e-03,1.499148891972395961e-03,1.534523459121653983e-03,1.605027124647294195e-03,1.695530171284621466e-03,1.784456711503487874e-03,1.850977184850095911e-03,1.879670082944256016e-03,3.425726124934055754e-03,4.985642628756111611e-03,6.366151219756959606e-03,5.961647946560704424e-03,6.922590439084267376e-03,7.511928531803668124e-03,7.689394243225080271e-03,7.441780063430338509e-03,6.790927808020062739e-03,5.800593814704165831e-03,4.576571646737538288e-03,3.256108617528903626e-03,1.987147636347545276e-03,9.030350131590547409e-04,1.010790778645907642e-04,0.000000000000000000e+00,0.000000000000000000e+00,3.899460863778153380e-04,1.071398154031392557e-03,0.000000000000000000e+00,0.000000000000000000e+00,0.000000000000000000e+00,0.000000000000000000e+00,5.098964092952895536e-05,6.445829658332924558e-04,1.137827354548540159e-03,1.432748275027461273e-03,1.475279788990108620e-03,1.265996318735955950e-03,8.549520919998617992e-04,3.243217808163636334e-04,0.000000000000000000e+00,0.000000000000000000e+00,0.000000000000000000e+00,0.000000000000000000e+00,0.000000000000000000e+00,0.000000000000000000e+00,0.000000000000000000e+00,0.000000000000000000e+00,1.663984668094428817e-03,1.305353952843866941e-04,2.400813114404272473e-04,8.464699951299189820e-04,0.000000000000000000e+00,0.000000000000000000e+00,0.000000000000000000e+00,0.000000000000000000e+00,0.000000000000000000e+00,0.000000000000000000e+00,0.000000000000000000e+00,0.000000000000000000e+00,5.210766840710042520e-04,1.149266127540619692e-03,5.478583682125954223e-05,0.000000000000000000e+00,0.000000000000000000e+00,0.000000000000000000e+00,0.000000000000000000e+00,0.000000000000000000e+00,0.000000000000000000e+00,0.000000000000000000e+00,0.000000000000000000e+00,0.000000000000000000e+00,0.000000000000000000e+00,0.000000000000000000e+00,0.000000000000000000e+00,0.000000000000000000e+00,0.000000000000000000e+00,0.000000000000000000e+00,0.000000000000000000e+00,0.000000000000000000e+00,0.000000000000000000e+00,0.000000000000000000e+00,0.000000000000000000e+00,0.000000000000000000e+00,0.000000000000000000e+00,0.000000000000000000e+00,2.439499516795125712e-03,1.017136529133731053e-03,7.810544666731963903e-04,0.000000000000000000e+00,0.000000000000000000e+00,0.000000000000000000e+00,0.000000000000000000e+00,0.000000000000000000e+00,0.000000000000000000e+00,0.000000000000000000e+00,0.000000000000000000e+00,0.000000000000000000e+00,0.000000000000000000e+00,0.000000000000000000e+00,0.000000000000000000e+00,0.000000000000000000e+00,0.000000000000000000e+00,0.000000000000000000e+00,0.000000000000000000e+00,0.000000000000000000e+00,0.000000000000000000e+00,0.000000000000000000e+00,0.000000000000000000e+00,0.000000000000000000e+00,0.000000000000000000e+00,0.000000000000000000e+00,2.153029837798811055e-04,6.414849113534460507e-04,9.923427371275614708e-04,1.268953237361878815e-03,1.478495976346764530e-03,1.636220068111816179e-03,1.763329824467167175e-03,1.880711546862050840e-03,2.001096128102628283e-03,2.123714927560701928e-03,2.234723272079661410e-03,2.313886186340558676e-03,0.000000000000000000e+00,0.000000000000000000e+00,0.000000000000000000e+00,0.000000000000000000e+00,0.000000000000000000e+00,0.000000000000000000e+00,0.000000000000000000e+00,0.000000000000000000e+00,0.000000000000000000e+00,0.000000000000000000e+00,0.000000000000000000e+00,0.000000000000000000e+00,0.000000000000000000e+00,0.000000000000000000e+00,0.000000000000000000e+00,0.000000000000000000e+00,0.000000000000000000e+00,0.000000000000000000e+00,0.000000000000000000e+00,7.421366254754620706e-05,1.943100854341234815e-04,2.897716977587532026e-04,3.510521231605049329e-04,3.710589170394454762e-04,3.545679269854924579e-04,3.251411809064844367e-04,3.248066272825499254e-04,4.042580358913929438e-04,6.055693186874263039e-04,9.434350021467444343e-04,1.392633543758715030e-03,1.887798175474304568e-03,2.337156645387424882e-03,2.646530686000328394e-03,2.745834885052447511e-03,2.609199574640359148e-03,2.262141306467217120e-03,1.773869443380011275e-03,1.237979657100300550e-03,7.483798073073217672e-04,3.780774397781545317e-04,1.664620057009482377e-04,1.171060040046429442e-04,2.045507276829354861e-04,3.862376181293011575e-04,6.152280860996159340e-04,1.115046696186246635e-03,1.765305519252303263e-03,1.525051996461507416e-03,1.325173290463115819e-03,9.239427389484654307e-04,3.589125231079737894e-04,0.000000000000000000e+00,0.000000000000000000e+00,0.000000000000000000e+00,0.000000000000000000e+00,0.000000000000000000e+00,0.000000000000000000e+00,0.000000000000000000e+00,0.000000000000000000e+00,0.000000000000000000e+00,0.000000000000000000e+00,0.000000000000000000e+00,0.000000000000000000e+00,0.000000000000000000e+00,0.000000000000000000e+00,0.000000000000000000e+00,0.000000000000000000e+00,0.000000000000000000e+00,0.000000000000000000e+00,0.000000000000000000e+00,0.000000000000000000e+00,0.000000000000000000e+00,0.000000000000000000e+00,0.000000000000000000e+00,0.000000000000000000e+00,0.000000000000000000e+00,0.000000000000000000e+00,0.000000000000000000e+00,0.000000000000000000e+00,0.000000000000000000e+00,0.000000000000000000e+00,0.000000000000000000e+00,2.977634424910328981e-04,1.132629340552081341e-03,1.837754383809046647e-03,2.325737693394761343e-03,2.534772820414147015e-03,2.443245475196727592e-03,2.076635164397227454e-03,1.504483846886158242e-03,8.277145586284377892e-04,1.590611573817641970e-04,0.000000000000000000e+00,0.000000000000000000e+00,0.000000000000000000e+00,0.000000000000000000e+00,0.000000000000000000e+00,0.000000000000000000e+00,1.381581592638641827e-04,5.132256682324791257e-03,1.522326423394205390e-03,0.000000000000000000e+00,0.000000000000000000e+00,0.000000000000000000e+00,0.000000000000000000e+00,4.372782978369865156e-05,2.819182907231505570e-04,5.035289497312342433e-04,7.064123134984330631e-04,3.848324907436190858e-05,0.000000000000000000e+00,0.000000000000000000e+00,1.654149252431424228e-04,8.396235498821601586e-04,1.815993359715994959e-03,8.553251086260113848e-04,4.705869842282961370e-04,0.000000000000000000e+00,0.000000000000000000e+00,0.000000000000000000e+00,0.000000000000000000e+00,0.000000000000000000e+00,0.000000000000000000e+00,0.000000000000000000e+00,0.000000000000000000e+00,0.000000000000000000e+00,0.000000000000000000e+00,0.000000000000000000e+00,0.000000000000000000e+00,0.000000000000000000e+00,0.000000000000000000e+00,0.000000000000000000e+00,0.000000000000000000e+00,0.000000000000000000e+00,0.000000000000000000e+00,0.000000000000000000e+00,0.000000000000000000e+00,0.000000000000000000e+00,0.000000000000000000e+00,0.000000000000000000e+00,0.000000000000000000e+00,0.000000000000000000e+00,0.000000000000000000e+00,0.000000000000000000e+00,0.000000000000000000e+00,0.000000000000000000e+00,0.000000000000000000e+00,0.000000000000000000e+00,0.000000000000000000e+00,1.129383745453827652e-03,2.369624392211275906e-03,0.000000000000000000e+00,0.000000000000000000e+00,0.000000000000000000e+00,0.000000000000000000e+00,0.000000000000000000e+00,0.000000000000000000e+00,0.000000000000000000e+00,0.000000000000000000e+00,0.000000000000000000e+00,0.000000000000000000e+00,0.000000000000000000e+00,0.000000000000000000e+00,0.000000000000000000e+00,0.000000000000000000e+00,0.000000000000000000e+00,4.705794826981498920e-04,2.004212663996422089e-03,3.382069880536968994e-03,4.482952322465792901e-03,5.219140907669686524e-03,5.552354199433590098e-03,5.502146798179166284e-03,5.143976355678529788e-03,4.595916691546764535e-03,3.995422298984172699e-03,3.470225087706661337e-03,3.109653873914570467e-03,2.943575030426332818e-03,2.935159314039674592e-03,2.990585590716410714e-03,2.736955821255654744e-03,1.824832879061460207e-04,1.160771146011424851e-03,0.000000000000000000e+00
0.000000000000000000e+00,0.000000000000000000e+00,0.000000000000000000e+00,0.000000000000000000e+00,0.000000000000000000e+00,0.000000000000000000e+00,4.415848003442794222e-04,1.254817879214596178e-03,2.058948228161440810e-03,2.762777387125410836e-03,0.000000000000000000e+00,3.763586493725708834e-04,1.440079444953396752e-03,2.577603806623674897e-03,7.704999965451567352e-04,9.083697525876771985e-04,1.051636300420941486e-03,1.199478236636878845e-03,1.351128077486878727e-03,1.505853844610284195e-03,1.662935204259037136e-03,1.821639596246392434e-03,1.981196331423237117e-03,2.140774051955202529e-03,2.299460676887367470e-03,2.456245479139095283e-03,2.610011319723182146e-03,2.759528335700512768e-03,2.903457503214388908e-03,3.040360365290521120e-03,3.168717858494138773e-03,3.286951644731096831e-03,3.393456605164057744e-03,3.486633688222371286e-03,3.564931129127287338e-03,3.626884462556949264e-03,3.671157505643634147e-03,3.696587141584958477e-03,3.702218559508296640e-03,3.687345321742668391e-03,3.651536575200602357e-03,3.594663199057243023e-03,4.240699200972376445e-03,4.609148942564494748e-03,4.647262208884896453e-03,4.385716576252864443e-03,3.894176449829242926e-03,3.270036058115022813e-03,2.664022252011714279e-03,2.472562345669946857e-03,2.272882025155278408e-03,2.067606909665809303e-03,1.859464524613821694e-03,1.652458518087059893e-03,1.937808975919113816e-03,2.210032382331141368e-03,2.346293773268487599e-03,2.230649083270823309e-03,1.775842198360415031e-03,9.417474283367502320e-04,4.107820892860868231e-04,2.905982781785324941e-04,1.890358236461985215e-04,1.066156319082999594e-04,4.342037407155591096e-05,0.000000000000000000e+00,0.000000000000000000e+00,0.000000000000000000e+00,0.000000000000000000e+00,0.000000000000000000e+00,1.545371807431821003e-05,9.510732512122204926e-03,3.229538834392774171e-03,0.000000000000000000e+00,1.720946827895427017e-04,0.000000000000000000e+00,0.000000000000000000e+00,0.000000000000000000e+00,0.000000000000000000e+00,0.000000000000000000e+00,0.000000000000000000e+00,3.087322936550016342e-03,0.000000000000000000e+00,6.457664163089622648e-03,1.245049300329605178e-03,2.810446559539354818e-03,4.242263355959440332e-03,5.423779252343031987e-03,6.273308551964383931e-03,0.000000000000000000e+00,0.000000000000000000e+00,0.000000000000000000e+00,1.002900881519567123e-03,3.073782715531223845e-03,4.868815873149100193e-03,6.275750128762390585e-03,7.232617008432682716e-03,7.726324590710050011e-03,7.784100216415758104e-03,7.461907326326614430e-03,6.833893981244116081e-03,5.985287031076052047e-03,5.008773953930960483e-03,4.002189659860306767e-03,3.064296597479216049e-03,0.000000000000000000e+00,0.000000000000000000e+00,0.000000000000000000e+00,0.000000000000000000e+00,0.000000000000000000e+00,0.000000000000000000e+00,0.000000000000000000e+00,0.000000000000000000e+00,0.000000000000000000e+00,0.000000000000000000e+00,8.744901254757138148e-04,2.137464235876886543e-03,0.000000000000000000e+00,0.000000000000000000e+00,0.000000000000000000e+00,0.000000000000000000e+00,0.000000000000000000e+00,4.866850573182725714e-04,1.281255275237993879e-03,1.971940909117611638e-03,1.215751807694934964e-03,1.348321450692457728e-03,1.452696531399312639e-03,1.529242546271015720e-03,1.578805786143699149e-03,1.602664748000837873e-03,1.602477758646581908e-03,1.580220364740125057e-03,1.652254931187735129e-03,1.995789194100535107e-03,2.115037270954687239e-03,2.018274227985677668e-03,1.753110802245278670e-03,1.391123438910991505e-03,1.008679678668366253e-03,8.976138712224039119e-04,7.860979794614065446e-04,6.760319806150575858e-04,5.691132926072110278e-04,4.668319329706378286e-04,3.704745814670595914e-04,1.030124183933709943e-03,1.389887877154526554e-03,1.428051010665275147e-03,1.191976832115931688e-03,7.532291155651461107e-04,1.921870803664306275e-04,0.000000000000000000e+00,0.000000000000000000e+00,0.000000000000000000e+00,0.000000000000000000e+00,0.000000000000000000e+00,0.000000000000000000e+00,6.360374898390429159e-06,2.331327832152446297e-04,5.806814864299255198e-04,1.060919543755334824e-03,1.663597265363703399e-03,2.353397149505744718e-03,3.069702855299070391e-03,3.730351346556097427e-03,4.241085413551641189e-03,4.511306317649780261e-03,4.474177561688560435e-03,4.106286052290022796e-03,3.440489477176437386e-03,0.000000000000000000e+00,0.000000000000000000e+00,5.545190601914957301e-04,4.429273870325461070e-03,0.000000000000000000e+00,0.000000000000000000e+00,0.000000000000000000e+00,0.000000000000000000e+00,0.000000000000000000e+00,0.000000000000000000e+00,0.000000000000000000e+00,1.225630211722716846e-04,2.600151953087779361e-04,3.508966866541194242e-04,4.633573771244500652e-04,3.617315501669214270e-03,0.000000000000000000e+00,0.000000000000000000e+00,0.000000000000000000e+00,0.000000000000000000e+00,0.000000000000000000e+00,0.000000000000000000e+00,0.000000000000000000e+00,0.000000000000000000e+00,0.000000000000000000e+00,0.000000000000000000e+00,0.000000000000000000e+00,0.000000000000000000e+00,0.000000000000000000e+00,1.866206560527751846e-03,1.133434913791828451e-03,0.000000000000000000e+00,0.000000000000000000e+00,0.000000000000000000e+00,0.000000000000000000e+00,0.000000000000000000e+00,0.000000000000000000e+00,0.000000000000000000e+00,0.000000000000000000e+00,0.000000000000000000e+00,0.000000000000000000e+00,0.000000000000000000e+00,0.000000000000000000e+00,0.000000000000000000e+00,0.000000000000000000e+00,0.000000000000000000e+00,0.000000000000000000e+00,0.000000000000000000e+00,0.000000000000000000e+00,0.000000000000000000e+00,0.000000000000000000e+00,0.000000000000000000e+00,0.000000000000000000e+00,0.000000000000000000e+00,0.000000000000000000e+00,0.000000000000000000e+00,0.000000000000000000e+00,0.000000000000000000e+00,0.000000000000000000e+00,0.000000000000000000e+00,0.000000000000000000e+00,0.000000000000000000e+00,0.000000000000000000e+00,0.000000000000000000e+00,0.000000000000000000e+00,0.000000000000000000e+00,0.000000000000000000e+00,0.000000000000000000e+00,4.642047451787618658e-04,1.778796597929742634e-03,2.942164339491040465e-03,3.876454467605340397e-03,4.519020658797771872e-03,4.830432695351540191e-03,4.801777474966860242e-03,4.459368652568386493e-03,3.864614741670125211e-03,3.107261680284289888e-03,2.291544964052788513e-03,1.517016949328376914e-03,8.583062124090355422e-04,3.497671760668427058e-04,0.000000000000000000e+00,0.000000000000000000e+00,0.000000000000000000e+00,0.000000000000000000e+00,0.000000000000000000e+00,0.000000000000000000e+00,0.000000000000000000e+00,0.000000000000000000e+00,0.000000000000000000e+00,0.000000000000000000e+00,0.000000000000000000e+00,0.000000000000000000e+00,0.000000000000000000e+00,0.000000000000000000e+00,0.000000000000000000e+00,2.228153306551820410e-04,1.102732372932728466e-03,2.026201479834954799e-03,2.922003111229247007e-03,3.710645911052132002e-03,4.317100485875669490e-03,4.683434836677834862e-03,4.778994624097686675e-03,4.606556628696079070e-03,4.203694487473527697e-03,3.639208259936405412e-03,3.004811581065405454e-03,1.154661152303149878e-03,1.143032889508815335e-03,1.325242129041497236e-03,0.000000000000000000e+00,0.000000000000000000e+00,0.000000000000000000e+00,0.000000000000000000e+00,0.000000000000000000e+00,0.000000000000000000e+00,0.000000000000000000e+00,0.000000000000000000e+00,0.000000000000000000e+00,0.000000000000000000e+00,0.000000000000000000e+00,0.000000000000000000e+00,1.875459226382962562e-04,9.168725506255448335e-04,0.000000000000000000e+00,0.000000000000000000e+00,0.000000000000000000e+00,0.000000000000000000e+00,0.000000000000000000e+00,0.000000000000000000e+00,0.000000000000000000e+00,0.000000000000000000e+00,0.000000000000000000e+00,0.000000000000000000e+00,0.000000000000000000e+00,0.000000000000000000e+00,0.000000000000000000e+00,0.000000000000000000e+00,0.000000000000000000e+00,0.000000000000000000e+00,0.000000000000000000e+00,0.000000000000000000e+00,0.000000000000000000e+00,1.368373017622339771e-03,1.387239212257463685e-04,2.914554161820931844e-03,1.824959280014344957e-03,0.000000000000000000e+00,0.000000000000000000e+00,0.000000000000000000e+00,0.000000000000000000e+00,0.000000000000000000e+00,0.000000000000000000e+00,1.012675089644310411e-03,2.248984956120785180e-04,0.000000000000000000e+00,5.956679333600691656e-04,0.000000000000000000e+00,0.000000000000000000e+00,1.106399655498104461e-03,0.000000000000000000e+00,0.000000000000000000e+00,1.739583505990272743e-03,7.117410066146813517e-04,1.434277870739749479e-03,0.000000000000000000e+00,0.000000000000000000e+00,0.000000000000000000e+00,3.789618927992156666e-04,1.847040435107135314e-03,0.000000000000000000e+00,0.000000000000000000e+00,0.000000000000000000e+00,0.000000000000000000e+00,0.000000000000000000e+00,0.000000000000000000e+00,0.000000000000000000e+00,0.000000000000000000e+00,0.000000000000000000e+00,0.000000000000000000e+00,0.000000000000000000e+00,0.000000000000000000e+00,0.000000000000000000e+00,0.000000000000000000e+00,0.000000000000000000e+00,0.000000000000000000e+00,0.000000000000000000e+00,0.000000000000000000e+00,0.000000000000000000e+00,0.000000000000000000e+00,0.000000000000000000e+00,0.000000000000000000e+00,0.000000000000000000e+00,0.000000000000000000e+00,0.000000000000000000e+00,0.000000000000000000e+00,0.000000000000000000e+00,0.000000000000000000e+00,0.000000000000000000e+00,0.000000000000000000e+00,0.000000000000000000e+00,3.647997190776172357e-04,8.713968683753828617e-04,1.408491166631890357e-03,2.040162789959389881e-03,2.795177972255171155e-03,3.656326806798405969e-03,4.562410740313177331e-03,5.419979771457966201e-03,6.120185714575074667e-03,6.556665081695273525e-03,6.642082416699009173e-03,6.322362545166314643e-03,5.587837242473964530e-03,4.479718799079828069e-03,3.089495704234635712e-03,1.549182623900362005e-03,1.236699132994830899e-05,0.000000000000000000e+00,0.000000000000000000e+00,0.000000000000000000e+00,0.000000000000000000e+00,1.771052717330473514e-04,4.874331134465613425e-04,6.481779927487768458e-04,6.408770734062953483e-04,4.581505969325346483e-04
1.763768379255960697e-08,8.479097397063073719e-04,1.570006451994885623e-03,0.000000000000000000e+00,0.000000000000000000e+00,0.000000000000000000e+00,0.000000000000000000e+00,0.000000000000000000e+00,0.000000000000000000e+00,0.000000000000000000e+00,0.000000000000000000e+00,0.000000000000000000e+00,0.000000000000000000e+00,0.000000000000000000e+00,0.000000000000000000e+00,0.000000000000000000e+00,0.000000000000000000e+00,0.000000000000000000e+00,3.292950594004965658e-03,0.000000000000000000e+00,0.000000000000000000e+00,0.000000000000000000e+00,0.000000000000000000e+00,0.000000000000000000e+00,0.000000000000000000e+00,0.000000000000000000e+00,0.000000000000000000e+00,1.246447497068260807e-05,7.212336088113020967e-04,1.283196366744717397e-03,1.657553046149126165e-03,1.837576356358978837e-03,1.843348560798336233e-03,1.709519365186809884e-03,1.472697628346592014e-03,1.162102202126219985e-03,7.950503110292399603e-04,3.770464140620756639e-04,5.555095383081203389e-04,7.088693638406406592e-04,7.154144984955240934e-04,1.265169543690899609e-03,1.666549435769152992e-03,1.869181247797204338e-03,1.850479110998307477e-03,1.619664942135361739e-03,1.213597901127897198e-03,6.855787002842132685e-04,9.090455386951335935e-05,0.000000000000000000e+00,0.000000000000000000e+00,0.000000000000000000e+00,0.000000000000000000e+00,0.000000000000000000e+00,0.000000000000000000e+00,0.000000000000000000e+00,0.000000000000000000e+00,0.000000000000000000e+00,0.000000000000000000e+00,0.000000000000000000e+00,0.000000000000000000e+00,0.000000000000000000e+00,0.000000000000000000e+00,0.000000000000000000e+00,0.000000000000000000e+00,0.000000000000000000e+00,0.000000000000000000e+00,0.000000000000000000e+00,0.000000000000000000e+00,0.000000000000000000e+00,0.000000000000000000e+00,0.000000000000000000e+00,3.822578027367928865e-04,7.183378388313616750e-04,8.576529137423975898e-04,7.614165932673348921e-04,4.403348085359481165e-04,0.000000000000000000e+00,0.000000000000000000e+00,0.000000000000000000e+00,0.000000000000000000e+00,0.000000000000000000e+00,0.000000000000000000e+00,0.000000000000000000e+00,5.688330477391694359e-05,6.816207220871554461e-04,1.500329480553803246e-03,2.258749998365970624e-03,0.000000000000000000e+00,0.000000000000000000e+00,0.000000000000000000e+00,0.000000000000000000e+00,0.000000000000000000e+00,0.000000000000000000e+00,0.000000000000000000e+00,0.000000000000000000e+00,0.000000000000000000e+00,0.000000000000000000e+00,0.000000000000000000e+00,0.000000000000000000e+00,0.000000000000000000e+00,0.000000000000000000e+00,6.287864991616077658e-04,0.000000000000000000e+00,0.000000000000000000e+00,0.000000000000000000e+00,0.000000000000000000e+00,0.000000000000000000e+00,0.000000000000000000e+00,0.000000000000000000e+00,1.961327010906245213e-03,0.000000000000000000e+00,0.000000000000000000e+00,0.000000000000000000e+00,0.000000000000000000e+00,2.319226439837388052e-03,0.000000000000000000e+00,0.000000000000000000e+00,0.000000000000000000e+00,0.000000000000000000e+00,0.000000000000000000e+00,3.708422151740230037e-03,2.441066921319805640e-04,4.064986203580609652e-04,8.582252622341883606e-04,1.178213907588377719e-03,1.369156276992469388e-03,1.460164824447491086e-03,1.491424442035537822e-03,1.498090647915027935e-03,1.498736387920751372e-03,1.491469543553446651e-03,1.457881437053819198e-03,1.372415271332578460e-03,1.213397410237311309e-03,9.720840215867835882e-04,1.371570330038458709e-03,1.997351997563237384e-03,2.529939013163939269e-03,2.959962314614322451e-03,3.301373625440614905e-03,3.586358350081733128e-03,3.854009816055380209e-03,4.136486441536692607e-03,4.447529298886086432e-03,4.777549811064744738e-03,5.097032446376218578e-03,5.366705827260346423e-03,5.550286394361428691e-03,5.624889313944681987e-03,5.585721171649801232e-03,5.444561646311282810e-03,3.435664187464959520e-03,2.824786021822064692e-03,2.279676976797763346e-03,1.851617287110540267e-03,1.577441094885713175e-03,1.475182303608093539e-03,1.539988982801846580e-03,1.741452396688700872e-03,2.024647979088005194e-03,2.316829655886666010e-03,0.000000000000000000e+00,0.000000000000000000e+00,0.000000000000000000e+00,0.000000000000000000e+00,0.000000000000000000e+00,0.000000000000000000e+00,0.000000000000000000e+00,0.000000000000000000e+00,0.000000000000000000e+00,0.000000000000000000e+00,0.000000000000000000e+00,0.000000000000000000e+00,0.000000000000000000e+00,0.000000000000000000e+00,0.000000000000000000e+00,0.000000000000000000e+00,0.000000000000000000e+00,0.000000000000000000e+00,0.000000000000000000e+00,0.000000000000000000e+00,0.000000000000000000e+00,0.000000000000000000e+00,0.000000000000000000e+00,0.000000000000000000e+00,1.743462104975483477e-04,6.886890720386592505e-04,9.961290543087125866e-04,1.116060539428346057e-03,1.100304652530622934e-03,1.024443119410003468e-03,9.762903960735850543e-04,1.041979241304885964e-03,1.290670835494021245e-03,1.760484450614575045e-03,0.000000000000000000e+00,0.000000000000000000e+00,0.000000000000000000e+00,0.000000000000000000e+00,0.000000000000000000e+00,0.000000000000000000e+00,0.000000000000000000e+00,0.000000000000000000e+00,0.000000000000000000e+00,0.000000000000000000e+00,0.000000000000000000e+00,0.000000000000000000e+00,0.000000000000000000e+00,0.000000000000000000e+00,0.000000000000000000e+00,0.000000000000000000e+00,0.000000000000000000e+00,0.000000000000000000e+00,5.426830297922718071e-04,1.810280417698598631e-03,1.976335671476398860e-03,0.000000000000000000e+00,0.000000000000000000e+00,0.000000000000000000e+00,0.000000000000000000e+00,0.000000000000000000e+00,0.000000000000000000e+00,0.000000000000000000e+00,0.000000000000000000e+00,0.000000000000000000e+00,0.000000000000000000e+00,0.000000000000000000e+00,0.000000000000000000e+00,0.000000000000000000e+00,0.000000000000000000e+00,0.000000000000000000e+00,0.000000000000000000e+00,0.000000000000000000e+00,5.938432395244505526e-04,1.365099771250021356e-03,2.149680635692328371e-03,2.944086167806999471e-03,0.000000000000000000e+00,0.000000000000000000e+00,0.000000000000000000e+00,0.000000000000000000e+00,0.000000000000000000e+00,0.000000000000000000e+00,0.000000000000000000e+00,0.000000000000000000e+00,0.000000000000000000e+00,0.000000000000000000e+00,0.000000000000000000e+00,0.000000000000000000e+00,0.000000000000000000e+00,0.000000000000000000e+00,0.000000000000000000e+00,0.000000000000000000e+00,0.000000000000000000e+00,0.000000000000000000e+00,0.000000000000000000e+00,3.121065453391893706e-04,8.444914550190858347e-04,0.000000000000000000e+00,0.000000000000000000e+00,0.000000000000000000e+00,0.000000000000000000e+00,0.000000000000000000e+00,0.000000000000000000e+00,1.002542843149053977e-03,0.000000000000000000e+00,0.000000000000000000e+00,0.000000000000000000e+00,0.000000000000000000e+00,0.000000000000000000e+00,0.000000000000000000e+00,0.000000000000000000e+00,0.000000000000000000e+00,0.000000000000000000e+00,0.000000000000000000e+00,8.237392926272816543e-04,1.665255906599314101e-03,2.342901852826755494e-03,2.788931794665550513e-03,2.977993482078288272e-03,2.930041619591461019e-03,2.701892723912789097e-03,2.369592190314877365e-03,2.007044730215791408e-03,1.667657871506279159e-03,1.374465573193969347e-03,1.120897695131307806e-03,8.805666658564301587e-04,6.216918747575008721e-04,3.210016462532413626e-04,0.000000000000000000e+00,0.000000000000000000e+00,0.000000000000000000e+00,0.000000000000000000e+00,0.000000000000000000e+00,0.000000000000000000e+00,0.000000000000000000e+00,0.000000000000000000e+00,0.000000000000000000e+00,0.000000000000000000e+00,0.000000000000000000e+00,0.000000000000000000e+00,0.000000000000000000e+00,0.000000000000000000e+00,0.000000000000000000e+00,4.455392511880480137e-04,1.464896877693573672e-03,2.655463645640587702e-03,3.956961475235584551e-03,5.278899173535270446e-03,6.514491904046312495e-03,7.556413423191674084e-03,8.311374666215027435e-03,8.711925158712991238e-03,8.724880155483630273e-03,8.355814038704324070e-03,7.648553283611840385e-03,6.678533733177314385e-03,5.540084277297027161e-03,4.329983562366222088e-03,3.131764554254034584e-03,2.005702463615255393e-03,1.010418321073948368e-03,9.796790995296126431e-04,7.454048441510600009e-04,3.175215437643878172e-04,0.000000000000000000e+00,0.000000000000000000e+00,0.000000000000000000e+00,0.000000000000000000e+00,0.000000000000000000e+00,0.000000000000000000e+00,1.141397013134300012e-03,3.803938835375308188e-03,6.129089190459739885e-04,1.945172618615652630e-04,6.601151182432977126e-04,1.132197414199492998e-03,1.609823894128574158e-03,2.088517298939968504e-03,2.557960322859443789e-03,0.000000000000000000e+00,0.000000000000000000e+00,0.000000000000000000e+00,0.000000000000000000e+00,0.000000000000000000e+00,0.000000000000000000e+00,0.000000000000000000e+00,0.000000000000000000e+00,0.000000000000000000e+00,0.000000000000000000e+00,0.000000000000000000e+00,0.000000000000000000e+00,0.000000000000000000e+00,0.000000000000000000e+00,0.000000000000000000e+00,0.000000000000000000e+00,0.000000000000000000e+00,0.000000000000000000e+00,0.000000000000000000e+00,0.000000000000000000e+00,0.000000000000000000e+00,0.000000000000000000e+00,3.262735216626022871e-05,4.332824002441695702e-04,8.275772332587842716e-04,1.467705021289699308e-03,1.113232657508347271e-03,2.074042420025910220e-03,2.195907894195789876e-03,2.420694556248379099e-03,2.647407947260484954e-03,2.874526875435609065e-03,3.100511877787562928e-03,0.000000000000000000e+00,0.000000000000000000e+00,0.000000000000000000e+00,0.000000000000000000e+00,0.000000000000000000e+00,0.000000000000000000e+00,0.000000000000000000e+00,0.000000000000000000e+00,0.000000000000000000e+00,0.000000000000000000e+00,0.000000000000000000e+00,0.000000000000000000e+00,0.000000000000000000e+00,0.000000000000000000e+00,0.000000000000000000e+00,0.000000000000000000e+00,0.000000000000000000e+00,0.000000000000000000e+00,0.000000000000000000e+00,0.000000000000000000e+00,0.000000000000000000e+00,0.000000000000000000e+00,0.000000000000000000e+00,0.000000000000000000e+00,0.000000000000000000e+00
3.376940962293016494e-07,5.118415077070002147e-04,1.016927578386585740e-03,1.483831253457077283e-03,1.862949569660563758e-03,2.096551235627431078e-03,2.134125722775031837e-03,1.948181932291562527e-03,1.544800916700831816e-03,9.650501268832251296e-04,2.766879614969043003e-04,0.000000000000000000e+00,0.000000000000000000e+00,0.000000000000000000e+00,0.000000000000000000e+00,0.000000000000000000e+00,0.000000000000000000e+00,0.000000000000000000e+00,0.000000000000000000e+00,0.000000000000000000e+00,0.000000000000000000e+00,0.000000000000000000e+00,0.000000000000000000e+00,0.000000000000000000e+00,0.000000000000000000e+00,0.000000000000000000e+00,0.000000000000000000e+00,0.000000000000000000e+00,0.000000000000000000e+00,0.000000000000000000e+00,0.000000000000000000e+00,0.000000000000000000e+00,0.000000000000000000e+00,5.026859359933235401e-04,1.422701607428438668e-03,2.433344598449458870e-03,3.441034211805034815e-03,4.328574013524277148e-03,4.976336152529381961e-03,5.283644349968274513e-03,5.186962852372458896e-03,4.672748795131856196e-03,3.783511302208835900e-03,4.235119005899818691e-03,4.765604319043519575e-03,4.947595284662648432e-03,4.790463871020850944e-03,4.340224715546606507e-03,5.990466370580690113e-03,0.000000000000000000e+00,0.000000000000000000e+00,0.000000000000000000e+00,2.647543956580537903e-03,0.000000000000000000e+00,0.000000000000000000e+00,1.819102271348305410e-05,8.146782565042805658e-05,1.607583147816758541e-06,1.829965083244312072e-04,0.000000000000000000e+00,0.000000000000000000e+00,0.000000000000000000e+00,0.000000000000000000e+00,0.000000000000000000e+00,0.000000000000000000e+00,0.000000000000000000e+00,0.000000000000000000e+00,1.128648753918589450e-04,4.436755252376615609e-04,6.079042308507734329e-04,5.282441828656324464e-04,0.000000000000000000e+00,4.443602790369347607e-04,1.256721033119352019e-03,0.000000000000000000e+00,0.000000000000000000e+00,0.000000000000000000e+00,0.000000000000000000e+00,0.000000000000000000e+00,0.000000000000000000e+00,0.000000000000000000e+00,0.000000000000000000e+00,0.000000000000000000e+00,0.000000000000000000e+00,0.000000000000000000e+00,0.000000000000000000e+00,0.000000000000000000e+00,0.000000000000000000e+00,0.000000000000000000e+00,0.000000000000000000e+00,0.000000000000000000e+00,0.000000000000000000e+00,0.000000000000000000e+00,0.000000000000000000e+00,0.000000000000000000e+00,2.591743275487807564e-03,0.000000000000000000e+00,0.000000000000000000e+00,0.000000000000000000e+00,0.000000000000000000e+00,0.000000000000000000e+00,0.000000000000000000e+00,0.000000000000000000e+00,0.000000000000000000e+00,3.181491918461919199e-03,0.000000000000000000e+00,1.243105672536833507e-03,8.049356842745307319e-05,0.000000000000000000e+00,0.000000000000000000e+00,2.440575557183164411e-05,1.213699872117752549e-04,3.701943875788625180e-04,7.877656720206524001e-04,1.342823600630481265e-03,1.806701461538874794e-03,0.000000000000000000e+00,0.000000000000000000e+00,0.000000000000000000e+00,0.000000000000000000e+00,0.000000000000000000e+00,0.000000000000000000e+00,0.000000000000000000e+00,0.000000000000000000e+00,0.000000000000000000e+00,0.000000000000000000e+00,0.000000000000000000e+00,0.000000000000000000e+00,0.000000000000000000e+00,0.000000000000000000e+00,0.000000000000000000e+00,0.000000000000000000e+00,0.000000000000000000e+00,0.000000000000000000e+00,0.000000000000000000e+00,0.000000000000000000e+00,0.000000000000000000e+00,0.000000000000000000e+00,8.683603152171406184e-06,1.074262624295378938e-03,2.017796315010206374e-03,2.783844279628974652e-03,3.341401664605690713e-03,4.935423640556375717e-03,9.229177046322894606e-04,9.708371414485210838e-04,9.958938081890966743e-04,9.974027260223304603e-04,9.752229094724183638e-04,9.297469232125314459e-04,8.618768992842613420e-04,7.729860392365588010e-04,6.648652793784571614e-04,5.396594115288865477e-04,3.997938212365966426e-04,2.478944739423177596e-04,8.670365327810558836e-05,0.000000000000000000e+00,0.000000000000000000e+00,0.000000000000000000e+00,0.000000000000000000e+00,0.000000000000000000e+00,0.000000000000000000e+00,0.000000000000000000e+00,0.000000000000000000e+00,0.000000000000000000e+00,0.000000000000000000e+00,0.000000000000000000e+00,0.000000000000000000e+00,0.000000000000000000e+00,0.000000000000000000e+00,0.000000000000000000e+00,0.000000000000000000e+00,0.000000000000000000e+00,0.000000000000000000e+00,0.000000000000000000e+00,0.000000000000000000e+00,0.000000000000000000e+00,0.000000000000000000e+00,0.000000000000000000e+00,0.000000000000000000e+00,0.000000000000000000e+00,0.000000000000000000e+00,0.000000000000000000e+00,0.000000000000000000e+00,8.251531330666418717e-05,3.689507130738600466e-04,7.236059127454545162e-04,1.140075882252238873e-03,1.592323754484084456e-03,2.038591785638479374e-03,2.428640808096365570e-03,2.712602797598240648e-03,2.849639926952700093e-03,2.814833418708783015e-03,2.603041784352705564e-03,2.926245960712818821e-03,3.468687146702788618e-03,3.952656751827655392e-03,4.312742220347510688e-03,4.504284719402434217e-03,4.514807359590387870e-03,4.366137055086406760e-03,4.107370931169276179e-03,3.801371914216220959e-03,3.508624593058683443e-03,3.272276496313133564e-03,3.107580192416118173e-03,2.998110019420309122e-03,2.900155335961059934e-03,4.006219892840852566e-03,0.000000000000000000e+00,0.000000000000000000e+00,0.000000000000000000e+00,4.522061076265643177e-04,0.000000000000000000e+00,0.000000000000000000e+00,0.000000000000000000e+00,0.000000000000000000e+00,0.000000000000000000e+00,0.000000000000000000e+00,0.000000000000000000e+00,2.918218368907547181e-04,1.113248494802669599e-03,1.819109253396021574e-03,2.331629201065436863e-03,2.605868126243134335e-03,2.630904866636273910e-03,2.425292319331405402e-03,2.029048534115261877e-03,1.494510421579768166e-03,8.777389997031220196e-04,2.313663609220898971e-04,0.000000000000000000e+00,0.000000000000000000e+00,0.000000000000000000e+00,0.000000000000000000e+00,0.000000000000000000e+00,0.000000000000000000e+00,0.000000000000000000e+00,0.000000000000000000e+00,0.000000000000000000e+00,0.000000000000000000e+00,0.000000000000000000e+00,0.000000000000000000e+00,0.000000000000000000e+00,0.000000000000000000e+00,0.000000000000000000e+00,0.000000000000000000e+00,0.000000000000000000e+00,0.000000000000000000e+00,0.000000000000000000e+00,0.000000000000000000e+00,0.000000000000000000e+00,6.877898950201316480e-06,2.581272439256283163e-04,3.957048573203589422e-04,3.880277225130656965e-04,2.262675890291291226e-04,2.388976057701402601e-05,9.991438986279542467e-04,1.789635938441964036e-03,2.366414314092804994e-03,2.715330174189856290e-03,2.834631432821441664e-03,2.733746278689365861e-03,2.434281898771045814e-03,1.972830010763694693e-03,1.483507049831450609e-03,2.082539643872013436e-03,2.456692478217130295e-03,2.560808458197487685e-03,2.405645412852984964e-03,2.048694201413418705e-03,1.573074259318114768e-03,0.000000000000000000e+00,5.288599618586512247e-07,0.000000000000000000e+00,0.000000000000000000e+00,0.000000000000000000e+00,0.000000000000000000e+00,0.000000000000000000e+00,0.000000000000000000e+00,9.407004447587561258e-04,0.000000000000000000e+00,0.000000000000000000e+00,1.248886776310799548e-03,3.088431138083152974e-03,0.000000000000000000e+00,0.000000000000000000e+00,0.000000000000000000e+00,0.000000000000000000e+00,0.000000000000000000e+00,5.395831853628906731e-04,1.729882068563742218e-03,2.793142540521164046e-03,3.657993497538979209e-03,0.000000000000000000e+00,0.000000000000000000e+00,0.000000000000000000e+00,0.000000000000000000e+00,0.000000000000000000e+00,0.000000000000000000e+00,0.000000000000000000e+00,0.000000000000000000e+00,0.000000000000000000e+00,0.000000000000000000e+00,0.000000000000000000e+00,0.000000000000000000e+00,0.000000000000000000e+00,0.000000000000000000e+00,0.000000000000000000e+00,0.000000000000000000e+00,0.000000000000000000e+00,0.000000000000000000e+00,0.000000000000000000e+00,0.000000000000000000e+00,0.000000000000000000e+00,0.000000000000000000e+00,0.000000000000000000e+00,0.000000000000000000e+00,0.000000000000000000e+00,0.000000000000000000e+00,8.295341061383117523e-05,1.808242154632628152e-03,3.563892478351482485e-03,5.194227469093698826e-03,0.000000000000000000e+00,0.000000000000000000e+00,0.000000000000000000e+00,0.000000000000000000e+00,0.000000000000000000e+00,0.000000000000000000e+00,0.000000000000000000e+00,0.000000000000000000e+00,0.000000000000000000e+00,6.133000667076452667e-04,3.096715551701610062e-03,0.000000000000000000e+00,3.991777379157805260e-04,8.238477017615785910e-04,1.053849938354800477e-03,1.074216169478673516e-03,8.864825562889638551e-04,5.112102310484219377e-04,0.000000000000000000e+00,0.000000000000000000e+00,0.000000000000000000e+00,0.000000000000000000e+00,2.769142018112412331e-04,1.052216014162601996e-03,1.918714564863685090e-03,2.819466491107168026e-03,3.673189865553964321e-03,4.391271513731265404e-03,4.897521952506351736e-03,5.144762236069464097e-03,5.123966980355458903e-03,4.864198280728654865e-03,4.424042053710677824e-03,3.877080790451803167e-03,3.218810833416328905e-03,0.000000000000000000e+00,0.000000000000000000e+00,7.987359301044828688e-04,1.998851440492234108e-03,3.092436381550082818e-03,0.000000000000000000e+00,0.000000000000000000e+00,0.000000000000000000e+00,0.000000000000000000e+00,0.000000000000000000e+00,0.000000000000000000e+00,0.000000000000000000e+00,0.000000000000000000e+00,0.000000000000000000e+00,0.000000000000000000e+00,8.466841491422073460e-05,1.857334916197341446e-04,3.104644899893342505e-04,5.129847092778462743e-04,8.197366273472671792e-04,1.223280550269161167e-03,2.126044906861442388e-03,0.000000000000000000e+00,0.000000000000000000e+00,0.000000000000000000e+00,0.000000000000000000e+00,0.000000000000000000e+00,0.000000000000000000e+00,0.000000000000000000e+00,0.000000000000000000e+00,7.157574258753294659e-05,5.022143033638944024e-04,1.045274918478259927e-03,1.831874007737974369e-03,2.389824092641303944e-03,2.636979359495323066e-03,1.456046205757484738e-04,0.000000000000000000e+00
6.760416198813664820e-08,0.000000000000000000e+00,0.000000000000000000e+00,0.000000000000000000e+00,0.000000000000000000e+00,0.000000000000000000e+00,0.000000000000000000e+00,0.000000000000000000e+00,0.000000000000000000e+00,0.000000000000000000e+00,0.000000000000000000e+00,0.000000000000000000e+00,0.000000000000000000e+00,0.000000000000000000e+00,0.000000000000000000e+00,0.000000000000000000e+00,0.000000000000000000e+00,0.000000000000000000e+00,0.000000000000000000e+00,0.000000000000000000e+00,0.000000000000000000e+00,0.000000000000000000e+00,0.000000000000000000e+00,0.000000000000000000e+00,0.000000000000000000e+00,0.000000000000000000e+00,6.561716440089252790e-04,2.074996781909788177e-03,0.000000000000000000e+00,0.000000000000000000e+00,0.000000000000000000e+00,3.158820607746647287e-04,9.352541775874927263e-04,1.517160023480211952e-03,1.971683799658952452e-03,2.230043125090643702e-03,2.259321278808400311e-03,2.070938902956338638e-03,1.719027847058071396e-03,1.287226952575774158e-03,8.662936902871508664e-04,5.288336336344567901e-04,3.094000667580964320e-04,1.969764863879853274e-04,1.426070738713453186e-04,7.938096810971532070e-05,0.000000000000000000e+00,0.000000000000000000e+00,0.000000000000000000e+00,0.000000000000000000e+00,0.000000000000000000e+00,0.000000000000000000e+00,0.000000000000000000e+00,0.000000000000000000e+00,0.000000000000000000e+00,0.000000000000000000e+00,0.000000000000000000e+00,0.000000000000000000e+00,0.000000000000000000e+00,0.000000000000000000e+00,0.000000000000000000e+00,0.000000000000000000e+00,0.000000000000000000e+00,0.000000000000000000e+00,0.000000000000000000e+00,0.000000000000000000e+00,0.000000000000000000e+00,0.000000000000000000e+00,0.000000000000000000e+00,5.899164925544548928e-06,1.292736079486554279e-04,1.400111467703026155e-04,2.282695865653829208e-05,0.000000000000000000e+00,0.000000000000000000e+00,0.000000000000000000e+00,0.000000000000000000e+00,0.000000000000000000e+00,1.155685422021199960e-04,1.909588993059734366e-04,1.553531721127201617e-05,0.000000000000000000e+00,0.000000000000000000e+00,0.000000000000000000e+00,0.000000000000000000e+00,0.000000000000000000e+00,0.000000000000000000e+00,0.000000000000000000e+00,3.619024252155588818e-04,1.221015479275852503e-03,1.997808239825906319e-03,2.661531312011079266e-03,3.196071821532151316e-03,3.597927439673886171e-03,3.872400271267648336e-03,4.029462388750800796e-03,4.080507112624163178e-03,4.036647129037268696e-03,3.908608265604611269e-03,3.707800293688815699e-03,3.447837225151973058e-03,3.145711120119523956e-03,2.822005482562343209e-03,2.499971404552640223e-03,4.030072705493070099e-04,8.967384277893613405e-04,1.320611351204079454e-03,1.651453832461337702e-03,1.866107280165039050e-03,1.941136796237539000e-03,1.854390166851605263e-03,1.589116281936897449e-03,1.140206699683962406e-03,5.209278682677327991e-04,0.000000000000000000e+00,0.000000000000000000e+00,0.000000000000000000e+00,0.000000000000000000e+00,0.000000000000000000e+00,0.000000000000000000e+00,0.000000000000000000e+00,0.000000000000000000e+00,0.000000000000000000e+00,0.000000000000000000e+00,0.000000000000000000e+00,2.416016088910064217e-05,1.195408859885168729e-03,2.379893939620207708e-03,9.559063765533840767e-03,0.000000000000000000e+00,0.000000000000000000e+00,0.000000000000000000e+00,0.000000000000000000e+00,0.000000000000000000e+00,0.000000000000000000e+00,0.000000000000000000e+00,0.000000000000000000e+00,0.000000000000000000e+00,3.993816308122155362e-04,1.079488039297279382e-03,1.661725984672586922e-03,2.153117902489760406e-03,2.567233400992754121e-03,2.923390529239761927e-03,3.242224615870430322e-03,3.539609209319873918e-03,3.822326560988183880e-03,4.088102041951498407e-03,4.330132682529618318e-03,4.543545570096377620e-03,4.730017856865444473e-03,4.897767653930617041e-03,5.056675798377066773e-03,5.210909150674249667e-03,5.352744964543980702e-03,5.460770284792036515e-03,5.503746210568765881e-03,5.449179878059275638e-03,5.273942462361458361e-03,4.973587804211478461e-03,4.567428363069018539e-03,4.097617783687798262e-03,3.622182548376426132e-03,3.203667151439739541e-03,2.896283964877512020e-03,2.734800791561856764e-03,2.727677568618450468e-03,2.855530440889771961e-03,3.074480321234013443e-03,3.322996728735706697e-03,3.530712165026803507e-03,3.628110250138222564e-03,3.556428184972249690e-03,3.277069383597245623e-03,2.779298645802225423e-03,2.084420693202177106e-03,1.244664081405713043e-03,7.111365237733815623e-04,8.562519125409600446e-04,1.009285486374107178e-03,1.169637367077924544e-03,1.336600270165907729e-03,5.922808461837457275e-04,7.588442732420385339e-04,8.736210952195105428e-04,9.172890807372074528e-04,8.973910221464799497e-04,8.437667700640045588e-04,7.979654606163450684e-04,7.998174535922970537e-04,8.747867822797117214e-04,1.025311282914634532e-03,1.228250927857333892e-03,1.439152496867570274e-03,1.602517511337016049e-03,1.665870114795703827e-03,1.594356903439520358e-03,1.382222215173122817e-03,1.057989513532357978e-03,6.815908539391540193e-04,3.336595122514380294e-04,9.916492186122590651e-05,4.900591728044364148e-05,2.237535854208968827e-04,6.234221689334857935e-04,1.205924948002226127e-03,1.894899810905221462e-03,3.684680369994993918e-03,0.000000000000000000e+00,0.000000000000000000e+00,0.000000000000000000e+00,0.000000000000000000e+00,0.000000000000000000e+00,0.000000000000000000e+00,0.000000000000000000e+00,0.000000000000000000e+00,0.000000000000000000e+00,0.000000000000000000e+00,6.131072040512018217e-04,1.593988210139442047e-03,3.810929531838529172e-03,1.267390305140972786e-03,1.597343610599645915e-03,1.793344236385903141e-03,1.798989269032169776e-03,1.595494503302501924e-03,1.206180021335509370e-03,6.902795510641369448e-04,1.277755746773386774e-04,0.000000000000000000e+00,0.000000000000000000e+00,0.000000000000000000e+00,0.000000000000000000e+00,0.000000000000000000e+00,0.000000000000000000e+00,0.000000000000000000e+00,0.000000000000000000e+00,0.000000000000000000e+00,0.000000000000000000e+00,1.065745710627172445e-03,0.000000000000000000e+00,1.418106948117321773e-03,2.408072149751700440e-04,0.000000000000000000e+00,0.000000000000000000e+00,0.000000000000000000e+00,0.000000000000000000e+00,0.000000000000000000e+00,0.000000000000000000e+00,0.000000000000000000e+00,0.000000000000000000e+00,0.000000000000000000e+00,0.000000000000000000e+00,0.000000000000000000e+00,0.000000000000000000e+00,0.000000000000000000e+00,0.000000000000000000e+00,0.000000000000000000e+00,0.000000000000000000e+00,0.000000000000000000e+00,1.382841829103857175e-06,0.000000000000000000e+00,0.000000000000000000e+00,0.000000000000000000e+00,0.000000000000000000e+00,0.000000000000000000e+00,0.000000000000000000e+00,0.000000000000000000e+00,0.000000000000000000e+00,0.000000000000000000e+00,0.000000000000000000e+00,0.000000000000000000e+00,0.000000000000000000e+00,0.000000000000000000e+00,0.000000000000000000e+00,2.970358381495441448e-04,6.274441708590653994e-04,7.094696418151820623e-04,5.829042501698880347e-04,3.021017449839033292e-04,0.000000000000000000e+00,0.000000000000000000e+00,0.000000000000000000e+00,0.000000000000000000e+00,0.000000000000000000e+00,0.000000000000000000e+00,3.134247679443227536e-03,5.846334231820743009e-05,6.735184747459941560e-04,1.495591447062824748e-04,0.000000000000000000e+00,0.000000000000000000e+00,0.000000000000000000e+00,0.000000000000000000e+00,0.000000000000000000e+00,0.000000000000000000e+00,2.677480256043289719e-05,1.003865717709524243e-03,0.000000000000000000e+00,0.000000000000000000e+00,0.000000000000000000e+00,0.000000000000000000e+00,1.555584698450065531e-05,5.655717982953230170e-05,1.105616013148271284e-04,1.776642330893488054e-04,4.967159768706590206e-03,3.003679523201563655e-03,4.565074082577412918e-04,5.741147438998707659e-04,7.029676601646744254e-04,8.420873347159371939e-04,0.000000000000000000e+00,0.000000000000000000e+00,2.210157703238489768e-05,6.956598154061493415e-04,1.355000801139125827e-03,1.959200366750413376e-03,2.470755159092413548e-03,2.862327789080953370e-03,3.120705719608460587e-03,3.246535643244842419e-03,3.250064566164602171e-03,3.144610470193682106e-03,2.983950291831194597e-03,2.744059924664202926e-03,2.440630040626941104e-03,2.132111967633501873e-03,1.871202671171849847e-03,1.696851127253817598e-03,1.628552391081456623e-03,1.663604962913225885e-03,1.778123017425182551e-03,1.932453291612959900e-03,2.080757200651941596e-03,2.182913739085938151e-03,2.215313878700065839e-03,2.176593696627556959e-03,2.085720701709728626e-03,1.972816878209107064e-03,1.866395889087226010e-03,1.782428361548742731e-03,1.719765184115974255e-03,1.663213497508946991e-03,1.591759185760415829e-03,1.487202786434425579e-03,1.339015801828079451e-03,1.144088460734225647e-03,9.033235273057369820e-04,6.186964575171641960e-04,2.935310584099926415e-04,0.000000000000000000e+00,0.000000000000000000e+00,0.000000000000000000e+00,0.000000000000000000e+00,0.000000000000000000e+00,0.000000000000000000e+00,0.000000000000000000e+00,0.000000000000000000e+00,0.000000000000000000e+00,0.000000000000000000e+00,0.000000000000000000e+00,0.000000000000000000e+00,0.000000000000000000e+00,0.000000000000000000e+00,0.000000000000000000e+00,0.000000000000000000e+00,0.000000000000000000e+00,1.986257727223179252e-04,5.933653277113975100e-04,8.098655648467135634e-04,8.342179531909041899e-04,6.691177719930494535e-04,3.358803641336869511e-04,0.000000000000000000e+00,0.000000000000000000e+00,0.000000000000000000e+00,0.000000000000000000e+00,0.000000000000000000e+00,0.000000000000000000e+00,0.000000000000000000e+00,0.000000000000000000e+00,0.000000000000000000e+00,0.000000000000000000e+00,0.000000000000000000e+00,0.000000000000000000e+00,1.068921648869505618e-04,8.614612464153154504e-04,1.622433148002680806e-03,2.378757528831919234e-03,3.109703457557502423e-03,3.777756816708480962e-03,4.327910127309438949e-03,4.694449800621997362e-03,4.813931116710975545e-03,4.640999800407599393e-03,4.162540615994345106e-03,3.405761003896064232e-03,2.437255852241422983e-03,1.644727475429421867e-03
7.594084390259616234e-09,1.222817730971170215e-04,1.696909871046928947e-03,5.385243896466095835e-05,8.161621643994123199e-05,1.114406475673797412e-04,1.415471870252315429e-04,1.701662712245045493e-04,1.955910542410019943e-04,4.604349696779552986e-04,1.016005084099953293e-03,1.599446581034375588e-03,2.155684589887015695e-03,2.639317810418165700e-03,3.019895086519301143e-03,3.282544531915510422e-03,3.424815304305148245e-03,3.451351632349863082e-03,3.368310050509292289e-03,3.179294545875292061e-03,2.884086615305238299e-03,2.480563347563172118e-03,1.969129665677334887e-03,1.358057681983940211e-03,6.677100332987646403e-04,0.000000000000000000e+00,0.000000000000000000e+00,0.000000000000000000e+00,0.000000000000000000e+00,0.000000000000000000e+00,0.000000000000000000e+00,0.000000000000000000e+00,0.000000000000000000e+00,0.000000000000000000e+00,0.000000000000000000e+00,0.000000000000000000e+00,0.000000000000000000e+00,2.575807085102321294e-04,1.044828346308574948e-03,1.781528655139325056e-03,2.414602086731485776e-03,2.896602884644503342e-03,3.192896461804896162e-03,3.289905106356777638e-03,3.202271123186610675e-03,2.976125583833678489e-03,2.686076417511600728e-03,2.425022733873761441e-03,1.177361989610013109e-03,1.054187744865064643e-03,1.178447694336007311e-03,1.548811801661017064e-03,2.114426212803572052e-03,2.782366977901777443e-03,3.434114386434898667e-03,3.947238116561029540e-03,4.217017306623199041e-03,4.172852618472293676e-03,3.786191789220464971e-03,3.069526864873143093e-03,2.613107215893163953e-03,3.471041943973343299e-03,4.175898961462276918e-03,4.725416161509708030e-03,5.139110747408812477e-03,5.444731993488058711e-03,5.664808073470847805e-03,5.807574627028560393e-03,5.864785656759132285e-03,5.816457124090092939e-03,5.640269838645122803e-03,5.322018220131659837e-03,4.863530457335640302e-03,4.285771842173804504e-03,3.626717084524326996e-03,2.935262307374762909e-03,2.263362481891515940e-03,1.658570824679996220e-03,1.158423170844814212e-03,7.870848404747750240e-04,5.538655308505020759e-04,4.529137535338944535e-04,4.636802970873275635e-04,5.523433582608156065e-04,6.748838793989396642e-04,7.825245487894984817e-04,8.296807884646860767e-04,7.835483843728629789e-04,6.333587142896782846e-04,3.965738546665804540e-04,1.193100264354008462e-04,0.000000000000000000e+00,0.000000000000000000e+00,0.000000000000000000e+00,0.000000000000000000e+00,2.055379799923824202e-03,0.000000000000000000e+00,0.000000000000000000e+00,0.000000000000000000e+00,0.000000000000000000e+00,0.000000000000000000e+00,0.000000000000000000e+00,0.000000000000000000e+00,0.000000000000000000e+00,0.000000000000000000e+00,0.000000000000000000e+00,1.014012522689881023e-04,6.826673450177284455e-04,1.314278094418128151e-03,1.991766196271779494e-03,2.010653011861682909e-03,2.145023148963804208e-03,2.223496149500171944e-03,2.208628532395483842e-03,2.072454622005096350e-03,1.805368333139657474e-03,1.419714873428726352e-03,9.461921936442872338e-04,4.244429310163549659e-04,0.000000000000000000e+00,0.000000000000000000e+00,0.000000000000000000e+00,0.000000000000000000e+00,0.000000000000000000e+00,2.238074407872628954e-03,0.000000000000000000e+00,0.000000000000000000e+00,0.000000000000000000e+00,0.000000000000000000e+00,0.000000000000000000e+00,0.000000000000000000e+00,0.000000000000000000e+00,0.000000000000000000e+00,6.683275620415049436e-04,1.328066552300517528e-03,1.765016790101476976e-03,1.957116605923308553e-03,1.904126438379472822e-03,1.629462953122130624e-03,1.180518575748583550e-03,6.251025390584446844e-04,4.231696502942147172e-05,0.000000000000000000e+00,0.000000000000000000e+00,0.000000000000000000e+00,0.000000000000000000e+00,0.000000000000000000e+00,0.000000000000000000e+00,0.000000000000000000e+00,0.000000000000000000e+00,0.000000000000000000e+00,0.000000000000000000e+00,0.000000000000000000e+00,0.000000000000000000e+00,0.000000000000000000e+00,0.000000000000000000e+00,0.000000000000000000e+00,0.000000000000000000e+00,0.000000000000000000e+00,0.000000000000000000e+00,0.000000000000000000e+00,3.989643921143780738e-05,6.966624904994556328e-05,0.000000000000000000e+00,0.000000000000000000e+00,0.000000000000000000e+00,0.000000000000000000e+00,0.000000000000000000e+00,0.000000000000000000e+00,0.000000000000000000e+00,0.000000000000000000e+00,0.000000000000000000e+00,0.000000000000000000e+00,0.000000000000000000e+00,0.000000000000000000e+00,0.000000000000000000e+00,0.000000000000000000e+00,0.000000000000000000e+00,0.000000000000000000e+00,0.000000000000000000e+00,0.000000000000000000e+00,0.000000000000000000e+00,5.671778505524855741e-05,2.730403676100304168e-04,4.726022773373175800e-04,6.532291166251242339e-04,8.129751898237578015e-04,9.501760959380223422e-04,1.063495505410947490e-03,1.151966458234184683e-03,1.215024212954634707e-03,1.252531317605867041e-03,1.264788969327442295e-03,1.252540060625341456e-03,1.216959020903949241e-03,1.159629494283372173e-03,1.082511990055988775e-03,9.878997620630422093e-04,8.783681141722516532e-04,7.567139947970952891e-04,6.258911505547272696e-04,4.889413785543646196e-04,3.489278182603834026e-04,2.088646954759324436e-04,7.165279374209025459e-05,0.000000000000000000e+00,0.000000000000000000e+00,0.000000000000000000e+00,0.000000000000000000e+00,0.000000000000000000e+00,0.000000000000000000e+00,0.000000000000000000e+00,0.000000000000000000e+00,0.000000000000000000e+00,0.000000000000000000e+00,0.000000000000000000e+00,0.000000000000000000e+00,0.000000000000000000e+00,0.000000000000000000e+00,0.000000000000000000e+00,0.000000000000000000e+00,0.000000000000000000e+00,0.000000000000000000e+00,0.000000000000000000e+00,0.000000000000000000e+00,6.593304095324054829e-05,1.732708805401085464e-04,4.672868254467153998e-04,8.270506782036784023e-04,1.071354937967450077e-03,1.221249629342793363e-03,5.487988595755051262e-03,0.000000000000000000e+00,0.000000000000000000e+00,0.000000000000000000e+00,0.000000000000000000e+00,0.000000000000000000e+00,0.000000000000000000e+00,0.000000000000000000e+00,0.000000000000000000e+00,0.000000000000000000e+00,0.000000000000000000e+00,0.000000000000000000e+00,0.000000000000000000e+00,3.975799722302795288e-04,0.000000000000000000e+00,0.000000000000000000e+00,0.000000000000000000e+00,0.000000000000000000e+00,0.000000000000000000e+00,0.000000000000000000e+00,0.000000000000000000e+00,0.000000000000000000e+00,0.000000000000000000e+00,0.000000000000000000e+00,0.000000000000000000e+00,0.000000000000000000e+00,0.000000000000000000e+00,0.000000000000000000e+00,0.000000000000000000e+00,2.893760817328730082e-04,1.155797819992511032e-03,1.933367748275941281e-03,2.588848264550225840e-03,3.107835508804985755e-03,3.494549959416821602e-03,3.767194665003208501e-03,3.951383526113795910e-03,4.073929855741694091e-03,4.158083143573519311e-03,4.220216620221818073e-03,4.267687719458208330e-03,4.297955939816117295e-03,4.299398036054539844e-03,4.254005689924868043e-03,4.141445012525863702e-03,3.943351486733033540e-03,3.646772615158330472e-03,3.246325103287139684e-03,2.745317225066446539e-03,2.156276019977374728e-03,1.500920331947526313e-03,8.090906828649207985e-04,2.501729437440641714e-03,9.475730696783978739e-04,0.000000000000000000e+00,3.052603101866847835e-04,1.159789367835692073e-03,1.933723423075500453e-03,2.633225726403346650e-03,3.286966377772982707e-03,3.938882304415991867e-03,6.341883957637377799e-03,5.407306092084987817e-03,0.000000000000000000e+00,0.000000000000000000e+00,0.000000000000000000e+00,0.000000000000000000e+00,0.000000000000000000e+00,0.000000000000000000e+00,0.000000000000000000e+00,0.000000000000000000e+00,0.000000000000000000e+00,0.000000000000000000e+00,0.000000000000000000e+00,0.000000000000000000e+00,3.149237323748542774e-04,1.365115200792533503e-03,2.153918909241559106e-03,0.000000000000000000e+00,0.000000000000000000e+00,0.000000000000000000e+00,7.460101268617262780e-04,1.705917123832006218e-03,0.000000000000000000e+00,0.000000000000000000e+00,0.000000000000000000e+00,0.000000000000000000e+00,0.000000000000000000e+00,0.000000000000000000e+00,0.000000000000000000e+00,0.000000000000000000e+00,0.000000000000000000e+00,0.000000000000000000e+00,0.000000000000000000e+00,0.000000000000000000e+00,0.000000000000000000e+00,0.000000000000000000e+00,0.000000000000000000e+00,0.000000000000000000e+00,0.000000000000000000e+00,0.000000000000000000e+00,0.000000000000000000e+00,0.000000000000000000e+00,0.000000000000000000e+00,0.000000000000000000e+00,0.000000000000000000e+00,0.000000000000000000e+00,3.320719799385382729e-04,1.229663565077772315e-03,2.137447247405487374e-03,3.040416861414852855e-03,3.906607859949012482e-03,4.686077745482563998e-03,5.318936309648356238e-03,0.000000000000000000e+00,0.000000000000000000e+00,0.000000000000000000e+00,0.000000000000000000e+00,0.000000000000000000e+00,0.000000000000000000e+00,0.000000000000000000e+00,0.000000000000000000e+00,9.754072245475205996e-05,1.873805196662493074e-04,2.672331526314241767e-04,3.359155335657189496e-04,3.924054331200060278e-04,4.358267457921537256e-04,4.654274530802746069e-04,1.309149128674356012e-03,2.368368461240841997e-03,0.000000000000000000e+00,0.000000000000000000e+00,0.000000000000000000e+00,0.000000000000000000e+00,0.000000000000000000e+00,0.000000000000000000e+00,0.000000000000000000e+00,0.000000000000000000e+00,0.000000000000000000e+00,4.409202744263342015e-03,0.000000000000000000e+00,0.000000000000000000e+00,0.000000000000000000e+00,0.000000000000000000e+00,0.000000000000000000e+00,0.000000000000000000e+00,0.000000000000000000e+00,0.000000000000000000e+00,0.000000000000000000e+00,0.000000000000000000e+00,0.000000000000000000e+00,0.000000000000000000e+00,0.000000000000000000e+00,0.000000000000000000e+00,0.000000000000000000e+00,0.000000000000000000e+00,0.000000000000000000e+00,0.000000000000000000e+00,0.000000000000000000e+00,0.000000000000000000e+00,3.021998381065929811e-04,6.472251815872456446e-04,7.803940633908866250e-04,6.891047246480721871e-04,3.835924274603772443e-04,1.069730638518786746e-03,1.998394147621647236e-03,2.669711480177953782e-03
1.751217508867090899e-09,0.000000000000000000e+00,0.000000000000000000e+00,0.000000000000000000e+00,0.000000000000000000e+00,0.000000000000000000e+00,5.080364776423718261e-03,0.000000000000000000e+00,1.624703101074369055e-03,0.000000000000000000e+00,0.000000000000000000e+00,0.000000000000000000e+00,0.000000000000000000e+00,0.000000000000000000e+00,0.000000000000000000e+00,0.000000000000000000e+00,0.000000000000000000e+00,0.000000000000000000e+00,4.944845236608501468e-04,4.085350285800737856e-03,3.447451879704975996e-04,7.847707208122014404e-04,0.000000000000000000e+00,0.000000000000000000e+00,0.000000000000000000e+00,0.000000000000000000e+00,2.428251090499279014e-05,0.000000000000000000e+00,0.000000000000000000e+00,0.000000000000000000e+00,0.000000000000000000e+00,0.000000000000000000e+00,4.563119192890884718e-03,0.000000000000000000e+00,0.000000000000000000e+00,0.000000000000000000e+00,0.000000000000000000e+00,0.000000000000000000e+00,0.000000000000000000e+00,0.000000000000000000e+00,5.313842829217872146e-04,9.875256619513784247e-04,1.302636338649491073e-03,1.901912830830977761e-03,2.483316949728681718e-03,3.032908817735932745e-03,3.515761734462010801e-03,3.875723796663595091e-03,4.043677456641982769e-03,3.952658098622255714e-03,3.555105794216202163e-03,2.836324036052747469e-03,1.819606663667741294e-03,5.619339750941963882e-04,0.000000000000000000e+00,0.000000000000000000e+00,0.000000000000000000e+00,0.000000000000000000e+00,0.000000000000000000e+00,0.000000000000000000e+00,0.000000000000000000e+00,0.000000000000000000e+00,0.000000000000000000e+00,0.000000000000000000e+00,0.000000000000000000e+00,0.000000000000000000e+00,0.000000000000000000e+00,0.000000000000000000e+00,0.000000000000000000e+00,0.000000000000000000e+00,0.000000000000000000e+00,0.000000000000000000e+00,0.000000000000000000e+00,0.000000000000000000e+00,0.000000000000000000e+00,1.304974061735172453e-05,1.169345973774936384e-04,5.603898500515670095e-04,1.062426883246268220e-03,1.437892976423347418e-03,1.680704884748122517e-03,1.802319215193751633e-03,1.825149619333851650e-03,1.773858225504712678e-03,2.091468909562051951e-03,2.541696649661394098e-03,2.807457235080409313e-03,2.875387796019732416e-03,2.770547009390056815e-03,2.552334519003461154e-03,2.299866232090212737e-03,2.091207651896852347e-03,2.396371205564963493e-03,0.000000000000000000e+00,0.000000000000000000e+00,0.000000000000000000e+00,0.000000000000000000e+00,0.000000000000000000e+00,0.000000000000000000e+00,0.000000000000000000e+00,0.000000000000000000e+00,0.000000000000000000e+00,0.000000000000000000e+00,0.000000000000000000e+00,0.000000000000000000e+00,0.000000000000000000e+00,0.000000000000000000e+00,0.000000000000000000e+00,0.000000000000000000e+00,0.000000000000000000e+00,0.000000000000000000e+00,0.000000000000000000e+00,0.000000000000000000e+00,0.000000000000000000e+00,0.000000000000000000e+00,0.000000000000000000e+00,0.000000000000000000e+00,0.000000000000000000e+00,0.000000000000000000e+00,0.000000000000000000e+00,0.000000000000000000e+00,0.000000000000000000e+00,5.777392676928694775e-05,2.803334454744271635e-04,0.000000000000000000e+00,0.000000000000000000e+00,0.000000000000000000e+00,3.076967983588611063e-04,7.767269929656226389e-04,1.221089409388553728e-03,1.521753842562047080e-03,1.570892172839362345e-03,1.294824197339355769e-03,6.682964425669616747e-04,0.000000000000000000e+00,0.000000000000000000e+00,0.000000000000000000e+00,0.000000000000000000e+00,0.000000000000000000e+00,0.000000000000000000e+00,0.000000000000000000e+00,0.000000000000000000e+00,0.000000000000000000e+00,2.108028968625741482e-04,5.672657576056594790e-04,8.251817813238307474e-04,9.890056824848943856e-04,1.068847350367528549e-03,1.070873999532643683e-03,9.902950362539145613e-04,8.104792827178242121e-04,5.094344560455472612e-04,7.176351403867693712e-05,0.000000000000000000e+00,0.000000000000000000e+00,0.000000000000000000e+00,0.000000000000000000e+00,0.000000000000000000e+00,0.000000000000000000e+00,0.000000000000000000e+00,0.000000000000000000e+00,0.000000000000000000e+00,0.000000000000000000e+00,0.000000000000000000e+00,0.000000000000000000e+00,0.000000000000000000e+00,0.000000000000000000e+00,0.000000000000000000e+00,0.000000000000000000e+00,0.000000000000000000e+00,0.000000000000000000e+00,0.000000000000000000e+00,0.000000000000000000e+00,0.000000000000000000e+00,0.000000000000000000e+00,0.000000000000000000e+00,0.000000000000000000e+00,0.000000000000000000e+00,0.000000000000000000e+00,0.000000000000000000e+00,0.000000000000000000e+00,0.000000000000000000e+00,0.000000000000000000e+00,0.000000000000000000e+00,0.000000000000000000e+00,0.000000000000000000e+00,0.000000000000000000e+00,0.000000000000000000e+00,0.000000000000000000e+00,0.000000000000000000e+00,0.000000000000000000e+00,0.000000000000000000e+00,0.000000000000000000e+00,0.000000000000000000e+00,0.000000000000000000e+00,0.000000000000000000e+00,3.191469754650977180e-04,8.761857066328036228e-04,1.556330456210690185e-03,2.364423015245483740e-03,3.272990250056743034e-03,4.231250006187866827e-03,5.176828571116372582e-03,6.045287609810011398e-03,6.775699251647138502e-03,7.313831970301939295e-03,7.615985220377747764e-03,7.655447652294092124e-03,7.430803809606323536e-03,6.972787397101659970e-03,6.345698847925388200e-03,5.641061770841055215e-03,4.964189227006600945e-03,4.416954967456456806e-03,4.081080818429506409e-03,4.005428323786345071e-03,4.199135230735481610e-03,4.630997021427442698e-03,5.234862309753641856e-03,5.920605884872330582e-03,0.000000000000000000e+00,0.000000000000000000e+00,0.000000000000000000e+00,0.000000000000000000e+00,0.000000000000000000e+00,0.000000000000000000e+00,0.000000000000000000e+00,0.000000000000000000e+00,6.955060365139705903e-04,1.476780503135311862e-03,2.020585628130657820e-03,2.301933424698953453e-03,2.344845344564510953e-03,2.210462118025783868e-03,1.976712229857987072e-03,1.716298805268910580e-03,1.479632249994415399e-03,1.286829520499954303e-03,1.129308545619063693e-03,9.784086929579582145e-04,0.000000000000000000e+00,0.000000000000000000e+00,0.000000000000000000e+00,2.304668753140222989e-04,3.349028395173542314e-03,1.410787185825375205e-03,2.114678282202211296e-03,0.000000000000000000e+00,0.000000000000000000e+00,0.000000000000000000e+00,0.000000000000000000e+00,0.000000000000000000e+00,0.000000000000000000e+00,0.000000000000000000e+00,0.000000000000000000e+00,0.000000000000000000e+00,0.000000000000000000e+00,0.000000000000000000e+00,0.000000000000000000e+00,0.000000000000000000e+00,0.000000000000000000e+00,0.000000000000000000e+00,0.000000000000000000e+00,0.000000000000000000e+00,0.000000000000000000e+00,0.000000000000000000e+00,0.000000000000000000e+00,0.000000000000000000e+00,0.000000000000000000e+00,0.000000000000000000e+00,0.000000000000000000e+00,0.000000000000000000e+00,9.826690438964238560e-04,3.817182700211908548e-03,1.119394408779713783e-04,5.148877149628497797e-04,2.211797024707212126e-03,1.011121618488005844e-03,1.075343555436238325e-03,9.891793629319542078e-04,7.380408807307547395e-04,3.254101917861303692e-04,0.000000000000000000e+00,0.000000000000000000e+00,0.000000000000000000e+00,0.000000000000000000e+00,0.000000000000000000e+00,0.000000000000000000e+00,0.000000000000000000e+00,0.000000000000000000e+00,0.000000000000000000e+00,6.880130434797779521e-04,7.875911674449898687e-04,7.429233210176966256e-04,5.524159331603782901e-04,2.340701500932365999e-04,0.000000000000000000e+00,0.000000000000000000e+00,0.000000000000000000e+00,0.000000000000000000e+00,0.000000000000000000e+00,0.000000000000000000e+00,0.000000000000000000e+00,0.000000000000000000e+00,0.000000000000000000e+00,0.000000000000000000e+00,0.000000000000000000e+00,3.089188674966228615e-04,5.979799518878773333e-04,8.421520202748388655e-04,1.050502495455290109e-03,1.383093864451559333e-03,0.000000000000000000e+00,0.000000000000000000e+00,0.000000000000000000e+00,0.000000000000000000e+00,1.335989157721354042e-05,0.000000000000000000e+00,0.000000000000000000e+00,0.000000000000000000e+00,0.000000000000000000e+00,2.369495737913720389e-05,2.422426272156574117e-04,5.329223083771424162e-04,8.433207758461596119e-04,1.107140016796181580e-03,1.263174178818675516e-03,1.275625002057935485e-03,1.149036978896742509e-03,9.322204772733652407e-04,7.087510181389679526e-04,5.758640207364185918e-04,6.172466929095320578e-04,8.772650515625021088e-04,1.343930161658550386e-03,1.945583106668163312e-03,2.562511598806498266e-03,3.050614440259220243e-03,3.270999456847678306e-03,3.118055020972575024e-03,2.539457866568165488e-03,1.544319482264792280e-03,1.991753251539505069e-04,0.000000000000000000e+00,0.000000000000000000e+00,0.000000000000000000e+00,0.000000000000000000e+00,0.000000000000000000e+00,0.000000000000000000e+00,0.000000000000000000e+00,0.000000000000000000e+00,0.000000000000000000e+00,0.000000000000000000e+00,0.000000000000000000e+00,0.000000000000000000e+00,0.000000000000000000e+00,0.000000000000000000e+00,2.330995182309699766e-04,2.905076967031862065e-04,1.178135205308519610e-04,0.000000000000000000e+00,0.000000000000000000e+00,0.000000000000000000e+00,4.607392005781230343e-05,2.498414219964248872e-04,3.458573277124802866e-04,3.527596556265787586e-04,2.936757276722956524e-04,1.939568809141073229e-04,7.756054855553358050e-05,0.000000000000000000e+00,0.000000000000000000e+00,0.000000000000000000e+00,0.000000000000000000e+00,1.208394115881532890e-03,2.432400216046975375e-03,3.344766803305754266e-03,3.915516636933970805e-03,4.180470790232293163e-03,4.226276846930213625e-03,4.163825884045776159e-03,4.251752873871101485e-03,0.000000000000000000e+00,0.000000000000000000e+00,0.000000000000000000e+00,0.000000000000000000e+00,0.000000000000000000e+00,0.000000000000000000e+00,6.520013171540769409e-06,1.020555329473905003e-03,2.015413326947903833e-03,2.862807189262131773e-03,3.445885999339075561e-03,3.693463870452924711e-03,3.602049944723603996e-03,3.238595249443536501e-03,2.723673075705385343e-03,2.201180747638772570e-03,1.804230271508528100e-03,1.626656604141745940e-03
6.447643534965863257e-08,9.230577763704142145e-05,1.139722440205112727e-03,0.000000000000000000e+00,0.000000000000000000e+00,0.000000000000000000e+00,0.000000000000000000e+00,7.796469257362495346e-04,1.636839323302632671e-03,2.473950737089986637e-03,3.211805462039575738e-03,3.780302617764807332e-03,4.126064297849657732e-03,4.219998323970792879e-03,4.062278659795351063e-03,3.682749375516626393e-03,3.136342576517552744e-03,2.494708192069564675e-03,1.836012250433756345e-03,1.234625578190795851e-03,7.517671754857676008e-04,4.278019645311230542e-04,2.770763151417948364e-04,2.865137029782509814e-04,4.189788835338568345e-04,6.213243692408429008e-04,8.354023855268514999e-04,1.009055213272499509e-03,1.104026433846288895e-03,1.099007675804339291e-03,9.880320221396859341e-04,7.761075025528724192e-04,4.745065756466432271e-04,9.746844119934822386e-05,0.000000000000000000e+00,0.000000000000000000e+00,0.000000000000000000e+00,0.000000000000000000e+00,0.000000000000000000e+00,0.000000000000000000e+00,0.000000000000000000e+00,0.000000000000000000e+00,0.000000000000000000e+00,0.000000000000000000e+00,0.000000000000000000e+00,0.000000000000000000e+00,0.000000000000000000e+00,0.000000000000000000e+00,0.000000000000000000e+00,0.000000000000000000e+00,0.000000000000000000e+00,4.197598729090770697e-04,5.683289100112961329e-04,3.632474386679881376e-04,0.000000000000000000e+00,0.000000000000000000e+00,0.000000000000000000e+00,0.000000000000000000e+00,0.000000000000000000e+00,0.000000000000000000e+00,0.000000000000000000e+00,0.000000000000000000e+00,0.000000000000000000e+00,0.000000000000000000e+00,0.000000000000000000e+00,0.000000000000000000e+00,0.000000000000000000e+00,0.000000000000000000e+00,0.000000000000000000e+00,0.000000000000000000e+00,0.000000000000000000e+00,0.000000000000000000e+00,4.298401726016341887e-05,3.858982186733089770e-04,8.466991671120675843e-04,1.376891563287820780e-03,1.920314809947300423e-03,2.416814086051369791e-03,2.812318188440471409e-03,3.064696414780375411e-03,3.145122478935674735e-03,3.036714997782232958e-03,2.733274259967811114e-03,2.240348967022097026e-03,1.578992550219829316e-03,7.903038796864119428e-04,0.000000000000000000e+00,0.000000000000000000e+00,0.000000000000000000e+00,0.000000000000000000e+00,0.000000000000000000e+00,0.000000000000000000e+00,0.000000000000000000e+00,0.000000000000000000e+00,0.000000000000000000e+00,0.000000000000000000e+00,0.000000000000000000e+00,0.000000000000000000e+00,0.000000000000000000e+00,0.000000000000000000e+00,2.558951318304938163e-05,9.602582178433462202e-05,1.548099942934668435e-04,1.740755419853747010e-04,1.227118824390959818e-04,0.000000000000000000e+00,0.000000000000000000e+00,0.000000000000000000e+00,0.000000000000000000e+00,0.000000000000000000e+00,0.000000000000000000e+00,2.088680836047771688e-03,1.183517380344430462e-03,0.000000000000000000e+00,0.000000000000000000e+00,0.000000000000000000e+00,0.000000000000000000e+00,0.000000000000000000e+00,0.000000000000000000e+00,0.000000000000000000e+00,0.000000000000000000e+00,0.000000000000000000e+00,0.000000000000000000e+00,0.000000000000000000e+00,0.000000000000000000e+00,2.300235666752516617e-04,7.700023346497474660e-04,1.206323660834836319e-03,1.506551015449567260e-03,1.649322423109625185e-03,1.631811617505067851e-03,1.472677138176921871e-03,1.208297432913300797e-03,8.830296725341897071e-04,5.369799963652220273e-04,1.959585396651340153e-04,7.310064574112842785e-04,1.386332067340184312e-03,1.944273727296561352e-03,2.323364140945536564e-03,2.459785549196511541e-03,2.325534256986163881e-03,1.938274227540848172e-03,1.359471908501481844e-03,1.096795524157663472e-03,1.285012750884149220e-03,1.469622072356471581e-03,1.648537567317212137e-03,1.819592809080294599e-03,1.980576046120523150e-03,2.129275558683857775e-03,2.263520009738055616e-03,2.381227553623302233e-03,2.480450225010870542e-03,2.559416735149405014e-03,2.616575249647946303e-03,2.650630570948784952e-03,2.660577119045497325e-03,2.645729014708457418e-03,2.605740912167102755e-03,2.540625960593928534e-03,2.450765206614121360e-03,2.405787808526934149e-03,2.960391320235696185e-03,3.301904036532431631e-03,3.362942500078617246e-03,3.118239376443322775e-03,2.593837447424010480e-03,1.865883920335115230e-03,1.047731063807544848e-03,7.641251332105073422e-04,5.209032466323239080e-04,2.767391720578320875e-04,3.448337136598058489e-05,0.000000000000000000e+00,0.000000000000000000e+00,0.000000000000000000e+00,0.000000000000000000e+00,0.000000000000000000e+00,0.000000000000000000e+00,0.000000000000000000e+00,0.000000000000000000e+00,0.000000000000000000e+00,0.000000000000000000e+00,0.000000000000000000e+00,0.000000000000000000e+00,0.000000000000000000e+00,0.000000000000000000e+00,0.000000000000000000e+00,0.000000000000000000e+00,0.000000000000000000e+00,0.000000000000000000e+00,0.000000000000000000e+00,0.000000000000000000e+00,0.000000000000000000e+00,0.000000000000000000e+00,0.000000000000000000e+00,0.000000000000000000e+00,0.000000000000000000e+00,0.000000000000000000e+00,0.000000000000000000e+00,2.856089715343552036e-05,2.152580368253104789e-04,1.392140020641329618e-04,0.000000000000000000e+00,0.000000000000000000e+00,0.000000000000000000e+00,0.000000000000000000e+00,0.000000000000000000e+00,0.000000000000000000e+00,0.000000000000000000e+00,0.000000000000000000e+00,0.000000000000000000e+00,0.000000000000000000e+00,0.000000000000000000e+00,0.000000000000000000e+00,0.000000000000000000e+00,0.000000000000000000e+00,0.000000000000000000e+00,0.000000000000000000e+00,0.000000000000000000e+00,0.000000000000000000e+00,0.000000000000000000e+00,0.000000000000000000e+00,5.794051413095594990e-04,1.327024149567552786e-03,1.968023178404857895e-03,2.501004204722274537e-03,2.925003819683422504e-03,3.234729953959453522e-03,3.419551560356213962e-03,3.466755632816689425e-03,3.367947750421093362e-03,3.126214473737718748e-03,2.761299404523264757e-03,2.310698488217695357e-03,1.825994580125206825e-03,1.365268366590131292e-03,9.834873555723722301e-04,7.230784701446480844e-04,6.064936248268018928e-04,0.000000000000000000e+00,0.000000000000000000e+00,0.000000000000000000e+00,0.000000000000000000e+00,0.000000000000000000e+00,0.000000000000000000e+00,0.000000000000000000e+00,0.000000000000000000e+00,0.000000000000000000e+00,3.356872953474444692e-03,0.000000000000000000e+00,0.000000000000000000e+00,0.000000000000000000e+00,0.000000000000000000e+00,0.000000000000000000e+00,0.000000000000000000e+00,0.000000000000000000e+00,0.000000000000000000e+00,0.000000000000000000e+00,0.000000000000000000e+00,0.000000000000000000e+00,0.000000000000000000e+00,0.000000000000000000e+00,0.000000000000000000e+00,0.000000000000000000e+00,0.000000000000000000e+00,0.000000000000000000e+00,0.000000000000000000e+00,0.000000000000000000e+00,0.000000000000000000e+00,5.839109952714791350e-05,1.591435355100852679e-04,2.594880471134703446e-04,3.581542483885265032e-04,5.936712870027989562e-04,7.382088514407171564e-04,6.708638887124987243e-04,7.137477764648527366e-04,7.884021649629093312e-04,8.561154581684462823e-04,9.165779116007942168e-04,9.696708056303213023e-04,1.015462332958164907e-03,1.054203154205852599e-03,1.086311435956429554e-03,1.112356350158088397e-03,1.133037319710837165e-03,1.149159084600053166e-03,1.161606146280099719e-03,1.171317371214346216e-03,1.179259115734608305e-03,1.186403816409442374e-03,1.193707829219843196e-03,1.202096253126598612e-03,1.212449310065810476e-03,1.225592132425114451e-03,1.242292231602581173e-03,1.263253875098812847e-03,1.289120192018375745e-03,1.320473351139785610e-03,1.357835949347700657e-03,1.401670117729388997e-03,1.452377298861495802e-03,1.510290631215788692e-03,1.575669712262716283e-03,1.648684773440361974e-03,1.729404508770784540e-03,1.817772892876030758e-03,1.913591030643884208e-03,2.016493457966929848e-03,2.125926554188564601e-03,2.241128529795483743e-03,2.361114516091532452e-03,2.484665919611295584e-03,2.610328478813902023e-03,2.736418262700615178e-03,2.861038918266388485e-03,2.982105315450182120e-03,3.097383223394888953e-03,3.204532861484490468e-03,3.301165555141484867e-03,3.384903096795136013e-03,0.000000000000000000e+00,0.000000000000000000e+00,0.000000000000000000e+00,0.000000000000000000e+00,0.000000000000000000e+00,0.000000000000000000e+00,0.000000000000000000e+00,0.000000000000000000e+00,0.000000000000000000e+00,0.000000000000000000e+00,0.000000000000000000e+00,0.000000000000000000e+00,0.000000000000000000e+00,0.000000000000000000e+00,0.000000000000000000e+00,0.000000000000000000e+00,0.000000000000000000e+00,0.000000000000000000e+00,0.000000000000000000e+00,0.000000000000000000e+00,3.655253846481438021e-04,1.107360998348798755e-03,1.708247218369501061e-03,2.126621644208676835e-03,2.332496459656629474e-03,2.316047762795456471e-03,2.094561860705162950e-03,1.713670812040396984e-03,1.240594290733164785e-03,7.502036206437380766e-04,5.350549788259285986e-04,5.875896064274519978e-04,6.263829683376118986e-04,6.529771757343781190e-04,6.690875022442748822e-04,6.765505472345538333e-04,6.772768138770624089e-04,6.731974276699398798e-04,6.662196503420926910e-04,6.581799707486784374e-04,6.508066767832953970e-04,6.456783819880633664e-04,7.027233418529389014e-04,1.089363578881640416e-03,1.373103762969747578e-03,0.000000000000000000e+00,0.000000000000000000e+00,0.000000000000000000e+00,0.000000000000000000e+00,0.000000000000000000e+00,0.000000000000000000e+00,0.000000000000000000e+00,0.000000000000000000e+00,0.000000000000000000e+00,0.000000000000000000e+00,0.000000000000000000e+00,0.000000000000000000e+00,0.000000000000000000e+00,0.000000000000000000e+00,0.000000000000000000e+00,0.000000000000000000e+00,0.000000000000000000e+00,0.000000000000000000e+00,4.615565216329486518e-04,0.000000000000000000e+00,0.000000000000000000e+00,0.000000000000000000e+00,0.000000000000000000e+00,0.000000000000000000e+00,0.000000000000000000e+00,0.000000000000000000e+00,1.550760362052019129e-05,1.913043488777106151e-03,2.736735266461426831e-03,3.557258212261681096e-03,4.156985701055168972e-03,4.450780626060200744e-03
2.170448304644963389e-07,1.129335610740255218e-03,1.006839538171930455e-03,1.542772552941393174e-03,2.008014573003113513e-03,2.313696760157074941e-03,0.000000000000000000e+00,0.000000000000000000e+00,0.000000000000000000e+00,0.000000000000000000e+00,0.000000000000000000e+00,6.614961924048035123e-05,5.318965319472626239e-04,9.640512619696006919e-04,1.332134981687191832e-03,1.636198918695445188e-03,1.890181254889152646e-03,2.099848264087413909e-03,2.246138410763249757e-03,2.282284067601543162e-03,2.147121935979972446e-03,1.789963716803182016e-03,1.197306010297678703e-03,0.000000000000000000e+00,7.081412076116173730e-04,0.000000000000000000e+00,0.000000000000000000e+00,0.000000000000000000e+00,0.000000000000000000e+00,0.000000000000000000e+00,0.000000000000000000e+00,0.000000000000000000e+00,0.000000000000000000e+00,0.000000000000000000e+00,2.446826563407280067e-03,2.502994772855911352e-03,0.000000000000000000e+00,0.000000000000000000e+00,0.000000000000000000e+00,0.000000000000000000e+00,0.000000000000000000e+00,2.899237259800906412e-04,0.000000000000000000e+00,0.000000000000000000e+00,0.000000000000000000e+00,0.000000000000000000e+00,0.000000000000000000e+00,0.000000000000000000e+00,0.000000000000000000e+00,6.693809548504600572e-05,2.052000715363952433e-04,3.697533548224863427e-04,6.013534325191695687e-04,9.267332463319855225e-04,1.346647736448171621e-03,1.832304399022466205e-03,2.330904067397480788e-03,2.777781034996319644e-03,3.110791938580246413e-03,3.282791012722668586e-03,3.269765626601286047e-03,2.256741932319211458e-03,1.660472385628384987e-03,8.966521199908878380e-04,0.000000000000000000e+00,0.000000000000000000e+00,0.000000000000000000e+00,0.000000000000000000e+00,0.000000000000000000e+00,0.000000000000000000e+00,0.000000000000000000e+00,0.000000000000000000e+00,0.000000000000000000e+00,0.000000000000000000e+00,0.000000000000000000e+00,0.000000000000000000e+00,0.000000000000000000e+00,0.000000000000000000e+00,0.000000000000000000e+00,0.000000000000000000e+00,0.000000000000000000e+00,0.000000000000000000e+00,0.000000000000000000e+00,0.000000000000000000e+00,0.000000000000000000e+00,0.000000000000000000e+00,0.000000000000000000e+00,0.000000000000000000e+00,0.000000000000000000e+00,0.000000000000000000e+00,0.000000000000000000e+00,0.000000000000000000e+00,0.000000000000000000e+00,0.000000000000000000e+00,0.000000000000000000e+00,0.000000000000000000e+00,9.921036796514683901e-04,0.000000000000000000e+00,1.685082032256455392e-03,0.000000000000000000e+00,0.000000000000000000e+00,5.566792019841418533e-03,0.000000000000000000e+00,0.000000000000000000e+00,0.000000000000000000e+00,2.536088104449722453e-03,0.000000000000000000e+00,0.000000000000000000e+00,8.999163183444844891e-06,1.457027391501200661e-04,0.000000000000000000e+00,0.000000000000000000e+00,0.000000000000000000e+00,0.000000000000000000e+00,8.373492537430334351e-03,1.271636662457536777e-03,0.000000000000000000e+00,0.000000000000000000e+00,0.000000000000000000e+00,4.862814547631652236e-05,3.914157500568800417e-04,6.656847171564509152e-04,8.377018259957327980e-04,8.828121087460697293e-04,7.888336446799836194e-04,5.588061486656775495e-04,2.123307972460998071e-04,0.000000000000000000e+00,0.000000000000000000e+00,0.000000000000000000e+00,0.000000000000000000e+00,0.000000000000000000e+00,0.000000000000000000e+00,0.000000000000000000e+00,0.000000000000000000e+00,0.000000000000000000e+00,0.000000000000000000e+00,0.000000000000000000e+00,0.000000000000000000e+00,0.000000000000000000e+00,0.000000000000000000e+00,0.000000000000000000e+00,0.000000000000000000e+00,0.000000000000000000e+00,1.122420695475567873e-04,5.084314495346938098e-04,6.626910617980804078e-04,5.739859424841108840e-04,2.825903652330935415e-04,0.000000000000000000e+00,0.000000000000000000e+00,7.506733980552833833e-04,1.459061577647852940e-03,2.099339395536386176e-03,2.681007481300300404e-03,3.198704242978701959e-03,3.630410991881249157e-03,3.945955617983023384e-03,4.121080198002718444e-03,4.149589922673706938e-03,4.047234763026897990e-03,3.845334738783273872e-03,3.577531911715012194e-03,3.266436290000445698e-03,2.916556034704777516e-03,2.516205328932218360e-03,2.046359029559087148e-03,0.000000000000000000e+00,0.000000000000000000e+00,5.533019742820801095e-04,0.000000000000000000e+00,3.378097454375533770e-03,0.000000000000000000e+00,0.000000000000000000e+00,0.000000000000000000e+00,0.000000000000000000e+00,0.000000000000000000e+00,0.000000000000000000e+00,0.000000000000000000e+00,0.000000000000000000e+00,0.000000000000000000e+00,0.000000000000000000e+00,0.000000000000000000e+00,0.000000000000000000e+00,0.000000000000000000e+00,0.000000000000000000e+00,0.000000000000000000e+00,0.000000000000000000e+00,6.191189868621876620e-04,1.600576929887033732e-03,2.397466699545194348e-03,2.929125257010018607e-03,3.161054229558481112e-03,0.000000000000000000e+00,0.000000000000000000e+00,0.000000000000000000e+00,4.061770165012073804e-04,1.868498029500756125e-03,1.791841591031709702e-04,1.598584939530587126e-04,1.437026880953896956e-04,1.333703256865711962e-04,1.314099031287075357e-04,6.531211380245419878e-04,1.233961643278422282e-03,1.698355128638721770e-03,2.009581750021152691e-03,2.162948139326640110e-03,2.184386557889324981e-03,2.121301228997317986e-03,2.027927625440425260e-03,1.949542776415188290e-03,1.910810416688035404e-03,1.912555050696132866e-03,1.938303556680732271e-03,1.967927315336067545e-03,1.992418659515058157e-03,2.022833507303534173e-03,2.088577169648957090e-03,2.224735001570309675e-03,2.453260638471261180e-03,2.766116975976509566e-03,3.118345992726696651e-03,3.435344937882585294e-03,3.632864146127318550e-03,3.642921159826598056e-03,3.436231283988987802e-03,3.032950994870621617e-03,2.774379570083457432e-03,2.778772703911611824e-03,1.373775995266092887e-03,1.762040240666653147e-03,1.994286887503099719e-03,2.084534466561907464e-03,2.077946245062166526e-03,2.033469398656437277e-03,2.005774019910883804e-03,2.032417264717915461e-03,2.129239333660529979e-03,2.293326652863332885e-03,1.581207103920124948e-03,1.524821204208709176e-03,1.603505278450470441e-03,1.842470056179534247e-03,2.232190339579104635e-03,0.000000000000000000e+00,0.000000000000000000e+00,0.000000000000000000e+00,0.000000000000000000e+00,0.000000000000000000e+00,0.000000000000000000e+00,0.000000000000000000e+00,0.000000000000000000e+00,0.000000000000000000e+00,0.000000000000000000e+00,0.000000000000000000e+00,0.000000000000000000e+00,0.000000000000000000e+00,0.000000000000000000e+00,0.000000000000000000e+00,0.000000000000000000e+00,0.000000000000000000e+00,8.855198933477499180e-05,3.006524716558272897e-04,4.083371237831502783e-04,3.575632297180625840e-04,1.173945995340391077e-04,0.000000000000000000e+00,0.000000000000000000e+00,0.000000000000000000e+00,4.382636665723623447e-04,1.182304414281365413e-03,2.007352836733710105e-03,2.849951075170238397e-03,3.617917787206488805e-03,4.202365025718507625e-03,4.495548313698488445e-03,4.411411270025593530e-03,3.904754189977634616e-03,3.840160857094149574e-03,4.524078449495010611e-03,4.982399148320364873e-03,5.183899593366059905e-03,5.115987117418980580e-03,4.793329150237038774e-03,4.263897486545111491e-03,3.607776097579861330e-03,2.927097628089658874e-03,2.329301335155212812e-03,1.908494606391862016e-03,2.137908291071810747e-03,6.906729086979178540e-03,0.000000000000000000e+00,0.000000000000000000e+00,0.000000000000000000e+00,0.000000000000000000e+00,0.000000000000000000e+00,0.000000000000000000e+00,0.000000000000000000e+00,0.000000000000000000e+00,0.000000000000000000e+00,0.000000000000000000e+00,7.068216905995821329e-04,2.448612329015270074e-03,3.286326459289010907e-03,0.000000000000000000e+00,0.000000000000000000e+00,0.000000000000000000e+00,0.000000000000000000e+00,0.000000000000000000e+00,0.000000000000000000e+00,0.000000000000000000e+00,1.205546856301682658e-04,2.063846969642515843e-03,0.000000000000000000e+00,0.000000000000000000e+00,0.000000000000000000e+00,0.000000000000000000e+00,0.000000000000000000e+00,0.000000000000000000e+00,0.000000000000000000e+00,0.000000000000000000e+00,0.000000000000000000e+00,0.000000000000000000e+00,0.000000000000000000e+00,0.000000000000000000e+00,0.000000000000000000e+00,0.000000000000000000e+00,0.000000000000000000e+00,0.000000000000000000e+00,0.000000000000000000e+00,0.000000000000000000e+00,0.000000000000000000e+00,0.000000000000000000e+00,0.000000000000000000e+00,0.000000000000000000e+00,0.000000000000000000e+00,5.762525202729739250e-05,2.780193356496705559e-04,4.177516496232600300e-04,0.000000000000000000e+00,0.000000000000000000e+00,0.000000000000000000e+00,0.000000000000000000e+00,0.000000000000000000e+00,0.000000000000000000e+00,0.000000000000000000e+00,1.734007421353635388e-04,1.440603776102650831e-03,2.760336468333229789e-03,4.027295090816199359e-03,3.692239493490350084e-03,4.015389023245545530e-03,4.150366318150296857e-03,4.091376076993564169e-03,3.873829420868029737e-03,3.567310277551492825e-03,3.258542220984345962e-03,3.029640632973782874e-03,2.937904000432100832e-03,3.002348882963139839e-03,3.199937295885045985e-03,3.471907679123226610e-03,3.738427371828462881e-03,3.918171774481477021e-03,3.948499267684489437e-03,3.801653056776670928e-03,3.492999334290199358e-03,3.078849112915702218e-03,2.643820503513041442e-03,2.280538906457193517e-03,2.066901968630649108e-03,2.047181281237222226e-03,2.222245741706473012e-03,2.551392336019791835e-03,2.964531348131192127e-03,3.380360970375884903e-03,3.724707191161111958e-03,3.943923827627854491e-03,4.010529112150253150e-03,3.921130144999280046e-03,3.689018622875518596e-03,3.334972197380048787e-03,2.879627656676887835e-03,2.339597599556612808e-03,1.727790757428237633e-03,1.056746708421773618e-03,6.048890241753338828e-04,1.793148059907635110e-03,0.000000000000000000e+00,0.000000000000000000e+00,0.000000000000000000e+00,2.479094849854620425e-04,0.000000000000000000e+00,0.000000000000000000e+00,0.000000000000000000e+00,0.000000000000000000e+00,0.000000000000000000e+00,0.000000000000000000e+00,0.000000000000000000e+00
0.000000000000000000e+00,0.000000000000000000e+00,0.000000000000000000e+00,0.000000000000000000e+00,1.297027430338306840e-04,5.481042799423605210e-04,1.097659180886147168e-03,1.711077743943683650e-03,0.000000000000000000e+00,0.000000000000000000e+00,0.000000000000000000e+00,0.000000000000000000e+00,0.000000000000000000e+00,0.000000000000000000e+00,0.000000000000000000e+00,0.000000000000000000e+00,0.000000000000000000e+00,0.000000000000000000e+00,0.000000000000000000e+00,0.000000000000000000e+00,0.000000000000000000e+00,0.000000000000000000e+00,0.000000000000000000e+00,0.000000000000000000e+00,0.000000000000000000e+00,0.000000000000000000e+00,0.000000000000000000e+00,0.000000000000000000e+00,0.000000000000000000e+00,0.000000000000000000e+00,0.000000000000000000e+00,3.976306914006715238e-04,2.532483704524747005e-03,7.514408203988188518e-03,0.000000000000000000e+00,0.000000000000000000e+00,0.000000000000000000e+00,0.000000000000000000e+00,0.000000000000000000e+00,0.000000000000000000e+00,0.000000000000000000e+00,6.634565363528772443e-04,1.326658090260868965e-03,1.777636595913728492e-03,2.025742575509246676e-03,2.232615432654247792e-03,3.173696133197464932e-03,0.000000000000000000e+00,0.000000000000000000e+00,0.000000000000000000e+00,0.000000000000000000e+00,0.000000000000000000e+00,0.000000000000000000e+00,0.000000000000000000e+00,0.000000000000000000e+00,0.000000000000000000e+00,7.010457199841526677e-04,0.000000000000000000e+00,0.000000000000000000e+00,0.000000000000000000e+00,0.000000000000000000e+00,1.071398231929174424e-04,5.080789344101304577e-04,9.395561781816028557e-04,0.000000000000000000e+00,0.000000000000000000e+00,0.000000000000000000e+00,0.000000000000000000e+00,0.000000000000000000e+00,0.000000000000000000e+00,0.000000000000000000e+00,0.000000000000000000e+00,0.000000000000000000e+00,0.000000000000000000e+00,2.704652369949084594e-04,6.679813212522537486e-04,0.000000000000000000e+00,0.000000000000000000e+00,0.000000000000000000e+00,0.000000000000000000e+00,0.000000000000000000e+00,0.000000000000000000e+00,0.000000000000000000e+00,0.000000000000000000e+00,0.000000000000000000e+00,0.000000000000000000e+00,0.000000000000000000e+00,0.000000000000000000e+00,0.000000000000000000e+00,0.000000000000000000e+00,1.371682848804902819e-03,1.326788714667132517e-03,0.000000000000000000e+00,0.000000000000000000e+00,0.000000000000000000e+00,1.595726172492013730e-04,5.541090253174867173e-04,8.102264402054616460e-04,8.673414429608216573e-04,6.992649150742290699e-04,0.000000000000000000e+00,1.832596289803248161e-04,4.001146197842957858e-03,0.000000000000000000e+00,0.000000000000000000e+00,0.000000000000000000e+00,0.000000000000000000e+00,2.998754412770890995e-04,1.461906555970523105e-03,2.733651668369243334e-03,6.312310296402225476e-03,4.944241415315867895e-03,0.000000000000000000e+00,0.000000000000000000e+00,0.000000000000000000e+00,0.000000000000000000e+00,0.000000000000000000e+00,0.000000000000000000e+00,0.000000000000000000e+00,7.415343661069877896e-04,1.847698216541041874e-03,2.659026706082020641e-03,3.099490182736893643e-03,3.145678670890993643e-03,2.829033285527901564e-03,2.227871932456801634e-03,1.450170932736559838e-03,6.105467879332356984e-04,0.000000000000000000e+00,0.000000000000000000e+00,0.000000000000000000e+00,0.000000000000000000e+00,0.000000000000000000e+00,0.000000000000000000e+00,0.000000000000000000e+00,0.000000000000000000e+00,0.000000000000000000e+00,0.000000000000000000e+00,0.000000000000000000e+00,0.000000000000000000e+00,0.000000000000000000e+00,0.000000000000000000e+00,0.000000000000000000e+00,0.000000000000000000e+00,0.000000000000000000e+00,0.000000000000000000e+00,9.707979157344546507e-04,2.437276478840606428e-03,3.619450327474060640e-03,4.427590449066162205e-03,4.799980790853684322e-03,4.709187923303818912e-03,4.169256786444209759e-03,3.240258820520899689e-03,2.026397101370092536e-03,6.659167862805712634e-04,0.000000000000000000e+00,0.000000000000000000e+00,0.000000000000000000e+00,0.000000000000000000e+00,0.000000000000000000e+00,0.000000000000000000e+00,0.000000000000000000e+00,1.812513792588244356e-03,2.022725380739035309e-03,2.146890958671426354e-03,6.366044813218564005e-05,0.000000000000000000e+00,3.208059590517995806e-04,8.613900529963902262e-04,0.000000000000000000e+00,0.000000000000000000e+00,0.000000000000000000e+00,0.000000000000000000e+00,0.000000000000000000e+00,0.000000000000000000e+00,0.000000000000000000e+00,0.000000000000000000e+00,0.000000000000000000e+00,0.000000000000000000e+00,0.000000000000000000e+00,2.696865493892728043e-03,2.050222424403575633e-03,0.000000000000000000e+00,0.000000000000000000e+00,4.872912992361777681e-04,1.330798352278057860e-03,2.133352625063694198e-03,2.871502518932029895e-03,3.520302872279508066e-03,4.391238321902066200e-03,0.000000000000000000e+00,0.000000000000000000e+00,0.000000000000000000e+00,0.000000000000000000e+00,0.000000000000000000e+00,6.171998734552710262e-04,2.275177896885970195e-03,3.800211754166261946e-03,5.050208199211572192e-03,5.936386693460156579e-03,6.437387346135174486e-03,6.597912223832626960e-03,6.513158733301384687e-03,6.304210951486048133e-03,6.091537291673600370e-03,0.000000000000000000e+00,0.000000000000000000e+00,0.000000000000000000e+00,0.000000000000000000e+00,0.000000000000000000e+00,0.000000000000000000e+00,0.000000000000000000e+00,0.000000000000000000e+00,0.000000000000000000e+00,0.000000000000000000e+00,0.000000000000000000e+00,0.000000000000000000e+00,0.000000000000000000e+00,0.000000000000000000e+00,0.000000000000000000e+00,0.000000000000000000e+00,0.000000000000000000e+00,0.000000000000000000e+00,0.000000000000000000e+00,0.000000000000000000e+00,2.942727445186839991e-04,1.914002750431389272e-03,2.828356531201692127e-05,0.000000000000000000e+00,0.000000000000000000e+00,0.000000000000000000e+00,3.053130571814609371e-05,1.642461854361304530e-04,3.471317770826690260e-04,5.690310041820215983e-04,8.060795906318775177e-04,1.019659016240316617e-03,1.163120972437752193e-03,1.195508937790824020e-03,1.097630437723517635e-03,8.839059122871213226e-04,6.970828092621811573e-04,1.475853857352068957e-03,2.425916780189046364e-03,3.476681020962408154e-03,4.539732545143121932e-03,5.527016365083389782e-03,6.367017082257628649e-03,7.013850412376715533e-03,7.447686027130639985e-03,7.668589473750792897e-03,7.687909844724067319e-03,7.521141209807351465e-03,7.184429531353113407e-03,6.694800612557248731e-03,6.072696075414953619e-03,5.344842115684255400e-03,4.545601955730522309e-03,3.715541831068446856e-03,2.896857547014893095e-03,2.126528368743644919e-03,1.545391158271304391e-03,1.406612206417659884e-03,1.412084470047385645e-03,1.547199206537116373e-03,1.773531525373788376e-03,2.033505980812639127e-03,2.258644642383981702e-03,2.380379147882977307e-03,2.341893656876481867e-03,2.108900210985807742e-03,1.676977321096276806e-03,1.073561995204559173e-03,3.540532680811118950e-04,0.000000000000000000e+00,0.000000000000000000e+00,0.000000000000000000e+00,0.000000000000000000e+00,0.000000000000000000e+00,0.000000000000000000e+00,0.000000000000000000e+00,0.000000000000000000e+00,0.000000000000000000e+00,0.000000000000000000e+00,1.700963559557529161e-04,4.460693795360691320e-04,5.057063888137140533e-04,3.625503957523575917e-04,6.826913361975197475e-05,0.000000000000000000e+00,0.000000000000000000e+00,0.000000000000000000e+00,0.000000000000000000e+00,0.000000000000000000e+00,0.000000000000000000e+00,0.000000000000000000e+00,0.000000000000000000e+00,0.000000000000000000e+00,0.000000000000000000e+00,0.000000000000000000e+00,0.000000000000000000e+00,0.000000000000000000e+00,0.000000000000000000e+00,5.920302991199099477e-04,1.230907924476982648e-03,1.806408413614039735e-03,2.254481124099923933e-03,2.524008720929934568e-03,2.585959480226395196e-03,2.438222726693962689e-03,2.104650193792930932e-03,1.628411277778755040e-03,1.061526572096061632e-03,4.538089213644297274e-04,0.000000000000000000e+00,0.000000000000000000e+00,0.000000000000000000e+00,0.000000000000000000e+00,0.000000000000000000e+00,0.000000000000000000e+00,0.000000000000000000e+00,0.000000000000000000e+00,0.000000000000000000e+00,0.000000000000000000e+00,0.000000000000000000e+00,0.000000000000000000e+00,0.000000000000000000e+00,0.000000000000000000e+00,0.000000000000000000e+00,0.000000000000000000e+00,0.000000000000000000e+00,0.000000000000000000e+00,0.000000000000000000e+00,0.000000000000000000e+00,0.000000000000000000e+00,0.000000000000000000e+00,0.000000000000000000e+00,0.000000000000000000e+00,6.912283160797327299e-05,1.821810010065659611e-04,1.160063712861212574e-03,3.074769717316313752e-03,1.033960851411384971e-03,2.090544021599903459e-03,3.028960804632181442e-03,3.791360355897533795e-03,4.337005171131136719e-03,4.646594384980851436e-03,4.724292384581897306e-03,4.597810991728812705e-03,4.316045482250804519e-03,3.943053898167199652e-03,3.547646660955482839e-03,3.189605605594807245e-03,2.905728956320866897e-03,2.700095830924036620e-03,2.542271116457769237e-03,2.374795422006122612e-03,2.128261632291501924e-03,1.739945453383978267e-03,1.171092246744649549e-03,4.186720673036471176e-04,0.000000000000000000e+00,0.000000000000000000e+00,2.195365856162074570e-04,5.509347194307457653e-04,9.272069282765724434e-04,1.375183638916658386e-03,1.899956406713981891e-03,2.486246719848031125e-03,3.103630022050073590e-03,3.713302360865386106e-03,4.274355092420391300e-03,4.748365280434796963e-03,5.102007733481995176e-03,5.308100192685578922e-03,5.345892939025203607e-03,5.201593050965374297e-03,4.869934881604222159e-03,4.357119955494019418e-03,3.684621620627195372e-03,2.892489042298443652e-03,2.040275869173633488e-03,1.203863607046261027e-03,4.673585684891908552e-04,2.565091711642803743e-04,3.704355001446895117e-04,4.661823250279278474e-04,5.414808390278607513e-04,5.945116969733666486e-04,7.286743872724136921e-04,1.296870704198846034e-03,1.790271589085560677e-03,2.129052401533743089e-03,2.262464769940603082e-03,2.172247459252952054e-03,1.870237989396027201e-03,1.393048947495992285e-03,7.961667311115422450e-04
1.244212422971219564e-07,0.000000000000000000e+00,0.000000000000000000e+00,0.000000000000000000e+00,0.000000000000000000e+00,9.941492651283139549e-06,1.164585903575687950e-04,3.187526744566640752e-04,6.445622030176674554e-04,0.000000000000000000e+00,0.000000000000000000e+00,0.000000000000000000e+00,0.000000000000000000e+00,0.000000000000000000e+00,0.000000000000000000e+00,0.000000000000000000e+00,0.000000000000000000e+00,0.000000000000000000e+00,0.000000000000000000e+00,0.000000000000000000e+00,0.000000000000000000e+00,0.000000000000000000e+00,0.000000000000000000e+00,0.000000000000000000e+00,0.000000000000000000e+00,2.537324652437904357e-04,1.393685765782652327e-03,2.573073422014615901e-03,3.719764745395248099e-03,4.754624021706712646e-03,5.605876898603011534e-03,6.220215436157468941e-03,6.567677946089614700e-03,6.640196858360166050e-03,6.446388943142862364e-03,6.006391712301146699e-03,5.349694054009400575e-03,4.516477547640372799e-03,3.560270032258619315e-03,2.548319991614340831e-03,1.556815351344519255e-03,9.964185058657154190e-04,1.360903647277793109e-03,1.587405958846020444e-03,1.708798179468516741e-03,1.769609600504293322e-03,1.814409392642356679e-03,1.877851850874964279e-03,1.978539651634705042e-03,2.117633956773753382e-03,2.281809172000613499e-03,2.449029325362589871e-03,2.595124898551654392e-03,2.699314005190836009e-03,2.747579263265679649e-03,3.129311654940002477e-03,2.093035795307475726e-03,1.702715161716280168e-03,1.274562870556622800e-03,8.142944434697530192e-04,3.268323677226514729e-04,0.000000000000000000e+00,0.000000000000000000e+00,0.000000000000000000e+00,0.000000000000000000e+00,0.000000000000000000e+00,0.000000000000000000e+00,0.000000000000000000e+00,0.000000000000000000e+00,0.000000000000000000e+00,0.000000000000000000e+00,0.000000000000000000e+00,0.000000000000000000e+00,0.000000000000000000e+00,0.000000000000000000e+00,0.000000000000000000e+00,0.000000000000000000e+00,0.000000000000000000e+00,0.000000000000000000e+00,0.000000000000000000e+00,0.000000000000000000e+00,0.000000000000000000e+00,0.000000000000000000e+00,5.087428985763749992e-05,1.156049433294882968e-03,2.002100632198862418e-03,2.541951987658660345e-03,2.788616646477784771e-03,2.806039641249803013e-03,2.687012376760621307e-03,2.525078070457000522e-03,2.388628230266791590e-03,2.304008557321720642e-03,2.251325754986329298e-03,0.000000000000000000e+00,0.000000000000000000e+00,0.000000000000000000e+00,0.000000000000000000e+00,0.000000000000000000e+00,7.472788776648857378e-04,1.832979759175727046e-03,2.888092347019474010e-03,3.777502026907714194e-03,4.492542129106749139e-03,3.181031350621648431e-03,2.796729755225867923e-03,2.202416606855747087e-03,1.463420651472400981e-03,6.595449467155755892e-04,0.000000000000000000e+00,0.000000000000000000e+00,4.696003470442795748e-04,1.066472741290758761e-03,1.653549329980280548e-03,2.215374597820922963e-03,2.742062462510858143e-03,3.228712664009880835e-03,3.675854501615224718e-03,4.089565976579355444e-03,4.479361006973912179e-03,4.852768363392634052e-03,5.207523759865215381e-03,5.524396264057592626e-03,5.764593151923955335e-03,5.874639250967550637e-03,5.798761913445937312e-03,5.495345661189893205e-03,4.951653888684253227e-03,4.191040985540597959e-03,3.269513232094086504e-03,2.262607956119668494e-03,1.247244364697431759e-03,2.848128291823773381e-04,0.000000000000000000e+00,0.000000000000000000e+00,0.000000000000000000e+00,0.000000000000000000e+00,0.000000000000000000e+00,0.000000000000000000e+00,0.000000000000000000e+00,1.230724197114277526e-04,2.190325503618632602e-04,3.265493372569589934e-04,4.783453282599616136e-04,6.806506312169793849e-04,9.094024225123068439e-04,1.117928335887127377e-03,1.253473841246632641e-03,1.276583366974867999e-03,1.176320068010483109e-03,9.758685089694871771e-04,7.265981410206960546e-04,4.927470412538440675e-04,3.320065864194861370e-04,2.783575533490663476e-04,3.322405840443594556e-04,4.603384089597367581e-04,6.041011745822016769e-04,6.939255103302724740e-04,6.651287926932171295e-04,4.723120668646130899e-04,2.757572133392249846e-04,7.279358571801311853e-05,0.000000000000000000e+00,0.000000000000000000e+00,0.000000000000000000e+00,0.000000000000000000e+00,0.000000000000000000e+00,0.000000000000000000e+00,0.000000000000000000e+00,0.000000000000000000e+00,0.000000000000000000e+00,0.000000000000000000e+00,0.000000000000000000e+00,0.000000000000000000e+00,0.000000000000000000e+00,0.000000000000000000e+00,0.000000000000000000e+00,0.000000000000000000e+00,2.951158637542126680e-04,8.409456800555954476e-04,1.301228032033767325e-03,1.645106046076360521e-03,1.868060827061232814e-03,1.991210896577209812e-03,2.051596716097294458e-03,2.086793528454434707e-03,2.119527315361970435e-03,2.148314226721927817e-03,2.148073762404689203e-03,2.080764751585611593e-03,1.911891568192063909e-03,1.626163757373478083e-03,1.235970361573674294e-03,1.760810891902199471e-03,2.126860499154461636e-03,3.116715029536311701e-03,0.000000000000000000e+00,0.000000000000000000e+00,0.000000000000000000e+00,0.000000000000000000e+00,0.000000000000000000e+00,0.000000000000000000e+00,3.040896284457594162e-04,1.208895019250540376e-03,0.000000000000000000e+00,0.000000000000000000e+00,0.000000000000000000e+00,0.000000000000000000e+00,0.000000000000000000e+00,0.000000000000000000e+00,0.000000000000000000e+00,0.000000000000000000e+00,0.000000000000000000e+00,0.000000000000000000e+00,0.000000000000000000e+00,0.000000000000000000e+00,0.000000000000000000e+00,0.000000000000000000e+00,0.000000000000000000e+00,0.000000000000000000e+00,0.000000000000000000e+00,1.802407674534813487e-04,4.903691967665795319e-04,7.437065192645371959e-04,9.273937863173551841e-04,1.037778276759545237e-03,1.079573738769648442e-03,1.063147676585643377e-03,1.001460652241004503e-03,9.081798636567941455e-04,2.851851067910633254e-04,2.817625847344662677e-04,2.483543870675914127e-04,1.404530997220005870e-04,0.000000000000000000e+00,0.000000000000000000e+00,0.000000000000000000e+00,0.000000000000000000e+00,0.000000000000000000e+00,0.000000000000000000e+00,0.000000000000000000e+00,0.000000000000000000e+00,8.399590824526270141e-05,1.177727877828173698e-04,6.860592787800699776e-05,0.000000000000000000e+00,0.000000000000000000e+00,0.000000000000000000e+00,1.710376115653265336e-04,5.191632848756172394e-04,1.006470846247068274e-03,1.580201238423659333e-03,0.000000000000000000e+00,0.000000000000000000e+00,0.000000000000000000e+00,0.000000000000000000e+00,0.000000000000000000e+00,0.000000000000000000e+00,2.612003002118379259e-04,0.000000000000000000e+00,0.000000000000000000e+00,0.000000000000000000e+00,0.000000000000000000e+00,0.000000000000000000e+00,0.000000000000000000e+00,0.000000000000000000e+00,0.000000000000000000e+00,6.460340462486655706e-04,1.750203601366276092e-03,2.792353302935740751e-03,5.955284042130772754e-03,3.879682987294034904e-03,4.009519117694688647e-03,3.838143506102230894e-03,3.425213622815581095e-03,2.862332636935584120e-03,2.252805734850500414e-03,1.689663786357274537e-03,1.236272280079380326e-03,1.824550644408709423e-03,2.421758301297640466e-03,2.837677385056606213e-03,3.068720817213456669e-03,3.145101148052712424e-03,3.114785141822861737e-03,3.023193403745383021e-03,2.896502612995467338e-03,2.734252935839755465e-03,2.512681879246727625e-03,2.195934584362878913e-03,1.749937066913623751e-03,1.153971435739803561e-03,4.072683421401628446e-04,0.000000000000000000e+00,0.000000000000000000e+00,0.000000000000000000e+00,0.000000000000000000e+00,4.978298266259340021e-03,4.790610795551051085e-03,0.000000000000000000e+00,0.000000000000000000e+00,1.383837507770729718e-03,0.000000000000000000e+00,0.000000000000000000e+00,0.000000000000000000e+00,1.084608149918200854e-04,1.535476782665962667e-03,2.878942639411409456e-03,4.083663603440278178e-03,2.613354952928719898e-03,3.265579034019893898e-03,3.959646925228737201e-03,4.696684150977572039e-03,5.453165097871447327e-03,6.185323512592960649e-03,6.841676606361602950e-03,0.000000000000000000e+00,0.000000000000000000e+00,0.000000000000000000e+00,0.000000000000000000e+00,0.000000000000000000e+00,0.000000000000000000e+00,0.000000000000000000e+00,0.000000000000000000e+00,0.000000000000000000e+00,0.000000000000000000e+00,0.000000000000000000e+00,0.000000000000000000e+00,0.000000000000000000e+00,0.000000000000000000e+00,0.000000000000000000e+00,0.000000000000000000e+00,0.000000000000000000e+00,0.000000000000000000e+00,0.000000000000000000e+00,0.000000000000000000e+00,0.000000000000000000e+00,0.000000000000000000e+00,0.000000000000000000e+00,0.000000000000000000e+00,0.000000000000000000e+00,0.000000000000000000e+00,0.000000000000000000e+00,0.000000000000000000e+00,0.000000000000000000e+00,0.000000000000000000e+00,0.000000000000000000e+00,0.000000000000000000e+00,0.000000000000000000e+00,0.000000000000000000e+00,0.000000000000000000e+00,0.000000000000000000e+00,0.000000000000000000e+00,1.659140771867623502e-04,4.025160868126034992e-04,5.152771029413323991e-04,5.276716571849898686e-04,4.759613053931985283e-04,3.988966675152903134e-04,3.291372971698125916e-04,2.884252304692376924e-04,2.866668818056194458e-04,3.236285631845564571e-04,6.728080952113588706e-04,1.199264909652222920e-03,1.659687602150417170e-03,1.361125232479830881e-03,1.509229417465667022e-03,1.528355949592115348e-03,1.427287538410591892e-03,1.232217813694417912e-03,9.856865174403984121e-04,7.424198451075024463e-04,5.617576963161198577e-04,4.974211637530262823e-04,5.865633563771708442e-04,8.408802616665599604e-04,1.242483757214490284e-03,1.746198172288325771e-03,2.288178258551397393e-03,2.798829741199296024e-03,3.216648441696113182e-03,3.499262258748054178e-03,3.628890186599238732e-03,3.611331960430376031e-03,3.469800412301747312e-03,3.236500573879210873e-03,2.945152763956253653e-03,2.626548665600970424e-03,2.650956518686086155e-03,2.917527296936574775e-03,3.086754700178100108e-03,3.118051707253253948e-03,2.977797208567654376e-03,2.648387125409404092e-03,2.136254888385052779e-03,1.477096998458420768e-03,9.740491097003517191e-04,7.793354144802004104e-04
1.377015771578587497e-07,8.693507950881106550e-04,0.000000000000000000e+00,0.000000000000000000e+00,0.000000000000000000e+00,0.000000000000000000e+00,0.000000000000000000e+00,0.000000000000000000e+00,0.000000000000000000e+00,0.000000000000000000e+00,0.000000000000000000e+00,0.000000000000000000e+00,0.000000000000000000e+00,0.000000000000000000e+00,0.000000000000000000e+00,0.000000000000000000e+00,0.000000000000000000e+00,0.000000000000000000e+00,0.000000000000000000e+00,0.000000000000000000e+00,0.000000000000000000e+00,0.000000000000000000e+00,0.000000000000000000e+00,0.000000000000000000e+00,0.000000000000000000e+00,0.000000000000000000e+00,1.136025153213390143e-04,4.912913260867465088e-04,9.628032936083769002e-04,1.546650312008434388e-03,2.212392546230166658e-03,2.923186666734850850e-03,4.764970614716464463e-04,8.969263701696461675e-04,1.249333403489668801e-03,1.475934290260034034e-03,1.525003152571159735e-03,1.360640201961557053e-03,9.694585240751207303e-04,3.629199913634308669e-04,0.000000000000000000e+00,0.000000000000000000e+00,0.000000000000000000e+00,0.000000000000000000e+00,0.000000000000000000e+00,0.000000000000000000e+00,0.000000000000000000e+00,0.000000000000000000e+00,0.000000000000000000e+00,0.000000000000000000e+00,0.000000000000000000e+00,0.000000000000000000e+00,0.000000000000000000e+00,0.000000000000000000e+00,0.000000000000000000e+00,0.000000000000000000e+00,0.000000000000000000e+00,0.000000000000000000e+00,0.000000000000000000e+00,4.315155514953014572e-04,8.457747831165918478e-04,1.064580943752666594e-03,1.064084108887620355e-03,8.626856100423839838e-04,5.127802003575884912e-04,1.241941969910141013e-04,3.179532638180557983e-03,1.027527475463046406e-03,0.000000000000000000e+00,0.000000000000000000e+00,0.000000000000000000e+00,9.830622123050772061e-04,2.115794619179899028e-03,3.214117724863980313e-03,4.216751932931205732e-03,5.063449957103356887e-03,5.697510548725056093e-03,6.070798805395318659e-03,6.151261006928573048e-03,5.931123528297626950e-03,5.432615622831747995e-03,4.708011932840730669e-03,3.832309298184682564e-03,2.889419841921342814e-03,1.955388763510325020e-03,1.683503017002611598e-03,1.649757439598949649e-03,1.501685533730350497e-03,1.254059129310168118e-03,9.213357988637595544e-04,5.169892660222040817e-04,5.248404776460816051e-05,0.000000000000000000e+00,0.000000000000000000e+00,0.000000000000000000e+00,0.000000000000000000e+00,0.000000000000000000e+00,0.000000000000000000e+00,0.000000000000000000e+00,0.000000000000000000e+00,6.842313882204396165e-04,1.364367669870848905e-03,1.829389705841765520e-03,2.049835446647001787e-03,2.030039392546268036e-03,1.804975235154737592e-03,1.432777762232240312e-03,9.837666005310516035e-04,5.276913780543222767e-04,1.217419135402082416e-04,0.000000000000000000e+00,0.000000000000000000e+00,0.000000000000000000e+00,0.000000000000000000e+00,6.294121770547295852e-04,4.063065876321778416e-03,1.718440595594698675e-04,0.000000000000000000e+00,1.442143631349176558e-04,0.000000000000000000e+00,0.000000000000000000e+00,1.764823963426618376e-04,4.368311937378603822e-04,1.002441931584771096e-03,1.376353505559061710e-03,1.496932359074190384e-03,1.364717196928786529e-03,1.012965205254246544e-03,5.047972669323107535e-04,0.000000000000000000e+00,0.000000000000000000e+00,0.000000000000000000e+00,0.000000000000000000e+00,0.000000000000000000e+00,0.000000000000000000e+00,0.000000000000000000e+00,0.000000000000000000e+00,0.000000000000000000e+00,0.000000000000000000e+00,0.000000000000000000e+00,4.111040405267635852e-05,2.247125519873465502e-04,3.814682943445965894e-04,5.172715388575200484e-04,6.407460291287435600e-04,7.620185471098119305e-04,8.890305852943967881e-04,1.022992812385453525e-03,1.156026830394030116e-03,1.273293056772736463e-03,1.359339793935950827e-03,1.405697655757276411e-03,1.415676216535411390e-03,1.403710606346703169e-03,1.389564296107335083e-03,1.390440290118702014e-03,1.414843827029822277e-03,1.601285753087722643e-03,3.117795868281315799e-03,4.537676300663097753e-03,0.000000000000000000e+00,0.000000000000000000e+00,0.000000000000000000e+00,0.000000000000000000e+00,0.000000000000000000e+00,0.000000000000000000e+00,0.000000000000000000e+00,0.000000000000000000e+00,0.000000000000000000e+00,0.000000000000000000e+00,0.000000000000000000e+00,6.668982890493996469e-05,1.776423751932319425e-03,0.000000000000000000e+00,0.000000000000000000e+00,2.191540846837733089e-04,8.201223233720095684e-04,1.287376540203739178e-03,1.608562583114178483e-03,1.803354675496890262e-03,1.913992500836740997e-03,1.992425599819070640e-03,2.086915368935023107e-03,2.230543122317820565e-03,2.691365589523380449e-03,3.904056185444035928e-03,5.108268449965854517e-03,6.222492189668539161e-03,7.169759160324735633e-03,7.888892189484192005e-03,8.341634991559572845e-03,8.515610225691564242e-03,8.423958975394127066e-03,8.102308109533535793e-03,7.603143537529318506e-03,6.987626602149506726e-03,6.315722101386505270e-03,5.636639450830656373e-03,4.982164019818901592e-03,4.364783314579281578e-03,3.780808734803065268e-03,3.216854687892981186e-03,2.657056259223609246e-03,2.088746981977280572e-03,1.505688366168319008e-03,9.093585950349499999e-04,3.095305106365817648e-04,0.000000000000000000e+00,0.000000000000000000e+00,0.000000000000000000e+00,0.000000000000000000e+00,0.000000000000000000e+00,0.000000000000000000e+00,0.000000000000000000e+00,0.000000000000000000e+00,0.000000000000000000e+00,0.000000000000000000e+00,0.000000000000000000e+00,3.300434265606659373e-04,6.261376381263891039e-04,8.870807674410588874e-04,1.159347703296003491e-03,1.487373179752684692e-03,1.893338191450696928e-03,2.363855871312346701e-03,2.848264619966727786e-03,3.269155200010926375e-03,3.541490168894146934e-03,3.593913974160198484e-03,3.385563893169066772e-03,2.913947347020307520e-03,2.213092320502436493e-03,1.344529903551764565e-03,3.852830676335264825e-04,0.000000000000000000e+00,0.000000000000000000e+00,0.000000000000000000e+00,0.000000000000000000e+00,0.000000000000000000e+00,0.000000000000000000e+00,0.000000000000000000e+00,0.000000000000000000e+00,0.000000000000000000e+00,0.000000000000000000e+00,0.000000000000000000e+00,0.000000000000000000e+00,0.000000000000000000e+00,0.000000000000000000e+00,0.000000000000000000e+00,0.000000000000000000e+00,0.000000000000000000e+00,9.167313503709108346e-04,1.987129360363093771e-03,2.922929130167469143e-03,3.640983058609696937e-03,4.093011816467317064e-03,4.271471879982039269e-03,4.204836106348521993e-03,3.944863654944475231e-03,3.551347147078614749e-03,3.080438324796219880e-03,2.580444514912983225e-03,2.094964829554027408e-03,1.669409770342678272e-03,1.355325168548207398e-03,1.208320277045626815e-03,1.278861974102570801e-03,1.598926866797745856e-03,2.169534452097627870e-03,2.953809308337026433e-03,3.877901537139077578e-03,4.839252999088017662e-03,5.719690945407366472e-03,5.621351666547660941e-03,4.627178375178313784e-03,3.457445684138085555e-03,2.147494792962066894e-03,7.336917107733950758e-04,0.000000000000000000e+00,0.000000000000000000e+00,0.000000000000000000e+00,0.000000000000000000e+00,0.000000000000000000e+00,0.000000000000000000e+00,3.222560279461186578e-04,8.412755375607873856e-04,1.268650909323174123e-03,1.576461546634236278e-03,1.746947248098853957e-03,1.777594065221452984e-03,1.684125435051881314e-03,1.499673308616737829e-03,1.269499988453211530e-03,1.041954373194483880e-03,8.575659893223488896e-04,7.391116439107020802e-04,6.857430259676355368e-04,6.735850920322914923e-04,6.635407872312129498e-04,6.147054466388396322e-04,4.995825847426098440e-04,3.161365062017116884e-04,9.232528536776687326e-05,0.000000000000000000e+00,0.000000000000000000e+00,0.000000000000000000e+00,0.000000000000000000e+00,2.950687282044952946e-04,8.233255681181020098e-04,1.500384123308739527e-03,0.000000000000000000e+00,0.000000000000000000e+00,0.000000000000000000e+00,0.000000000000000000e+00,0.000000000000000000e+00,0.000000000000000000e+00,0.000000000000000000e+00,0.000000000000000000e+00,0.000000000000000000e+00,0.000000000000000000e+00,0.000000000000000000e+00,1.077069218720653294e-03,2.693366872646519704e-03,0.000000000000000000e+00,0.000000000000000000e+00,6.607402884617990906e-03,0.000000000000000000e+00,0.000000000000000000e+00,0.000000000000000000e+00,0.000000000000000000e+00,0.000000000000000000e+00,0.000000000000000000e+00,0.000000000000000000e+00,0.000000000000000000e+00,0.000000000000000000e+00,0.000000000000000000e+00,0.000000000000000000e+00,6.078779083998458692e-07,1.069591131509850995e-04,2.201997384759755440e-04,3.403484446205376815e-04,4.672347813306113409e-04,6.004769074081412090e-04,5.279677482169583972e-04,1.950767102837260795e-03,1.214689353028949170e-04,1.368081930496593834e-04,2.702732071482559788e-04,4.880143420329975668e-04,7.501705601763468054e-04,1.776141959020583827e-03,0.000000000000000000e+00,0.000000000000000000e+00,0.000000000000000000e+00,0.000000000000000000e+00,0.000000000000000000e+00,0.000000000000000000e+00,0.000000000000000000e+00,1.101595711124443781e-04,6.237534586908575433e-04,1.097091608350974972e-03,1.473789994123343629e-03,1.710055058615117573e-03,1.081302845931429203e-03,7.295046609292194081e-04,4.499678000626229873e-04,2.750789489305866670e-04,2.428035042429680041e-04,3.781066231532532974e-04,6.766717902316029187e-04,0.000000000000000000e+00,0.000000000000000000e+00,0.000000000000000000e+00,0.000000000000000000e+00,0.000000000000000000e+00,0.000000000000000000e+00,0.000000000000000000e+00,0.000000000000000000e+00,0.000000000000000000e+00,8.130226744210612840e-05,1.789031669569803094e-04,1.578343061401522981e-04,1.574728882667977348e-05,0.000000000000000000e+00,0.000000000000000000e+00,0.000000000000000000e+00,0.000000000000000000e+00,0.000000000000000000e+00,0.000000000000000000e+00,0.000000000000000000e+00,0.000000000000000000e+00,0.000000000000000000e+00,0.000000000000000000e+00,0.000000000000000000e+00,0.000000000000000000e+00,0.000000000000000000e+00,0.000000000000000000e+00,0.000000000000000000e+00,0.000000000000000000e+00,0.000000000000000000e+00
3.957295058869364592e-08,1.147555653340375127e-04,1.365041004314690421e-04,2.907721042757019787e-05,0.000000000000000000e+00,0.000000000000000000e+00,0.000000000000000000e+00,0.000000000000000000e+00,0.000000000000000000e+00,0.000000000000000000e+00,0.000000000000000000e+00,4.906344363251080924e-06,7.826601782896489045e-04,1.609389735925794394e-03,0.000000000000000000e+00,0.000000000000000000e+00,0.000000000000000000e+00,0.000000000000000000e+00,0.000000000000000000e+00,0.000000000000000000e+00,0.000000000000000000e+00,0.000000000000000000e+00,0.000000000000000000e+00,0.000000000000000000e+00,0.000000000000000000e+00,0.000000000000000000e+00,0.000000000000000000e+00,0.000000000000000000e+00,0.000000000000000000e+00,0.000000000000000000e+00,4.260668462571650479e-04,8.707199438856948063e-04,2.226908654747099953e-03,3.692423939105730912e-04,5.810378073643450436e-04,8.015503476476636352e-04,1.028722970594494893e-03,1.260583398247867859e-03,1.495269195916679823e-03,1.731045585148632522e-03,1.966309254306223067e-03,2.199585387689811673e-03,2.429514880661656686e-03,2.654836205731637283e-03,3.145459988517718391e-03,4.125739558543093516e-03,3.023273369660032985e-03,3.440638531176794159e-03,3.654369689248670051e-03,3.629268924459718142e-03,3.374598906401638128e-03,2.941803874527722587e-03,2.413311155814766920e-03,1.885456179560764242e-03,1.680031255370064737e-03,1.760822070994242814e-03,1.922841278429750830e-03,2.173324696630916930e-03,2.502121111235540256e-03,2.886860349308798240e-03,7.519673103882993509e-04,6.409644235850419855e-04,5.705346771978990310e-04,5.728347859793292939e-04,6.647655125791183603e-04,8.441671083232615445e-04,1.091025309508317220e-03,1.373645207637522138e-03,1.657654647553168581e-03,1.914428609051415341e-03,2.125732671977400342e-03,2.283054099039816352e-03,2.382546613901668792e-03,2.418674219543368292e-03,2.380442583655551381e-03,2.253103727210621805e-03,2.025652841046118348e-03,1.701375554654440628e-03,1.306547095486166200e-03,8.923060671433313048e-04,5.270114538572763865e-04,2.802934671532837565e-04,2.038139667294621695e-04,3.543867328652862436e-04,8.164156822732935486e-04,1.373690658351984367e-03,1.954226546470829839e-03,5.475863090409092623e-03,7.666955139000823909e-04,8.534538273936733256e-04,9.201636746714265741e-04,9.671749512280566159e-04,9.951029905080409181e-04,1.004821163474128257e-03,9.974466917037204828e-04,9.743253545963114675e-04,9.370091992402150788e-04,8.872320764823694340e-04,8.268778650957138735e-04,7.579482036448903807e-04,6.825268858011377662e-04,6.027387616068823929e-04,5.207120181692607985e-04,4.385373437373925733e-04,3.582287422291124675e-04,2.816855968635273498e-04,2.106582458601966100e-04,1.467179187114389942e-04,9.123082072994099178e-05,4.533662430734247738e-05,9.934598497453972054e-06,0.000000000000000000e+00,0.000000000000000000e+00,0.000000000000000000e+00,0.000000000000000000e+00,4.308275461583179360e-06,3.688562293899819920e-05,7.949120506700211794e-05,1.312427834314693845e-04,1.911218551870357853e-04,2.579982207352144005e-04,3.664674671114518268e-04,7.468405745340298604e-04,8.388072422547978267e-04,6.234000705022308721e-04,6.535346943262365822e-04,7.359362576931379558e-04,8.166120085369171387e-04,8.945005255452367823e-04,4.396369278414348665e-03,4.209583724544920837e-03,0.000000000000000000e+00,0.000000000000000000e+00,0.000000000000000000e+00,0.000000000000000000e+00,0.000000000000000000e+00,0.000000000000000000e+00,0.000000000000000000e+00,4.933089038962847799e-04,9.856862982687067658e-04,1.199668148826293608e-03,1.140736797516587976e-03,8.494672833458332501e-04,3.885909650311882252e-04,0.000000000000000000e+00,0.000000000000000000e+00,0.000000000000000000e+00,0.000000000000000000e+00,0.000000000000000000e+00,0.000000000000000000e+00,0.000000000000000000e+00,0.000000000000000000e+00,0.000000000000000000e+00,0.000000000000000000e+00,0.000000000000000000e+00,0.000000000000000000e+00,0.000000000000000000e+00,9.669365254073627449e-04,1.815486025846288921e-03,2.286631941662670055e-03,2.394483453001171498e-03,2.222828326902155562e-03,1.910538528942113236e-03,1.619178992263050785e-03,1.491933588406794834e-03,1.616932375300695864e-03,2.006923562213869944e-03,2.601431176711581535e-03,3.289527125101777884e-03,3.944364906340705294e-03,4.457323221018303500e-03,4.761000028045230675e-03,4.835448514998999178e-03,4.698680366317773208e-03,4.387889167570280420e-03,3.940189725567723282e-03,3.380323586892304468e-03,2.718760874091205853e-03,1.958784222580423583e-03,1.107582741609773993e-03,1.853706650802357529e-04,0.000000000000000000e+00,0.000000000000000000e+00,0.000000000000000000e+00,0.000000000000000000e+00,0.000000000000000000e+00,0.000000000000000000e+00,0.000000000000000000e+00,0.000000000000000000e+00,0.000000000000000000e+00,0.000000000000000000e+00,0.000000000000000000e+00,0.000000000000000000e+00,0.000000000000000000e+00,0.000000000000000000e+00,0.000000000000000000e+00,0.000000000000000000e+00,0.000000000000000000e+00,0.000000000000000000e+00,0.000000000000000000e+00,3.452725111160660938e-05,1.415120646880992203e-04,2.528830139254615575e-04,3.687438522513125888e-04,4.890568000814774982e-04,6.136408227483406341e-04,1.056668517500434189e-03,2.134468463654539284e-03,3.058630425831869015e-03,3.849795918565528368e-03,4.522839506919373517e-03,5.077119280980883255e-03,5.496050930381320317e-03,5.755690642127276636e-03,5.838809282576190238e-03,5.748811450102779205e-03,5.517690087943862703e-03,5.204250535804348481e-03,4.882391553368361364e-03,0.000000000000000000e+00,0.000000000000000000e+00,0.000000000000000000e+00,0.000000000000000000e+00,0.000000000000000000e+00,0.000000000000000000e+00,0.000000000000000000e+00,0.000000000000000000e+00,0.000000000000000000e+00,0.000000000000000000e+00,6.394715814219086285e-04,2.096937540671786528e-03,3.508852404566962634e-03,0.000000000000000000e+00,0.000000000000000000e+00,0.000000000000000000e+00,0.000000000000000000e+00,0.000000000000000000e+00,0.000000000000000000e+00,0.000000000000000000e+00,0.000000000000000000e+00,0.000000000000000000e+00,0.000000000000000000e+00,0.000000000000000000e+00,0.000000000000000000e+00,0.000000000000000000e+00,0.000000000000000000e+00,0.000000000000000000e+00,0.000000000000000000e+00,7.504786772158719829e-04,1.482156147778284500e-03,2.124447771253839233e-03,4.038843608807543735e-03,4.035059370328407391e-03,0.000000000000000000e+00,0.000000000000000000e+00,0.000000000000000000e+00,0.000000000000000000e+00,0.000000000000000000e+00,0.000000000000000000e+00,0.000000000000000000e+00,0.000000000000000000e+00,0.000000000000000000e+00,3.343530926322711185e-04,9.584926961271588710e-04,1.684286684751943198e-03,2.491945886223596862e-03,3.343715203600562333e-03,4.195809466711703135e-03,5.009118879708431872e-03,5.753601042937978374e-03,6.405473264177231375e-03,6.940850600546740953e-03,7.331546949605296723e-03,7.547226722544126722e-03,7.563950337555526773e-03,7.374996372059737168e-03,6.998064188179875349e-03,6.474518311327660987e-03,5.860194508641710341e-03,5.211239377021261755e-03,0.000000000000000000e+00,2.516320706314009617e-04,1.280837474212816749e-03,2.087875180709949929e-03,2.736555966990184864e-03,3.263178459362027842e-03,3.666927459520138901e-03,0.000000000000000000e+00,0.000000000000000000e+00,0.000000000000000000e+00,0.000000000000000000e+00,0.000000000000000000e+00,4.509033531539320444e-04,9.622804365469508599e-04,0.000000000000000000e+00,0.000000000000000000e+00,0.000000000000000000e+00,0.000000000000000000e+00,5.479181874994373033e-04,1.184463487115694968e-03,1.774135522566866983e-03,2.291239457627827162e-03,2.714225865621487915e-03,3.027887450040732484e-03,3.225843639825592187e-03,3.312071703884554141e-03,3.300299744984618727e-03,0.000000000000000000e+00,0.000000000000000000e+00,0.000000000000000000e+00,0.000000000000000000e+00,0.000000000000000000e+00,0.000000000000000000e+00,1.478030979476550129e-04,4.069814036424156600e-04,5.626888602204056398e-04,4.246875635642503692e-03,4.816326279601272154e-04,2.367927073612095834e-04,0.000000000000000000e+00,0.000000000000000000e+00,0.000000000000000000e+00,0.000000000000000000e+00,0.000000000000000000e+00,0.000000000000000000e+00,0.000000000000000000e+00,0.000000000000000000e+00,0.000000000000000000e+00,0.000000000000000000e+00,0.000000000000000000e+00,0.000000000000000000e+00,0.000000000000000000e+00,0.000000000000000000e+00,0.000000000000000000e+00,0.000000000000000000e+00,0.000000000000000000e+00,0.000000000000000000e+00,0.000000000000000000e+00,0.000000000000000000e+00,0.000000000000000000e+00,0.000000000000000000e+00,0.000000000000000000e+00,0.000000000000000000e+00,0.000000000000000000e+00,0.000000000000000000e+00,0.000000000000000000e+00,0.000000000000000000e+00,5.785845728901031944e-03,7.595297890356560383e-04,0.000000000000000000e+00,0.000000000000000000e+00,0.000000000000000000e+00,0.000000000000000000e+00,0.000000000000000000e+00,0.000000000000000000e+00,0.000000000000000000e+00,0.000000000000000000e+00,0.000000000000000000e+00,0.000000000000000000e+00,0.000000000000000000e+00,0.000000000000000000e+00,0.000000000000000000e+00,0.000000000000000000e+00,0.000000000000000000e+00,0.000000000000000000e+00,0.000000000000000000e+00,0.000000000000000000e+00,0.000000000000000000e+00,0.000000000000000000e+00,4.571472089989615079e-04,1.020180287732094749e-03,1.575708884945311791e-03,2.115431209202267137e-03,4.742361226690512341e-03,0.000000000000000000e+00,0.000000000000000000e+00,0.000000000000000000e+00,0.000000000000000000e+00,0.000000000000000000e+00,0.000000000000000000e+00,0.000000000000000000e+00,0.000000000000000000e+00,0.000000000000000000e+00,0.000000000000000000e+00,0.000000000000000000e+00,0.000000000000000000e+00,0.000000000000000000e+00,0.000000000000000000e+00,0.000000000000000000e+00,0.000000000000000000e+00,0.000000000000000000e+00,0.000000000000000000e+00,0.000000000000000000e+00,0.000000000000000000e+00,0.000000000000000000e+00,4.141518400009740891e-03,1.253286144837338243e-03,8.649954228798599487e-04,0.000000000000000000e+00,0.000000000000000000e+00
0.000000000000000000e+00,8.096797266164524427e-04,1.414805445355090362e-03,1.324373805579357995e-03,9.061044655830966226e-04,9.038214732141724560e-04,1.042945411114436748e-03,1.163605491697680683e-03,1.264129493412096024e-03,1.342978779684552478e-03,1.398755246802282611e-03,1.430192795363893288e-03,1.436161208222092164e-03,1.415671469197693358e-03,1.367879907584264917e-03,1.292103838427759036e-03,1.187834018047712438e-03,1.054753994179690466e-03,8.927592200500708520e-04,7.019811175470974489e-04,4.828058396437979538e-04,2.358968872999759041e-04,0.000000000000000000e+00,0.000000000000000000e+00,0.000000000000000000e+00,0.000000000000000000e+00,0.000000000000000000e+00,0.000000000000000000e+00,0.000000000000000000e+00,0.000000000000000000e+00,0.000000000000000000e+00,0.000000000000000000e+00,3.962268194115887228e-04,7.250975698027458533e-04,5.912402602665376350e-04,0.000000000000000000e+00,0.000000000000000000e+00,0.000000000000000000e+00,0.000000000000000000e+00,0.000000000000000000e+00,0.000000000000000000e+00,0.000000000000000000e+00,0.000000000000000000e+00,0.000000000000000000e+00,0.000000000000000000e+00,0.000000000000000000e+00,0.000000000000000000e+00,0.000000000000000000e+00,0.000000000000000000e+00,0.000000000000000000e+00,0.000000000000000000e+00,2.521652100489636780e-04,7.273412162406453453e-04,8.659133304809379190e-04,7.541220344803257949e-04,4.732500853054511631e-04,8.355334006242250762e-05,0.000000000000000000e+00,0.000000000000000000e+00,0.000000000000000000e+00,0.000000000000000000e+00,0.000000000000000000e+00,0.000000000000000000e+00,0.000000000000000000e+00,0.000000000000000000e+00,0.000000000000000000e+00,1.939158742184126294e-04,4.028605597020454981e-03,0.000000000000000000e+00,0.000000000000000000e+00,0.000000000000000000e+00,0.000000000000000000e+00,0.000000000000000000e+00,0.000000000000000000e+00,1.150872068635131401e-04,1.455924961986296545e-03,2.825177071638572575e-03,4.149231454017411093e-03,5.361991798880706359e-03,0.000000000000000000e+00,0.000000000000000000e+00,0.000000000000000000e+00,0.000000000000000000e+00,0.000000000000000000e+00,0.000000000000000000e+00,0.000000000000000000e+00,0.000000000000000000e+00,0.000000000000000000e+00,0.000000000000000000e+00,0.000000000000000000e+00,0.000000000000000000e+00,0.000000000000000000e+00,0.000000000000000000e+00,0.000000000000000000e+00,0.000000000000000000e+00,0.000000000000000000e+00,0.000000000000000000e+00,0.000000000000000000e+00,0.000000000000000000e+00,0.000000000000000000e+00,0.000000000000000000e+00,0.000000000000000000e+00,1.705478887355169071e-04,9.807375663436722346e-04,1.746270754004445973e-03,3.049381008390806592e-03,2.338092165964851619e-03,2.384175359844658074e-03,2.426583203038787991e-03,2.465336296974581908e-03,0.000000000000000000e+00,0.000000000000000000e+00,0.000000000000000000e+00,0.000000000000000000e+00,0.000000000000000000e+00,0.000000000000000000e+00,0.000000000000000000e+00,0.000000000000000000e+00,0.000000000000000000e+00,0.000000000000000000e+00,0.000000000000000000e+00,2.281376263301874226e-04,9.260789064628079104e-04,1.834044917367603925e-03,2.926397521047673610e-03,4.130803784084555695e-03,5.343501610540313251e-03,6.449323156385537194e-03,7.340449514580763175e-03,7.930214475496969589e-03,8.161362924367074334e-03,8.010256848191562445e-03,7.488859270566334582e-03,6.645211954666643307e-03,5.561544694475931486e-03,4.348224745238498876e-03,0.000000000000000000e+00,0.000000000000000000e+00,0.000000000000000000e+00,8.945360820547885571e-04,0.000000000000000000e+00,0.000000000000000000e+00,0.000000000000000000e+00,6.576509186749983176e-05,5.959268651995457827e-04,1.940864857093986106e-03,1.490561031127690596e-04,0.000000000000000000e+00,3.206786643028089776e-05,6.318760282883244478e-04,1.345864943217308729e-03,2.066149894088072873e-03,2.674036011682485135e-03,3.054831698627234228e-03,3.116411843531078675e-03,2.808649877739045810e-03,2.138171796083670247e-03,1.172863880297734997e-03,3.345777782658064607e-05,0.000000000000000000e+00,0.000000000000000000e+00,0.000000000000000000e+00,0.000000000000000000e+00,0.000000000000000000e+00,2.754979802741666715e-04,1.455657888389178152e-03,2.746711638208797646e-03,4.084384712610803631e-03,5.374879373516045292e-03,6.498528834113287064e-03,7.325217137086593132e-03,7.739148338991542683e-03,7.666124892268377095e-03,7.094756588432540347e-03,6.084636753380869879e-03,4.758712000891114451e-03,3.281923143546657592e-03,1.831875047632689629e-03,5.687030636146554741e-04,0.000000000000000000e+00,1.830936891740830397e-05,5.489026889579894921e-04,1.137862568011112222e-03,1.697211376458286538e-03,2.124997322923021653e-03,2.329758719642192107e-03,2.217654727293737714e-03,0.000000000000000000e+00,0.000000000000000000e+00,0.000000000000000000e+00,8.205533576569205888e-04,2.380395840679149552e-03,0.000000000000000000e+00,9.678570782595494215e-05,3.446575983464590263e-04,0.000000000000000000e+00,3.209262742664695039e-05,1.770180699095776707e-04,4.365264243503489284e-05,0.000000000000000000e+00,0.000000000000000000e+00,0.000000000000000000e+00,3.233466460444668882e-03,0.000000000000000000e+00,4.115285387250072063e-03,0.000000000000000000e+00,0.000000000000000000e+00,0.000000000000000000e+00,0.000000000000000000e+00,0.000000000000000000e+00,1.541902207721012425e-04,4.011146874504518110e-04,1.106295769830910368e-03,0.000000000000000000e+00,0.000000000000000000e+00,1.843902516442351414e-04,1.207940565554705483e-04,0.000000000000000000e+00,0.000000000000000000e+00,0.000000000000000000e+00,0.000000000000000000e+00,0.000000000000000000e+00,0.000000000000000000e+00,0.000000000000000000e+00,0.000000000000000000e+00,0.000000000000000000e+00,0.000000000000000000e+00,0.000000000000000000e+00,0.000000000000000000e+00,0.000000000000000000e+00,0.000000000000000000e+00,0.000000000000000000e+00,0.000000000000000000e+00,7.524109655466298605e-04,3.935119333824442858e-03,4.565466086649060226e-04,7.282747379813956116e-04,6.752906422846788326e-04,2.756211280828767523e-04,4.350210553200921024e-04,0.000000000000000000e+00,1.418954688589540904e-03,3.385382061940433399e-03,0.000000000000000000e+00,1.716041589987131379e-03,0.000000000000000000e+00,0.000000000000000000e+00,0.000000000000000000e+00,1.729180216610846422e-04,5.369818189178119944e-04,9.448054324679985372e-04,0.000000000000000000e+00,0.000000000000000000e+00,0.000000000000000000e+00,0.000000000000000000e+00,0.000000000000000000e+00,0.000000000000000000e+00,0.000000000000000000e+00,0.000000000000000000e+00,0.000000000000000000e+00,0.000000000000000000e+00,2.002512582413313452e-03,0.000000000000000000e+00,0.000000000000000000e+00,0.000000000000000000e+00,3.253440552702153055e-04,5.934742145149894069e-04,8.230032596913539186e-04,1.055820833840690788e-03,1.305891340222342266e-03,1.553910568954321300e-03,1.753188461068770762e-03,1.844100383703145855e-03,1.771492939320787113e-03,1.793698001363808409e-03,1.391987502566998996e-03,2.516810453572206237e-03,0.000000000000000000e+00,0.000000000000000000e+00,0.000000000000000000e+00,0.000000000000000000e+00,7.610522707062206951e-04,0.000000000000000000e+00,0.000000000000000000e+00,0.000000000000000000e+00,0.000000000000000000e+00,0.000000000000000000e+00,0.000000000000000000e+00,0.000000000000000000e+00,0.000000000000000000e+00,0.000000000000000000e+00,0.000000000000000000e+00,0.000000000000000000e+00,0.000000000000000000e+00,0.000000000000000000e+00,0.000000000000000000e+00,6.989125395270143117e-04,1.270802689453225543e-03,4.800866397144882072e-04,1.200373148281079928e-03,2.040725613774202647e-03,3.101674342867594136e-03,4.428769363310984530e-03,0.000000000000000000e+00,0.000000000000000000e+00,0.000000000000000000e+00,0.000000000000000000e+00,0.000000000000000000e+00,0.000000000000000000e+00,0.000000000000000000e+00,0.000000000000000000e+00,0.000000000000000000e+00,0.000000000000000000e+00,7.629124666681400067e-05,1.140997458772550262e-03,0.000000000000000000e+00,0.000000000000000000e+00,0.000000000000000000e+00,0.000000000000000000e+00,0.000000000000000000e+00,0.000000000000000000e+00,0.000000000000000000e+00,0.000000000000000000e+00,0.000000000000000000e+00,0.000000000000000000e+00,3.451236556572170725e-05,7.920607748531356771e-04,1.463018183275816139e-03,1.956324388618238021e-03,2.194324642464378240e-03,2.131158093872315053e-03,1.763866747071779224e-03,1.133011783282743962e-03,3.132316285353750835e-04,0.000000000000000000e+00,0.000000000000000000e+00,0.000000000000000000e+00,0.000000000000000000e+00,0.000000000000000000e+00,5.223233449836693371e-04,1.662181604834847776e-03,2.851715086196375017e-03,3.975122067623486875e-03,4.905102118824319901e-03,5.519843620763295773e-03,5.722238306776154110e-03,5.459170169114332082e-03,4.736725222501118014e-03,3.626372844633543764e-03,2.258559017606841593e-03,1.285078438320094458e-03,1.562984502930533709e-03,1.520651895422298842e-03,3.752439524868688217e-03,7.891684218119937849e-04,1.512576826850726627e-03,0.000000000000000000e+00,0.000000000000000000e+00,0.000000000000000000e+00,0.000000000000000000e+00,4.243589981958226080e-04,1.268567037444102465e-03,1.907744280144571883e-03,2.320349105799430611e-03,2.519423307543971428e-03,2.545777482154139900e-03,0.000000000000000000e+00,0.000000000000000000e+00,0.000000000000000000e+00,0.000000000000000000e+00,0.000000000000000000e+00,0.000000000000000000e+00,0.000000000000000000e+00,0.000000000000000000e+00,0.000000000000000000e+00,0.000000000000000000e+00,0.000000000000000000e+00,0.000000000000000000e+00,0.000000000000000000e+00,0.000000000000000000e+00,7.833075048320552961e-04,2.507256093300290912e-03,4.259833894005841774e-03,5.875588148418250944e-03,0.000000000000000000e+00,0.000000000000000000e+00,0.000000000000000000e+00,0.000000000000000000e+00,0.000000000000000000e+00,0.000000000000000000e+00,0.000000000000000000e+00,0.000000000000000000e+00,1.534543688071125008e-03,3.297065424338257739e-03,5.627337448762386243e-03,0.000000000000000000e+00,0.000000000000000000e+00,0.000000000000000000e+00,0.000000000000000000e+00,0.000000000000000000e+00
1.207694344598255968e-08,1.584675165687314470e-04,4.936392353411802404e-06,1.109550102092908651e-05,3.152431195183059005e-05,6.110778967223159941e-05,1.001881937229523223e-04,1.489889619445602118e-04,2.076017221431613431e-04,2.759733356006532738e-04,4.501321113443909616e-04,9.833431913576734344e-04,1.495453315438616303e-03,1.902748210372717840e-03,2.133811444961013996e-03,2.143114349348042031e-03,1.919869128662286600e-03,1.490324362021164467e-03,1.249283686076004939e-03,8.600621841545267850e-04,1.898342908597683548e-03,2.985758048915365063e-03,4.036125955454651811e-03,4.954174444155282422e-03,5.655113103065182931e-03,6.082075405310295897e-03,6.215377376121643607e-03,6.070866933652009287e-03,5.688808715447333381e-03,5.118117389310031413e-03,4.402018408615798913e-03,3.570201846623845959e-03,2.639697722950313206e-03,1.623236865634483054e-03,5.409666108743941843e-04,0.000000000000000000e+00,0.000000000000000000e+00,6.267011443724941188e-05,3.151369886430159094e-04,5.066160529158070334e-04,6.588062306392386720e-04,8.003316983947296806e-04,9.552434361326729876e-04,1.134860399631146873e-03,1.336280307928421280e-03,1.547428568678247502e-03,1.755289783186166248e-03,1.952600165596505124e-03,2.139475446472493148e-03,2.319469388730903588e-03,2.492773960075814633e-03,2.650975363723659557e-03,2.777050915954309453e-03,2.851567482816970596e-03,2.862681372227983412e-03,2.815325226210309197e-03,2.734956460954641403e-03,2.663461040286282770e-03,3.001166549129705673e-03,3.832309440978361788e-03,4.404684407881649319e-03,4.694800843829900761e-03,4.708522468589471620e-03,4.479797777056636690e-03,4.102034194295558871e-03,4.169288503449884373e-03,4.013783301038261961e-03,3.609916708863231474e-03,2.969279238461220403e-03,2.140321159825273392e-03,1.694863680503296737e-03,1.610862059066102718e-03,1.543334778880187282e-03,1.440805311351817889e-03,1.268740189539515782e-03,1.016926874329486009e-03,6.986711147597245023e-04,3.431786349361227485e-04,2.919643493742102519e-04,2.487274163523476916e-04,1.879254335180789118e-04,1.104720317301626957e-04,1.757893206534797141e-05,0.000000000000000000e+00,0.000000000000000000e+00,0.000000000000000000e+00,0.000000000000000000e+00,0.000000000000000000e+00,0.000000000000000000e+00,0.000000000000000000e+00,5.144114502400103052e-04,9.733786874451715379e-04,1.273962501919326425e-03,1.335352302190928901e-03,1.118092734210028930e-03,6.373336863565048525e-04,0.000000000000000000e+00,0.000000000000000000e+00,0.000000000000000000e+00,0.000000000000000000e+00,0.000000000000000000e+00,0.000000000000000000e+00,0.000000000000000000e+00,0.000000000000000000e+00,0.000000000000000000e+00,0.000000000000000000e+00,0.000000000000000000e+00,0.000000000000000000e+00,0.000000000000000000e+00,0.000000000000000000e+00,0.000000000000000000e+00,0.000000000000000000e+00,0.000000000000000000e+00,2.032588984171258752e-04,8.757794466610278579e-04,1.552781790275632517e-03,2.168085543283773155e-03,2.642161532698252338e-03,2.900380678680915432e-03,2.892426581400344560e-03,2.607198462119143974e-03,2.078828254582381230e-03,1.382035116997359057e-03,6.180538116641886865e-04,0.000000000000000000e+00,0.000000000000000000e+00,0.000000000000000000e+00,0.000000000000000000e+00,1.491984278264465586e-05,1.801054948508626363e-04,3.483046217668638706e-04,5.178033905894335745e-04,6.866998787791737035e-04,8.529433091104850337e-04,1.014379229062872985e-03,1.168801705961489698e-03,1.313997464227828829e-03,1.447800154862571289e-03,1.568136027876070081e-03,1.673067255026579802e-03,1.760834171089013800e-03,1.829889571977141556e-03,1.878928074868057478e-03,1.906910551433548288e-03,1.913080711636636067e-03,1.896978882334625837e-03,1.858445890907925576e-03,2.433248970454555959e-03,3.047182253330549088e-03,3.578648694856239199e-03,3.981657709349704401e-03,4.220899022912566988e-03,4.276211669586608630e-03,4.145766685563001715e-03,3.847209561229548384e-03,3.415858584864535190e-03,2.899534598990392061e-03,2.350679189572852257e-03,1.817700199088878414e-03,1.338124836067959870e-03,9.356221195592130018e-04,6.213745621433109084e-04,3.983831278462278912e-04,2.661438888149655728e-04,7.280021880441764218e-04,9.535539605847698176e-04,9.443674743029428342e-04,7.487759332110060020e-04,8.349061535304310496e-04,1.114063610786896093e-03,1.407735395485232906e-03,1.707081197933121115e-03,2.015826196821987604e-03,2.350199281269821101e-03,2.734323189873290576e-03,3.192081780315941895e-03,3.737697815121602922e-03,4.367740729807767334e-03,5.056907366087595376e-03,5.758860736537671325e-03,6.412116022295734526e-03,6.949803965476903343e-03,7.311389896629905474e-03,7.454164856584534309e-03,7.362352688809693270e-03,7.052004916478932413e-03,6.570378439994631857e-03,5.989348430060986196e-03,5.393527559894928554e-03,4.864977061132746798e-03,4.467422249438736566e-03,0.000000000000000000e+00,0.000000000000000000e+00,0.000000000000000000e+00,0.000000000000000000e+00,0.000000000000000000e+00,0.000000000000000000e+00,0.000000000000000000e+00,0.000000000000000000e+00,0.000000000000000000e+00,0.000000000000000000e+00,4.306458801081888095e-04,6.173556095512088655e-04,5.164919916686273134e-04,1.524228728460354243e-04,0.000000000000000000e+00,0.000000000000000000e+00,0.000000000000000000e+00,0.000000000000000000e+00,0.000000000000000000e+00,0.000000000000000000e+00,0.000000000000000000e+00,0.000000000000000000e+00,2.442478358371015794e-04,1.377250225644823791e-03,0.000000000000000000e+00,0.000000000000000000e+00,0.000000000000000000e+00,0.000000000000000000e+00,0.000000000000000000e+00,0.000000000000000000e+00,0.000000000000000000e+00,2.311772710527539444e-04,6.705463467673666118e-04,0.000000000000000000e+00,0.000000000000000000e+00,6.808384833577781081e-05,1.903033557100388003e-04,3.084891795361118416e-04,4.210656735548321699e-04,5.264963402210886016e-04,6.233174650159310033e-04,7.101719075549048181e-04,7.858414345400549939e-04,8.492797554549546537e-04,8.996423289440008122e-04,9.363143493008424219e-04,9.589340319225106869e-04,9.674102182583685546e-04,9.619356631901285985e-04,9.583332760060039824e-04,1.265577567784898242e-03,1.528138171602030394e-03,1.670520865654853779e-03,1.621985583457779753e-03,1.339456969588494932e-03,8.259272200939867187e-04,5.395917410078320984e-04,6.738682755994186051e-04,7.752100699540629683e-04,8.370534176933798129e-04,8.642209424073268344e-04,8.748732825361181693e-04,8.956457618153126909e-04,9.524780675501912271e-04,1.061303158744496050e-03,1.222347265845855893e-03,1.946986556983517627e-03,2.448869429693370080e-03,2.629953678659775057e-03,2.472568794320867836e-03,2.009209068421726700e-03,1.972906391732722180e-03,1.839044214872672138e-03,1.590571177593853728e-03,1.214241856230949008e-03,6.972189834356313154e-04,7.100415808953218760e-05,6.926714619678570170e-05,5.729955806364098143e-05,3.357639004599374528e-05,0.000000000000000000e+00,2.698241661570498673e-04,0.000000000000000000e+00,0.000000000000000000e+00,0.000000000000000000e+00,0.000000000000000000e+00,0.000000000000000000e+00,0.000000000000000000e+00,0.000000000000000000e+00,0.000000000000000000e+00,0.000000000000000000e+00,0.000000000000000000e+00,0.000000000000000000e+00,0.000000000000000000e+00,0.000000000000000000e+00,0.000000000000000000e+00,0.000000000000000000e+00,0.000000000000000000e+00,0.000000000000000000e+00,0.000000000000000000e+00,0.000000000000000000e+00,0.000000000000000000e+00,0.000000000000000000e+00,0.000000000000000000e+00,0.000000000000000000e+00,0.000000000000000000e+00,2.123444831636034282e-03,2.996321735917910518e-03,0.000000000000000000e+00,0.000000000000000000e+00,0.000000000000000000e+00,0.000000000000000000e+00,0.000000000000000000e+00,0.000000000000000000e+00,0.000000000000000000e+00,0.000000000000000000e+00,0.000000000000000000e+00,0.000000000000000000e+00,0.000000000000000000e+00,0.000000000000000000e+00,0.000000000000000000e+00,0.000000000000000000e+00,0.000000000000000000e+00,0.000000000000000000e+00,0.000000000000000000e+00,0.000000000000000000e+00,0.000000000000000000e+00,0.000000000000000000e+00,1.040382661448000418e-04,2.816519812943956260e-04,4.285491837110946963e-04,5.237259114058214230e-04,5.455038368515797032e-04,4.755214468705915454e-04,3.587542990036691830e-04,1.774721617202602820e-04,0.000000000000000000e+00,0.000000000000000000e+00,0.000000000000000000e+00,0.000000000000000000e+00,0.000000000000000000e+00,0.000000000000000000e+00,0.000000000000000000e+00,0.000000000000000000e+00,0.000000000000000000e+00,0.000000000000000000e+00,0.000000000000000000e+00,0.000000000000000000e+00,0.000000000000000000e+00,0.000000000000000000e+00,0.000000000000000000e+00,0.000000000000000000e+00,0.000000000000000000e+00,9.271245891024399615e-05,2.455720627214332983e-04,4.555388770100289044e-04,9.931028155616319474e-04,1.316743754260058918e-03,1.409261539596173059e-03,1.252947596645835517e-03,8.383309745019592489e-04,5.980102275997133295e-04,5.840201110649566926e-04,5.469615126927152102e-04,5.077362474134129505e-04,4.947749961036736286e-04,5.332548198706416878e-04,6.351281240500821585e-04,5.117701315260209105e-03,4.527186281213849400e-04,3.644242580009448467e-04,2.836498994401541050e-04,2.111012180074652131e-04,1.472292562052700217e-04,9.223193800387279484e-05,4.606115919208914235e-05,8.439229264438873057e-06,0.000000000000000000e+00,0.000000000000000000e+00,0.000000000000000000e+00,0.000000000000000000e+00,0.000000000000000000e+00,0.000000000000000000e+00,0.000000000000000000e+00,0.000000000000000000e+00,0.000000000000000000e+00,0.000000000000000000e+00,0.000000000000000000e+00,0.000000000000000000e+00,0.000000000000000000e+00,0.000000000000000000e+00,0.000000000000000000e+00,0.000000000000000000e+00,9.382411760834637594e-05,3.169000480183311241e-04,4.973833431769879168e-04,5.883810481149991979e-04,5.651380925952226904e-04,4.357369905899707721e-04,2.420386226347608094e-04,5.059063904706271225e-05,0.000000000000000000e+00,0.000000000000000000e+00,1.761427460547326221e-04,5.739256132189375203e-04,1.124914133064995950e-03,1.762907981853131323e-03,2.400819706252405299e-03,2.947273806519452605e-03
1.309687021692870691e-07,3.256828825533703811e-04,6.028908522998800007e-04,6.744416154190266280e-04,0.000000000000000000e+00,0.000000000000000000e+00,0.000000000000000000e+00,0.000000000000000000e+00,1.248333972293656140e-04,4.732212589977036156e-04,7.770230340177247848e-04,1.003598257035991743e-03,1.122842482707678280e-03,1.105200808003782564e-03,0.000000000000000000e+00,2.218408142657459252e-04,0.000000000000000000e+00,0.000000000000000000e+00,0.000000000000000000e+00,0.000000000000000000e+00,0.000000000000000000e+00,0.000000000000000000e+00,5.842831377596248909e-04,1.313278289906381424e-03,2.032253252444937708e-03,2.671151348680524205e-03,3.160769717449683769e-03,3.439962434774246087e-03,3.465468237765082990e-03,3.222554075811877913e-03,2.733252123809010604e-03,2.147631315038924307e-03,2.201772776784010656e-03,1.536727963313708634e-03,1.931034249049505937e-03,6.412506870065358628e-04,3.286662202127141395e-04,7.572647261154668587e-05,0.000000000000000000e+00,0.000000000000000000e+00,0.000000000000000000e+00,1.165330579717209334e-04,4.570252055889044711e-04,6.584379423870309308e-04,7.185894278366320624e-04,6.598833870591774581e-04,5.215763426141859860e-04,7.238126708576249867e-04,1.020917084507312915e-03,1.203658215620140044e-03,1.229681059165004973e-03,1.094532932591032450e-03,8.338709922287526220e-04,6.342009110115498548e-04,8.750945758119630866e-04,1.091762506544726114e-03,1.270281910744844832e-03,1.419383165251644372e-03,1.565554641444255601e-03,1.741319452338314661e-03,1.971122857056929831e-03,2.259799914651438191e-03,2.587302786892367330e-03,3.066797977922912800e-03,3.750303693100185288e-03,4.313208166632352680e-03,4.675778000136967920e-03,4.779664367695347568e-03,4.603722259821018195e-03,4.171293798755437189e-03,3.546614633135737431e-03,2.821691279007567787e-03,2.097696864412461337e-03,1.465865111769781371e-03,9.921433404805673692e-04,7.081623231004587418e-04,6.091686356342210316e-04,6.580722626491938409e-04,7.940234935757056267e-04,9.438091757256830173e-04,1.034572263408316739e-03,1.006374124456269710e-03,8.228316482191095705e-04,4.776196326521452260e-04,0.000000000000000000e+00,7.030552978173659935e-04,1.601719030427175899e-03,2.440635167796123810e-03,3.106672026184275227e-03,3.522307685480188799e-03,3.658988243658955163e-03,3.536867483673216458e-03,3.212153439144746752e-03,2.757286250117946171e-03,2.240833979011195697e-03,1.712869991898653167e-03,1.198605508053187784e-03,6.997694110734592769e-04,2.010269398026656034e-04,0.000000000000000000e+00,0.000000000000000000e+00,0.000000000000000000e+00,0.000000000000000000e+00,0.000000000000000000e+00,0.000000000000000000e+00,4.089268455145705699e-04,5.774402959542302045e-03,1.592420635577466949e-03,1.047625765551563493e-03,1.446804079419564343e-03,1.732677314948077125e-03,1.876755120860901498e-03,1.875176299971019478e-03,1.753123230367585345e-03,1.560380198299805496e-03,1.358315730259892834e-03,1.201929282516215084e-03,1.122926935519547465e-03,1.119948016919074599e-03,1.159736905748081758e-03,1.189147340957704118e-03,1.153893594168253680e-03,1.017680750484696497e-03,7.755898748758007421e-04,4.580858045183580228e-04,1.253798502747824198e-04,0.000000000000000000e+00,0.000000000000000000e+00,0.000000000000000000e+00,8.781566752507754333e-05,6.005286436876963729e-04,1.272561152155485221e-03,2.010777441063168244e-03,2.703096140209481062e-03,3.243045879634778167e-03,3.554876851650975653e-03,3.611422767783560236e-03,3.438612529485578391e-03,3.104971846586256599e-03,2.699745822260971474e-03,2.307087049260074085e-03,1.984561861177012651e-03,1.751999960574384969e-03,1.592706549168761187e-03,1.464982515795898487e-03,1.319208843697097528e-03,1.114951220161079998e-03,8.334867889310859689e-04,4.831620227701270177e-04,3.250698481291766314e-04,5.409799886523314685e-04,7.426428918386495433e-04,1.689118199422533478e-03,2.673741896393352219e-03,0.000000000000000000e+00,0.000000000000000000e+00,0.000000000000000000e+00,0.000000000000000000e+00,0.000000000000000000e+00,1.661549060385910856e-04,5.926845245111535916e-04,8.820490190979070506e-04,1.020621530174977689e-03,1.275586076815162732e-03,1.724987339211710895e-03,2.118764275542104735e-03,2.411983794515315874e-03,2.567981149806820591e-03,2.566516017420212865e-03,2.405604166417496526e-03,2.097976095786570610e-03,1.665593068818253114e-03,1.135802110341251536e-03,5.407996651567550982e-04,0.000000000000000000e+00,0.000000000000000000e+00,0.000000000000000000e+00,0.000000000000000000e+00,0.000000000000000000e+00,0.000000000000000000e+00,1.621097069954786050e-03,0.000000000000000000e+00,0.000000000000000000e+00,0.000000000000000000e+00,0.000000000000000000e+00,0.000000000000000000e+00,0.000000000000000000e+00,0.000000000000000000e+00,3.641993439995267270e-04,8.182738913342915352e-04,1.109249686335027092e-03,1.234788321867152840e-03,1.235475918974617525e-03,1.177026782459669827e-03,1.123229142590008705e-03,1.110284172316479455e-03,0.000000000000000000e+00,0.000000000000000000e+00,2.400851291279485844e-04,0.000000000000000000e+00,0.000000000000000000e+00,0.000000000000000000e+00,0.000000000000000000e+00,0.000000000000000000e+00,2.627270762816820483e-05,6.909593812291321344e-04,1.306135345933323588e-03,1.807219480935191294e-03,2.152566562858654071e-03,2.327418659803436214e-03,2.342528207441740840e-03,2.228781651734161422e-03,2.029846564252458640e-03,1.794853195353893118e-03,1.572486899901594974e-03,1.406898921980874852e-03,1.334909911462689187e-03,1.383514482167443526e-03,1.566874611712517447e-03,1.882749717418661555e-03,2.309294413871581034e-03,2.803827150701661275e-03,3.305185299610603668e-03,3.740465275911105704e-03,4.035603078593777773e-03,4.127859083939384305e-03,3.977461074034200489e-03,3.575762587971504508e-03,2.948227071061626948e-03,2.151899973452533078e-03,1.268206449421425660e-03,3.925014196034826717e-04,0.000000000000000000e+00,0.000000000000000000e+00,0.000000000000000000e+00,0.000000000000000000e+00,0.000000000000000000e+00,0.000000000000000000e+00,1.389986795876561551e-04,1.365290019598026667e-03,2.606055563720259625e-03,3.688246503734025038e-03,4.490608575371778967e-03,4.911718902572850473e-03,4.885717358739143784e-03,4.719462653137833537e-03,4.675656118095500649e-03,4.370099880635444460e-03,3.832110855368248570e-03,3.128103780003134698e-03,2.354881217797479779e-03,1.622701077406348306e-03,1.031738914564324589e-03,6.484239015324402486e-04,4.889150121803508345e-04,5.153197509703831862e-04,6.466106458905804310e-04,7.817724954724834851e-04,8.288876393345880316e-04,7.318707190303098183e-04,4.870117075334471713e-04,1.442454773508648216e-04,0.000000000000000000e+00,0.000000000000000000e+00,0.000000000000000000e+00,0.000000000000000000e+00,4.037039062114551808e-05,3.384967602628888642e-04,7.997496728875079638e-04,1.168394187978895587e-03,1.354919976018911527e-03,1.308825625623682640e-03,1.023736642828603632e-03,5.302742663273085806e-04,5.105535167870776112e-04,5.884129865766136612e-04,6.750685367683818263e-04,7.716688478443602421e-04,8.791539129849033126e-04,9.982084350330878899e-04,1.129214456475441343e-03,1.272222235867903704e-03,1.426923331727392164e-03,1.592641010325160540e-03,1.768329485039719668e-03,1.952588346602966273e-03,2.143687516402072602e-03,2.339607550232821603e-03,2.538087438593925570e-03,2.736682058602512430e-03,2.932830460445939608e-03,3.281771419363096499e-03,3.798133405067744949e-03,4.347809549308677760e-03,4.867702155338366962e-03,5.275563547601331074e-03,5.491003187515387275e-03,5.457830226362110800e-03,5.160945225879609403e-03,4.632416877862336954e-03,6.216817048579094222e-03,1.091217035975041534e-03,1.827609361599003565e-03,2.443918282166120115e-03,2.905626058576999717e-03,3.216407743688115117e-03,3.408826401261522490e-03,3.527884292189570076e-03,0.000000000000000000e+00,0.000000000000000000e+00,0.000000000000000000e+00,0.000000000000000000e+00,0.000000000000000000e+00,0.000000000000000000e+00,0.000000000000000000e+00,0.000000000000000000e+00,0.000000000000000000e+00,0.000000000000000000e+00,0.000000000000000000e+00,0.000000000000000000e+00,0.000000000000000000e+00,9.548975082983348619e-04,2.082992035790088865e-03,3.005305170080783440e-03,3.637332031030515028e-03,3.928038859061558016e-03,3.868849649579760366e-03,3.493352166344883096e-03,2.868462190157283591e-03,2.080311538964651173e-03,1.219055103143777512e-03,3.661184665684195537e-04,0.000000000000000000e+00,0.000000000000000000e+00,0.000000000000000000e+00,0.000000000000000000e+00,0.000000000000000000e+00,0.000000000000000000e+00,0.000000000000000000e+00,0.000000000000000000e+00,0.000000000000000000e+00,0.000000000000000000e+00,0.000000000000000000e+00,0.000000000000000000e+00,0.000000000000000000e+00,0.000000000000000000e+00,0.000000000000000000e+00,0.000000000000000000e+00,3.155526011208478992e-04,1.490469341802650761e-03,2.436991378714233915e-03,3.039209314736169600e-03,3.217891064398303164e-03,2.949629552793246994e-03,2.275070292542753607e-03,1.293082808451891672e-03,1.418985998140226174e-04,0.000000000000000000e+00,0.000000000000000000e+00,0.000000000000000000e+00,0.000000000000000000e+00,0.000000000000000000e+00,0.000000000000000000e+00,0.000000000000000000e+00,0.000000000000000000e+00,0.000000000000000000e+00,0.000000000000000000e+00,0.000000000000000000e+00,0.000000000000000000e+00,0.000000000000000000e+00,0.000000000000000000e+00,3.606814108586368374e-04,1.003301647015392281e-03,1.559533578906104143e-03,1.966464433633847379e-03,2.175827745188191505e-03,2.170964872242196059e-03,1.976370672823422707e-03,1.655036298331903155e-03,1.293193270765969748e-03,9.768518393707538265e-04,7.677026773017312910e-04,6.861815512501044916e-04,7.068372612294722803e-04,7.668022829473517682e-04,7.838834968755736474e-04,6.781174291719290056e-04,3.903475516417164999e-04,0.000000000000000000e+00,0.000000000000000000e+00,0.000000000000000000e+00,0.000000000000000000e+00,0.000000000000000000e+00,0.000000000000000000e+00,0.000000000000000000e+00,0.000000000000000000e+00,0.000000000000000000e+00,0.000000000000000000e+00,0.000000000000000000e+00,0.000000000000000000e+00
4.515441703766154565e-08,1.181185353872578662e-04,1.200703796865021681e-03,0.000000000000000000e+00,2.973318161237462826e-06,2.198414506972884140e-05,4.615788531578232559e-05,7.427220217045264359e-05,1.050681082415454376e-04,1.486931536848585698e-03,0.000000000000000000e+00,0.000000000000000000e+00,4.306650851210820012e-04,8.375788467999990003e-04,1.095323145177681985e-03,1.183192505689604785e-03,1.113493547495241539e-03,9.322669655164293485e-04,7.114031866839476978e-04,5.328475946337660847e-04,4.685870725916873453e-04,5.623390440892117982e-04,8.191595827246800007e-04,1.206905600158389652e-03,1.669121656485857618e-03,2.144275942331473443e-03,2.583487401354769061e-03,2.959737269546359236e-03,3.265749030533284317e-03,3.503331234982357077e-03,3.671033270514746216e-03,3.757292491176562280e-03,3.742963200625797852e-03,0.000000000000000000e+00,0.000000000000000000e+00,0.000000000000000000e+00,0.000000000000000000e+00,0.000000000000000000e+00,0.000000000000000000e+00,0.000000000000000000e+00,0.000000000000000000e+00,0.000000000000000000e+00,0.000000000000000000e+00,0.000000000000000000e+00,0.000000000000000000e+00,0.000000000000000000e+00,0.000000000000000000e+00,0.000000000000000000e+00,0.000000000000000000e+00,0.000000000000000000e+00,0.000000000000000000e+00,0.000000000000000000e+00,0.000000000000000000e+00,3.852364683554269876e-04,1.524676581334588523e-03,2.555940647261114532e-03,3.424506949150704117e-03,4.058209046328615545e-03,0.000000000000000000e+00,0.000000000000000000e+00,0.000000000000000000e+00,0.000000000000000000e+00,0.000000000000000000e+00,0.000000000000000000e+00,0.000000000000000000e+00,0.000000000000000000e+00,0.000000000000000000e+00,0.000000000000000000e+00,0.000000000000000000e+00,0.000000000000000000e+00,0.000000000000000000e+00,0.000000000000000000e+00,0.000000000000000000e+00,0.000000000000000000e+00,0.000000000000000000e+00,9.658650434118824834e-04,5.967639616607057357e-03,0.000000000000000000e+00,0.000000000000000000e+00,0.000000000000000000e+00,0.000000000000000000e+00,0.000000000000000000e+00,0.000000000000000000e+00,0.000000000000000000e+00,0.000000000000000000e+00,0.000000000000000000e+00,0.000000000000000000e+00,0.000000000000000000e+00,0.000000000000000000e+00,1.548876761249849427e-03,2.293515351685799771e-04,1.427073023465103235e-04,0.000000000000000000e+00,0.000000000000000000e+00,0.000000000000000000e+00,0.000000000000000000e+00,3.071308696797247421e-04,7.597952346108537060e-04,1.213139125861146606e-03,1.654239934015179925e-03,2.085022468525354541e-03,2.519312071119177935e-03,2.976549166413905000e-03,3.474419815646169821e-03,4.022150600848654195e-03,4.615421382807575329e-03,5.233535655825525060e-03,5.839863210337905772e-03,0.000000000000000000e+00,0.000000000000000000e+00,0.000000000000000000e+00,0.000000000000000000e+00,0.000000000000000000e+00,0.000000000000000000e+00,0.000000000000000000e+00,0.000000000000000000e+00,0.000000000000000000e+00,2.191743833029241356e-04,4.591720970186779095e-04,5.180975316053080832e-04,0.000000000000000000e+00,0.000000000000000000e+00,2.539205604257046851e-04,7.049661956376781623e-04,1.151088586485369582e-03,1.524947590402811297e-03,1.777510341511140488e-03,1.893222800134095008e-03,1.897098081440174106e-03,1.850632461307253306e-03,1.837119731166020429e-03,1.940247530228970084e-03,2.221826086857102769e-03,2.704770460280935766e-03,3.365953997976762948e-03,4.140694238665569397e-03,4.937223813797824400e-03,5.656664171033860301e-03,6.212757919681907194e-03,6.546376572078524761e-03,6.632128744641400779e-03,6.477154605273659042e-03,5.829229872184525131e-03,5.778037322727076590e-03,0.000000000000000000e+00,0.000000000000000000e+00,0.000000000000000000e+00,0.000000000000000000e+00,0.000000000000000000e+00,0.000000000000000000e+00,0.000000000000000000e+00,0.000000000000000000e+00,0.000000000000000000e+00,0.000000000000000000e+00,0.000000000000000000e+00,0.000000000000000000e+00,0.000000000000000000e+00,0.000000000000000000e+00,0.000000000000000000e+00,0.000000000000000000e+00,0.000000000000000000e+00,0.000000000000000000e+00,1.954073756363400749e-04,1.419869732982793420e-03,2.664359726208231395e-03,3.881654077147163664e-03,5.017763328373586740e-03,5.147470916284693429e-03,0.000000000000000000e+00,0.000000000000000000e+00,0.000000000000000000e+00,1.118362223147651090e-05,1.963383284667588515e-03,0.000000000000000000e+00,0.000000000000000000e+00,0.000000000000000000e+00,0.000000000000000000e+00,0.000000000000000000e+00,0.000000000000000000e+00,2.174464568040235810e-04,1.135787513082775783e-03,1.793971147558567686e-03,2.229771666744224685e-03,2.496665686040154281e-03,2.645837292737709349e-03,2.714753747389094928e-03,2.723516463468148019e-03,2.677680369697964507e-03,2.574764786433234292e-03,2.411356110662524633e-03,2.188431242536478978e-03,1.913995958991997291e-03,1.603720795520539302e-03,1.281060987455966051e-03,9.777782119966211063e-04,7.340870772552033404e-04,5.960644196299727960e-04,6.387199140257864222e-04,1.171472957840603499e-03,1.808926346679086460e-03,2.528970129305126678e-03,1.040248351048174815e-03,1.280165989674954827e-03,1.628924450046081909e-03,2.130749256275375845e-03,2.793331974006532572e-03,3.578448194346972675e-03,4.405742959273286491e-03,5.169694257205354089e-03,5.764740405936431139e-03,0.000000000000000000e+00,0.000000000000000000e+00,0.000000000000000000e+00,0.000000000000000000e+00,0.000000000000000000e+00,0.000000000000000000e+00,0.000000000000000000e+00,0.000000000000000000e+00,0.000000000000000000e+00,0.000000000000000000e+00,0.000000000000000000e+00,0.000000000000000000e+00,0.000000000000000000e+00,0.000000000000000000e+00,0.000000000000000000e+00,0.000000000000000000e+00,0.000000000000000000e+00,0.000000000000000000e+00,0.000000000000000000e+00,0.000000000000000000e+00,0.000000000000000000e+00,0.000000000000000000e+00,0.000000000000000000e+00,0.000000000000000000e+00,0.000000000000000000e+00,0.000000000000000000e+00,0.000000000000000000e+00,0.000000000000000000e+00,0.000000000000000000e+00,1.031796059945315692e-04,2.043334332987400623e-03,0.000000000000000000e+00,0.000000000000000000e+00,0.000000000000000000e+00,0.000000000000000000e+00,0.000000000000000000e+00,0.000000000000000000e+00,0.000000000000000000e+00,0.000000000000000000e+00,0.000000000000000000e+00,0.000000000000000000e+00,0.000000000000000000e+00,0.000000000000000000e+00,0.000000000000000000e+00,0.000000000000000000e+00,0.000000000000000000e+00,0.000000000000000000e+00,0.000000000000000000e+00,0.000000000000000000e+00,0.000000000000000000e+00,0.000000000000000000e+00,3.533667581818193335e-04,1.328354346584465677e-03,2.121399634852100952e-03,2.648654225033711569e-03,2.872701173339654336e-03,2.797085852720402905e-03,0.000000000000000000e+00,0.000000000000000000e+00,0.000000000000000000e+00,0.000000000000000000e+00,0.000000000000000000e+00,0.000000000000000000e+00,0.000000000000000000e+00,0.000000000000000000e+00,1.659158629260310187e-04,3.879418629821710122e-04,5.927886324852925642e-04,2.772574112684296228e-04,0.000000000000000000e+00,1.205664459894296021e-04,3.550363782945341329e-04,0.000000000000000000e+00,0.000000000000000000e+00,0.000000000000000000e+00,0.000000000000000000e+00,0.000000000000000000e+00,0.000000000000000000e+00,1.182713096079496224e-04,6.719302310700794650e-04,1.246093717753134688e-03,1.784638886450701538e-03,2.247631596175710730e-03,2.615447785164763846e-03,2.886308800118386666e-03,3.070270916604279834e-03,3.183157909341100510e-03,3.242478422224380052e-03,3.265430936987256602e-03,3.267919185063673793e-03,3.263629406525872523e-03,3.262997925455769430e-03,3.272409543161352696e-03,3.293758826647875514e-03,3.323862949968215547e-03,3.353016139198641658e-03,3.362659514460716696e-03,4.148343065323187480e-03,0.000000000000000000e+00,0.000000000000000000e+00,0.000000000000000000e+00,0.000000000000000000e+00,0.000000000000000000e+00,1.290398064443945352e-06,2.515869537066628154e-03,1.684053007384509479e-03,0.000000000000000000e+00,0.000000000000000000e+00,0.000000000000000000e+00,0.000000000000000000e+00,0.000000000000000000e+00,0.000000000000000000e+00,0.000000000000000000e+00,6.248246387970720489e-03,0.000000000000000000e+00,3.529254853804114113e-03,0.000000000000000000e+00,0.000000000000000000e+00,0.000000000000000000e+00,0.000000000000000000e+00,0.000000000000000000e+00,0.000000000000000000e+00,0.000000000000000000e+00,0.000000000000000000e+00,1.447271359559300927e-03,1.241186734253279297e-03,0.000000000000000000e+00,5.425935548643226339e-04,1.350802429695570914e-03,2.196871218318225891e-03,3.028255008886900426e-03,3.791606281171555539e-03,0.000000000000000000e+00,0.000000000000000000e+00,0.000000000000000000e+00,0.000000000000000000e+00,0.000000000000000000e+00,0.000000000000000000e+00,0.000000000000000000e+00,0.000000000000000000e+00,0.000000000000000000e+00,0.000000000000000000e+00,0.000000000000000000e+00,0.000000000000000000e+00,0.000000000000000000e+00,0.000000000000000000e+00,0.000000000000000000e+00,0.000000000000000000e+00,0.000000000000000000e+00,0.000000000000000000e+00,0.000000000000000000e+00,0.000000000000000000e+00,0.000000000000000000e+00,0.000000000000000000e+00,0.000000000000000000e+00,0.000000000000000000e+00,0.000000000000000000e+00,0.000000000000000000e+00,0.000000000000000000e+00,0.000000000000000000e+00,0.000000000000000000e+00,0.000000000000000000e+00,0.000000000000000000e+00,5.851235380991618015e-04,1.107445407428616973e-03,1.494677385528739386e-03,1.705874354185333425e-03,0.000000000000000000e+00,0.000000000000000000e+00,0.000000000000000000e+00,0.000000000000000000e+00,0.000000000000000000e+00,0.000000000000000000e+00,0.000000000000000000e+00,0.000000000000000000e+00,0.000000000000000000e+00,0.000000000000000000e+00,0.000000000000000000e+00,0.000000000000000000e+00,0.000000000000000000e+00,0.000000000000000000e+00,0.000000000000000000e+00,1.935635014864162733e-05,0.000000000000000000e+00,0.000000000000000000e+00,0.000000000000000000e+00,0.000000000000000000e+00,0.000000000000000000e+00,0.000000000000000000e+00,0.000000000000000000e+00
1.509974328009558281e-07,1.106327420393737665e-03,2.279493960970247445e-03,0.000000000000000000e+00,0.000000000000000000e+00,0.000000000000000000e+00,0.000000000000000000e+00,0.000000000000000000e+00,0.000000000000000000e+00,0.000000000000000000e+00,0.000000000000000000e+00,1.056429262277678747e-03,1.845639085390036451e-03,2.220557676230609442e-03,2.201001267802729384e-03,1.876088113991659576e-03,1.369849879603577065e-03,8.051743036291623664e-04,2.768970594144373612e-04,0.000000000000000000e+00,0.000000000000000000e+00,0.000000000000000000e+00,0.000000000000000000e+00,0.000000000000000000e+00,0.000000000000000000e+00,0.000000000000000000e+00,0.000000000000000000e+00,0.000000000000000000e+00,0.000000000000000000e+00,7.523451225338510407e-06,6.047878951627641943e-04,0.000000000000000000e+00,0.000000000000000000e+00,0.000000000000000000e+00,0.000000000000000000e+00,1.098390072422681390e-05,9.290136916556439360e-05,2.260852286758722931e-03,0.000000000000000000e+00,1.277203619746349213e-04,7.629238788527864306e-04,1.323995263007457079e-03,1.738674586007055763e-03,1.943676051389690764e-03,1.895801391792385554e-03,1.583307855865140421e-03,1.034211352403537499e-03,3.182661092063248558e-04,4.594225205784240843e-04,0.000000000000000000e+00,4.464301117812403442e-03,1.927114459939564253e-03,0.000000000000000000e+00,0.000000000000000000e+00,6.584783866279749626e-04,5.752547025654140269e-04,1.761515791763274908e-03,2.948636576550406948e-03,4.020400150362238648e-03,4.882942666399918245e-03,6.962586237328726758e-03,0.000000000000000000e+00,0.000000000000000000e+00,0.000000000000000000e+00,0.000000000000000000e+00,0.000000000000000000e+00,0.000000000000000000e+00,0.000000000000000000e+00,0.000000000000000000e+00,0.000000000000000000e+00,0.000000000000000000e+00,0.000000000000000000e+00,0.000000000000000000e+00,0.000000000000000000e+00,0.000000000000000000e+00,0.000000000000000000e+00,0.000000000000000000e+00,0.000000000000000000e+00,0.000000000000000000e+00,0.000000000000000000e+00,0.000000000000000000e+00,0.000000000000000000e+00,0.000000000000000000e+00,0.000000000000000000e+00,0.000000000000000000e+00,0.000000000000000000e+00,0.000000000000000000e+00,0.000000000000000000e+00,0.000000000000000000e+00,0.000000000000000000e+00,1.265006961090847258e-03,0.000000000000000000e+00,1.095227948883547740e-03,0.000000000000000000e+00,0.000000000000000000e+00,2.345721434076442969e-04,6.212737826259466739e-04,1.193764781113568680e-05,9.047010417031811614e-05,7.120149461193377854e-05,0.000000000000000000e+00,0.000000000000000000e+00,1.381230144484174843e-04,1.296131691060457565e-04,0.000000000000000000e+00,0.000000000000000000e+00,3.572439783345158607e-06,5.531113827085538368e-05,1.227341147610032932e-04,2.023484497597028233e-04,2.955268021536980143e-04,4.033506762170397395e-04,5.265356986938187975e-04,6.653727980769321348e-04,8.196823067955811984e-04,9.887797408432799119e-04,1.171461867268144613e-03,1.366007305429760071e-03,1.570196402099192316e-03,1.826511431587194432e-03,1.098521973088267649e-02,3.825274752324782368e-03,2.424066630627672372e-03,0.000000000000000000e+00,0.000000000000000000e+00,0.000000000000000000e+00,0.000000000000000000e+00,0.000000000000000000e+00,0.000000000000000000e+00,0.000000000000000000e+00,0.000000000000000000e+00,0.000000000000000000e+00,0.000000000000000000e+00,0.000000000000000000e+00,0.000000000000000000e+00,0.000000000000000000e+00,9.865263361244373862e-05,6.265669022396676930e-04,9.941311786542449212e-04,1.750767157933401244e-03,2.444143125542702286e-03,2.994972688489625813e-03,3.312992596203226392e-03,3.320428565960930733e-03,2.974922645826287050e-03,2.285539162447753226e-03,0.000000000000000000e+00,0.000000000000000000e+00,1.618202179403118238e-03,2.713770556381290872e-04,5.479829089876130706e-04,8.132171267480668795e-04,1.065750103436281966e-03,1.304592056621698901e-03,1.529067398436723341e-03,1.738772843011618602e-03,1.933533926062564823e-03,2.113351298779183977e-03,2.278350694542956301e-03,4.107029197334651112e-03,2.564694577670516631e-03,2.686443503114045381e-03,2.035132387432834773e-03,1.608695453809546412e-03,1.087216332960779614e-03,5.029265440370284286e-04,0.000000000000000000e+00,0.000000000000000000e+00,0.000000000000000000e+00,0.000000000000000000e+00,0.000000000000000000e+00,0.000000000000000000e+00,0.000000000000000000e+00,0.000000000000000000e+00,0.000000000000000000e+00,0.000000000000000000e+00,0.000000000000000000e+00,0.000000000000000000e+00,0.000000000000000000e+00,0.000000000000000000e+00,0.000000000000000000e+00,0.000000000000000000e+00,0.000000000000000000e+00,0.000000000000000000e+00,0.000000000000000000e+00,0.000000000000000000e+00,0.000000000000000000e+00,0.000000000000000000e+00,0.000000000000000000e+00,0.000000000000000000e+00,0.000000000000000000e+00,0.000000000000000000e+00,1.298668914948813763e-03,2.593623001747028499e-03,3.355727100534317171e-03,3.602472094775167107e-03,3.428460423315723982e-03,2.984465989553905779e-03,2.444117500444791067e-03,1.965847660076900424e-03,1.659536737193101135e-03,1.566327460164901363e-03,1.656623465702870227e-03,1.846288089514556106e-03,2.025984987089232605e-03,2.094988347430468828e-03,1.989876230503232184e-03,1.700600836777931913e-03,1.270744312301125365e-03,1.041672416959825605e-03,1.286815308710954984e-03,1.468563112517843119e-03,1.633742889062380450e-03,1.829822644972299572e-03,2.092479345959481502e-03,2.435916729031695899e-03,2.849180535451695771e-03,1.777103449334656868e-03,1.972237764664278026e-03,2.276837430104259805e-03,2.653285388602488748e-03,3.051240449074295313e-03,3.597663705833481149e-03,0.000000000000000000e+00,0.000000000000000000e+00,0.000000000000000000e+00,0.000000000000000000e+00,0.000000000000000000e+00,0.000000000000000000e+00,0.000000000000000000e+00,0.000000000000000000e+00,0.000000000000000000e+00,0.000000000000000000e+00,0.000000000000000000e+00,0.000000000000000000e+00,0.000000000000000000e+00,0.000000000000000000e+00,0.000000000000000000e+00,0.000000000000000000e+00,0.000000000000000000e+00,0.000000000000000000e+00,0.000000000000000000e+00,0.000000000000000000e+00,0.000000000000000000e+00,0.000000000000000000e+00,0.000000000000000000e+00,0.000000000000000000e+00,0.000000000000000000e+00,0.000000000000000000e+00,0.000000000000000000e+00,0.000000000000000000e+00,0.000000000000000000e+00,2.003278141018573872e-04,9.011644887904094944e-03,2.515073852378562312e-03,2.091743610879629074e-03,0.000000000000000000e+00,0.000000000000000000e+00,0.000000000000000000e+00,0.000000000000000000e+00,0.000000000000000000e+00,0.000000000000000000e+00,0.000000000000000000e+00,0.000000000000000000e+00,0.000000000000000000e+00,0.000000000000000000e+00,0.000000000000000000e+00,0.000000000000000000e+00,0.000000000000000000e+00,0.000000000000000000e+00,0.000000000000000000e+00,0.000000000000000000e+00,0.000000000000000000e+00,0.000000000000000000e+00,0.000000000000000000e+00,0.000000000000000000e+00,0.000000000000000000e+00,0.000000000000000000e+00,0.000000000000000000e+00,0.000000000000000000e+00,0.000000000000000000e+00,0.000000000000000000e+00,1.416552837772203620e-04,2.735524022251984463e-04,2.514200762789147456e-04,8.571929030551158767e-05,0.000000000000000000e+00,0.000000000000000000e+00,0.000000000000000000e+00,0.000000000000000000e+00,0.000000000000000000e+00,0.000000000000000000e+00,0.000000000000000000e+00,0.000000000000000000e+00,0.000000000000000000e+00,0.000000000000000000e+00,0.000000000000000000e+00,0.000000000000000000e+00,0.000000000000000000e+00,0.000000000000000000e+00,0.000000000000000000e+00,0.000000000000000000e+00,3.542489952523172870e-04,1.230220250871501275e-03,1.823249282866975596e-03,0.000000000000000000e+00,0.000000000000000000e+00,0.000000000000000000e+00,0.000000000000000000e+00,1.362250196343854766e-03,2.241056634390723931e-03,2.899535370104450518e-03,3.586704355082294751e-03,4.089980666243828340e-03,4.366114335577886592e-03,4.412456911874179828e-03,4.270909572711443190e-03,4.022061402346364944e-03,3.767532659005046365e-03,3.603169725530210813e-03,3.590754657713856723e-03,3.738310690903548245e-03,3.996951717261428526e-03,4.276047900979586779e-03,4.471102039522668360e-03,4.493763525646903186e-03,4.293240408529809191e-03,3.862828652692445672e-03,3.231951315576082895e-03,2.449717808427270133e-03,1.568139311338939950e-03,6.314015467254387604e-04,0.000000000000000000e+00,0.000000000000000000e+00,0.000000000000000000e+00,0.000000000000000000e+00,0.000000000000000000e+00,0.000000000000000000e+00,0.000000000000000000e+00,0.000000000000000000e+00,0.000000000000000000e+00,0.000000000000000000e+00,0.000000000000000000e+00,0.000000000000000000e+00,0.000000000000000000e+00,0.000000000000000000e+00,0.000000000000000000e+00,0.000000000000000000e+00,0.000000000000000000e+00,0.000000000000000000e+00,0.000000000000000000e+00,0.000000000000000000e+00,0.000000000000000000e+00,0.000000000000000000e+00,0.000000000000000000e+00,0.000000000000000000e+00,0.000000000000000000e+00,0.000000000000000000e+00,0.000000000000000000e+00,0.000000000000000000e+00,0.000000000000000000e+00,0.000000000000000000e+00,0.000000000000000000e+00,0.000000000000000000e+00,0.000000000000000000e+00,8.879507661088360728e-04,1.720640444311322386e-03,0.000000000000000000e+00,0.000000000000000000e+00,0.000000000000000000e+00,1.580989688999668121e-04,1.266151926758385827e-03,0.000000000000000000e+00,0.000000000000000000e+00,0.000000000000000000e+00,0.000000000000000000e+00,0.000000000000000000e+00,0.000000000000000000e+00,0.000000000000000000e+00,0.000000000000000000e+00,0.000000000000000000e+00,0.000000000000000000e+00,1.329051871630075067e-04,1.800777547203117820e-03,0.000000000000000000e+00,0.000000000000000000e+00,0.000000000000000000e+00,0.000000000000000000e+00,0.000000000000000000e+00,0.000000000000000000e+00,0.000000000000000000e+00,0.000000000000000000e+00,0.000000000000000000e+00,0.000000000000000000e+00,0.000000000000000000e+00,0.000000000000000000e+00,0.000000000000000000e+00,1.356106399596304331e-03,0.000000000000000000e+00,0.000000000000000000e+00
0.000000000000000000e+00,0.000000000000000000e+00,0.000000000000000000e+00,0.000000000000000000e+00,0.000000000000000000e+00,0.000000000000000000e+00,0.000000000000000000e+00,0.000000000000000000e+00,0.000000000000000000e+00,0.000000000000000000e+00,0.000000000000000000e+00,0.000000000000000000e+00,0.000000000000000000e+00,0.000000000000000000e+00,0.000000000000000000e+00,0.000000000000000000e+00,0.000000000000000000e+00,0.000000000000000000e+00,6.029653104782558551e-04,1.877324871655779766e-03,0.000000000000000000e+00,0.000000000000000000e+00,0.000000000000000000e+00,0.000000000000000000e+00,0.000000000000000000e+00,0.000000000000000000e+00,0.000000000000000000e+00,0.000000000000000000e+00,0.000000000000000000e+00,0.000000000000000000e+00,0.000000000000000000e+00,0.000000000000000000e+00,1.375810779660020995e-04,4.444654762772829739e-04,7.060669038946368586e-04,9.119604948481634934e-04,0.000000000000000000e+00,0.000000000000000000e+00,0.000000000000000000e+00,0.000000000000000000e+00,5.477576552875272370e-05,8.641913978045531264e-04,1.667124204933031562e-03,2.404823449700863296e-03,4.085817134673146167e-03,0.000000000000000000e+00,0.000000000000000000e+00,0.000000000000000000e+00,0.000000000000000000e+00,0.000000000000000000e+00,0.000000000000000000e+00,0.000000000000000000e+00,0.000000000000000000e+00,0.000000000000000000e+00,0.000000000000000000e+00,0.000000000000000000e+00,0.000000000000000000e+00,0.000000000000000000e+00,0.000000000000000000e+00,0.000000000000000000e+00,0.000000000000000000e+00,0.000000000000000000e+00,0.000000000000000000e+00,0.000000000000000000e+00,0.000000000000000000e+00,0.000000000000000000e+00,0.000000000000000000e+00,0.000000000000000000e+00,0.000000000000000000e+00,0.000000000000000000e+00,0.000000000000000000e+00,7.618289431171341780e-04,1.513978698818941920e-04,7.099301700084859144e-04,1.429578102726149560e-03,2.100461747840544780e-03,2.596240783625966293e-03,2.809860934670465986e-03,2.676781706792413264e-03,2.190745793577443794e-03,1.405926998335423062e-03,4.237883325047962953e-04,0.000000000000000000e+00,0.000000000000000000e+00,0.000000000000000000e+00,0.000000000000000000e+00,0.000000000000000000e+00,0.000000000000000000e+00,0.000000000000000000e+00,0.000000000000000000e+00,0.000000000000000000e+00,0.000000000000000000e+00,0.000000000000000000e+00,0.000000000000000000e+00,0.000000000000000000e+00,0.000000000000000000e+00,5.123918415609301624e-04,1.479853520814427984e-03,2.285760387924322835e-03,2.868706312433411988e-03,3.212268702802682698e-03,3.347802384478004104e-03,3.344547638137019153e-03,3.290022959060510347e-03,3.266220577711968342e-03,3.327854745951370867e-03,3.487996079621508757e-03,3.714460637813870886e-03,3.937847475962523262e-03,4.069575701456363236e-03,4.025910516157020502e-03,3.752196257083847443e-03,3.240897792136855204e-03,2.538082608157280276e-03,1.735798109941243594e-03,9.517936643646072049e-04,3.019692617483875265e-04,0.000000000000000000e+00,0.000000000000000000e+00,0.000000000000000000e+00,4.872814536515494979e-05,4.156798739867269190e-04,7.948197792538211869e-04,1.112485333536943153e-03,1.322104303270048775e-03,1.405552281448547427e-03,2.700137362296794151e-03,3.939460522828313292e-03,4.956267206044561065e-03,5.635994576959436030e-03,5.900839015773642546e-03,5.721514572476547530e-03,5.118540454471891959e-03,4.153896774636933395e-03,2.916367415412131781e-03,1.504987275947431520e-03,1.482719401125337771e-05,0.000000000000000000e+00,2.382568905609404580e-03,4.178798514263617862e-03,3.673994379262409543e-03,0.000000000000000000e+00,0.000000000000000000e+00,0.000000000000000000e+00,0.000000000000000000e+00,0.000000000000000000e+00,0.000000000000000000e+00,0.000000000000000000e+00,0.000000000000000000e+00,0.000000000000000000e+00,0.000000000000000000e+00,0.000000000000000000e+00,2.112426150412827740e-03,3.599022928512391438e-03,0.000000000000000000e+00,2.390985933761989590e-04,6.663725115054789597e-04,1.398809211714370417e-03,2.076561060474451607e-03,2.668632414915985893e-03,3.142145954534494683e-03,0.000000000000000000e+00,0.000000000000000000e+00,0.000000000000000000e+00,6.194031818034023348e-04,1.555882655811708943e-03,2.196316077427769298e-03,0.000000000000000000e+00,6.360821931321392411e-04,1.843404110328952230e-03,0.000000000000000000e+00,0.000000000000000000e+00,0.000000000000000000e+00,0.000000000000000000e+00,0.000000000000000000e+00,0.000000000000000000e+00,0.000000000000000000e+00,0.000000000000000000e+00,4.464411118620594139e-05,3.995312776798403374e-04,4.954606450397534660e-04,3.400014440010566642e-04,0.000000000000000000e+00,0.000000000000000000e+00,0.000000000000000000e+00,0.000000000000000000e+00,0.000000000000000000e+00,0.000000000000000000e+00,0.000000000000000000e+00,0.000000000000000000e+00,0.000000000000000000e+00,0.000000000000000000e+00,0.000000000000000000e+00,0.000000000000000000e+00,0.000000000000000000e+00,0.000000000000000000e+00,0.000000000000000000e+00,0.000000000000000000e+00,0.000000000000000000e+00,0.000000000000000000e+00,0.000000000000000000e+00,0.000000000000000000e+00,0.000000000000000000e+00,7.226601450900269844e-04,1.737469617177337181e-03,2.503441996464366229e-03,2.985167987811977990e-03,3.182068476560353382e-03,3.213547489590916611e-03,0.000000000000000000e+00,0.000000000000000000e+00,0.000000000000000000e+00,0.000000000000000000e+00,1.499899247797754930e-04,2.698866077042832144e-04,1.733648138135369748e-04,0.000000000000000000e+00,0.000000000000000000e+00,0.000000000000000000e+00,0.000000000000000000e+00,0.000000000000000000e+00,0.000000000000000000e+00,0.000000000000000000e+00,0.000000000000000000e+00,0.000000000000000000e+00,0.000000000000000000e+00,0.000000000000000000e+00,3.958720201303262461e-04,0.000000000000000000e+00,0.000000000000000000e+00,0.000000000000000000e+00,0.000000000000000000e+00,0.000000000000000000e+00,0.000000000000000000e+00,0.000000000000000000e+00,0.000000000000000000e+00,0.000000000000000000e+00,0.000000000000000000e+00,0.000000000000000000e+00,0.000000000000000000e+00,0.000000000000000000e+00,0.000000000000000000e+00,0.000000000000000000e+00,1.734353153384754877e-03,1.653827309852949796e-03,0.000000000000000000e+00,0.000000000000000000e+00,0.000000000000000000e+00,4.890140544552528789e-04,1.150505397968705967e-03,1.884564113994614560e-03,0.000000000000000000e+00,0.000000000000000000e+00,0.000000000000000000e+00,0.000000000000000000e+00,0.000000000000000000e+00,0.000000000000000000e+00,0.000000000000000000e+00,0.000000000000000000e+00,0.000000000000000000e+00,0.000000000000000000e+00,0.000000000000000000e+00,0.000000000000000000e+00,0.000000000000000000e+00,5.162434304890951603e-05,2.720582135844843981e-04,4.969180022831782596e-04,0.000000000000000000e+00,0.000000000000000000e+00,0.000000000000000000e+00,0.000000000000000000e+00,0.000000000000000000e+00,0.000000000000000000e+00,0.000000000000000000e+00,2.045080727526378886e-03,8.292390789621051448e-04,0.000000000000000000e+00,3.200298264499079615e-03,0.000000000000000000e+00,0.000000000000000000e+00,0.000000000000000000e+00,0.000000000000000000e+00,1.337209394651325736e-03,1.582266007494093161e-03,1.091490658786255230e-03,2.355832420528928932e-03,6.919354630250857969e-04,7.356622926961717615e-04,4.907982580171975319e-04,0.000000000000000000e+00,0.000000000000000000e+00,0.000000000000000000e+00,0.000000000000000000e+00,0.000000000000000000e+00,0.000000000000000000e+00,0.000000000000000000e+00,0.000000000000000000e+00,1.203424377182916739e-04,9.396463411811834931e-04,1.720418075683882372e-03,2.396796725787742489e-03,0.000000000000000000e+00,0.000000000000000000e+00,0.000000000000000000e+00,0.000000000000000000e+00,0.000000000000000000e+00,0.000000000000000000e+00,0.000000000000000000e+00,5.538865375334003482e-04,1.540182955617833095e-03,2.401959086972133874e-03,0.000000000000000000e+00,0.000000000000000000e+00,0.000000000000000000e+00,0.000000000000000000e+00,0.000000000000000000e+00,0.000000000000000000e+00,0.000000000000000000e+00,0.000000000000000000e+00,0.000000000000000000e+00,0.000000000000000000e+00,0.000000000000000000e+00,0.000000000000000000e+00,0.000000000000000000e+00,0.000000000000000000e+00,0.000000000000000000e+00,2.089751423842869590e-03,2.702912922813338354e-03,0.000000000000000000e+00,0.000000000000000000e+00,0.000000000000000000e+00,0.000000000000000000e+00,0.000000000000000000e+00,0.000000000000000000e+00,0.000000000000000000e+00,1.715271829101789594e-03,0.000000000000000000e+00,0.000000000000000000e+00,0.000000000000000000e+00,0.000000000000000000e+00,2.296027478630016444e-04,5.432991668588138924e-04,7.058252261005830116e-04,7.395016412114218968e-04,7.030955694074507044e-04,6.704279469330258305e-04,7.054323814357280325e-04,8.425309512476919158e-04,1.078699146355799462e-03,1.378994688404123125e-03,1.692564702008140989e-03,1.972999527623843074e-03,0.000000000000000000e+00,0.000000000000000000e+00,0.000000000000000000e+00,2.967498734373159844e-05,2.301244523269379845e-04,2.978801103042427235e-04,4.290256140425934982e-04,4.202763440984848124e-04,2.490365007191774438e-04,0.000000000000000000e+00,0.000000000000000000e+00,0.000000000000000000e+00,0.000000000000000000e+00,0.000000000000000000e+00,0.000000000000000000e+00,0.000000000000000000e+00,0.000000000000000000e+00,0.000000000000000000e+00,2.528287212717887948e-04,8.866447518442973404e-04,1.470036101854266860e-03,1.973127132708135580e-03,2.385895811316461352e-03,2.710242604374197249e-03,4.081550031478134964e-03,0.000000000000000000e+00,0.000000000000000000e+00,0.000000000000000000e+00,0.000000000000000000e+00,9.092346094588035223e-05,6.734036391825927491e-04,1.089618125949729475e-03,1.330643551558426162e-03,1.413320983319975386e-03,1.379936092535368700e-03,1.290265947514378665e-03,1.207646259340746514e-03,1.183346380040136781e-03,1.514314769519472127e-03,1.955586969701177038e-03,2.323553416718636931e-03,2.622397621428917275e-03,0.000000000000000000e+00,0.000000000000000000e+00,0.000000000000000000e+00,0.000000000000000000e+00,0.000000000000000000e+00,0.000000000000000000e+00
1.919830766730789195e-07,0.000000000000000000e+00,0.000000000000000000e+00,0.000000000000000000e+00,4.208823442746852030e-05,1.709577313743404134e-04,2.815160072987971389e-04,3.341500699284100312e-04,2.991891403137285159e-04,1.661797460531978939e-04,0.000000000000000000e+00,0.000000000000000000e+00,0.000000000000000000e+00,0.000000000000000000e+00,0.000000000000000000e+00,0.000000000000000000e+00,0.000000000000000000e+00,0.000000000000000000e+00,0.000000000000000000e+00,0.000000000000000000e+00,0.000000000000000000e+00,0.000000000000000000e+00,0.000000000000000000e+00,0.000000000000000000e+00,0.000000000000000000e+00,0.000000000000000000e+00,0.000000000000000000e+00,0.000000000000000000e+00,0.000000000000000000e+00,0.000000000000000000e+00,0.000000000000000000e+00,0.000000000000000000e+00,0.000000000000000000e+00,0.000000000000000000e+00,0.000000000000000000e+00,0.000000000000000000e+00,0.000000000000000000e+00,0.000000000000000000e+00,2.922073259272780078e-04,1.298120964236477168e-03,0.000000000000000000e+00,0.000000000000000000e+00,0.000000000000000000e+00,0.000000000000000000e+00,0.000000000000000000e+00,0.000000000000000000e+00,0.000000000000000000e+00,6.937045373853323164e-05,4.915340017635802354e-04,8.852632613345292776e-04,1.236811779310843708e-03,1.548401309500903019e-03,1.830587973495085381e-03,2.093691895200497886e-03,0.000000000000000000e+00,0.000000000000000000e+00,0.000000000000000000e+00,0.000000000000000000e+00,0.000000000000000000e+00,0.000000000000000000e+00,0.000000000000000000e+00,0.000000000000000000e+00,0.000000000000000000e+00,0.000000000000000000e+00,0.000000000000000000e+00,0.000000000000000000e+00,0.000000000000000000e+00,1.823858225198302435e-05,0.000000000000000000e+00,0.000000000000000000e+00,0.000000000000000000e+00,1.285241555181594175e-04,2.124740220146096844e-04,2.058085854174495754e-04,1.702471249194807907e-04,1.667408200666253306e-04,2.473975993008748256e-04,4.477167088671182914e-04,7.793179151057625081e-04,1.224627695618341408e-03,1.735911829279172813e-03,2.884857823983030464e-03,3.929923214631229553e-03,4.742333496827246496e-03,5.296480088170941146e-03,5.594272428945662803e-03,5.655419234864817769e-03,5.507592998932582008e-03,5.179012972403777490e-03,4.694341861031635192e-03,4.073316624464421581e-03,3.330966520272652092e-03,2.478742320434371236e-03,1.526696020419799661e-03,4.872127893239160124e-04,0.000000000000000000e+00,0.000000000000000000e+00,0.000000000000000000e+00,2.940140418650830632e-04,6.859430369453373621e-04,1.049865247776546112e-03,1.399742599229309662e-03,1.753444278706378775e-03,2.124364151901766886e-03,2.515634575081669884e-03,2.917522937505358585e-03,3.307636327351563040e-03,3.653275929163663643e-03,3.915411782558093565e-03,4.053835482206763659e-03,4.032856079075437632e-03,3.826611844105451063e-03,3.422969245540114381e-03,2.825321210155041368e-03,2.052220456881258519e-03,1.135357067991530624e-03,1.165945647291113225e-04,0.000000000000000000e+00,0.000000000000000000e+00,0.000000000000000000e+00,0.000000000000000000e+00,0.000000000000000000e+00,0.000000000000000000e+00,0.000000000000000000e+00,5.764588760411439939e-04,1.435696520656401434e-03,2.187674058347385646e-03,2.715915331560399097e-03,2.935835656616994638e-03,2.809658743021407022e-03,2.353401789490178284e-03,1.634318829671279000e-03,7.587140219919442496e-04,0.000000000000000000e+00,0.000000000000000000e+00,0.000000000000000000e+00,0.000000000000000000e+00,0.000000000000000000e+00,0.000000000000000000e+00,0.000000000000000000e+00,0.000000000000000000e+00,0.000000000000000000e+00,0.000000000000000000e+00,0.000000000000000000e+00,0.000000000000000000e+00,0.000000000000000000e+00,0.000000000000000000e+00,0.000000000000000000e+00,0.000000000000000000e+00,0.000000000000000000e+00,0.000000000000000000e+00,7.153401825809627915e-04,1.857870786971876301e-03,2.845397378660835270e-03,3.627828178324314992e-03,4.173442843715065124e-03,4.468692034732232518e-03,4.516635290392564776e-03,4.335625266603018377e-03,3.959051170004250150e-03,3.435491559518325487e-03,2.827254330334158863e-03,2.204970881585038584e-03,1.637209002166127667e-03,1.176681123099638073e-03,8.472760259346823501e-04,6.372004618553622074e-04,5.019997057406862034e-04,3.774941612188715059e-04,1.984525825082817394e-04,0.000000000000000000e+00,0.000000000000000000e+00,0.000000000000000000e+00,0.000000000000000000e+00,0.000000000000000000e+00,0.000000000000000000e+00,0.000000000000000000e+00,0.000000000000000000e+00,0.000000000000000000e+00,0.000000000000000000e+00,0.000000000000000000e+00,0.000000000000000000e+00,0.000000000000000000e+00,0.000000000000000000e+00,0.000000000000000000e+00,0.000000000000000000e+00,0.000000000000000000e+00,0.000000000000000000e+00,0.000000000000000000e+00,0.000000000000000000e+00,0.000000000000000000e+00,0.000000000000000000e+00,0.000000000000000000e+00,0.000000000000000000e+00,0.000000000000000000e+00,0.000000000000000000e+00,0.000000000000000000e+00,0.000000000000000000e+00,0.000000000000000000e+00,0.000000000000000000e+00,0.000000000000000000e+00,0.000000000000000000e+00,0.000000000000000000e+00,0.000000000000000000e+00,0.000000000000000000e+00,0.000000000000000000e+00,0.000000000000000000e+00,0.000000000000000000e+00,0.000000000000000000e+00,0.000000000000000000e+00,0.000000000000000000e+00,0.000000000000000000e+00,0.000000000000000000e+00,0.000000000000000000e+00,0.000000000000000000e+00,0.000000000000000000e+00,0.000000000000000000e+00,0.000000000000000000e+00,0.000000000000000000e+00,0.000000000000000000e+00,0.000000000000000000e+00,0.000000000000000000e+00,2.947333864549765443e-03,3.216004585316731453e-03,0.000000000000000000e+00,0.000000000000000000e+00,0.000000000000000000e+00,0.000000000000000000e+00,0.000000000000000000e+00,0.000000000000000000e+00,0.000000000000000000e+00,0.000000000000000000e+00,0.000000000000000000e+00,0.000000000000000000e+00,0.000000000000000000e+00,0.000000000000000000e+00,0.000000000000000000e+00,4.041875249037944458e-04,0.000000000000000000e+00,2.428329212832028381e-03,4.484617192260487140e-04,6.671051428801231826e-04,8.093459522498735147e-04,8.452765163555619890e-04,7.410548055955182420e-04,7.620679676397606973e-04,1.088494307709410433e-03,1.253153797931046013e-03,1.243237169586578188e-03,1.058774190531576367e-03,7.103870624233524439e-04,2.184313276154027390e-04,0.000000000000000000e+00,0.000000000000000000e+00,0.000000000000000000e+00,0.000000000000000000e+00,0.000000000000000000e+00,0.000000000000000000e+00,0.000000000000000000e+00,0.000000000000000000e+00,4.005482361942493000e-04,8.455983144812081412e-04,1.243160535947295323e-03,1.601254432853362183e-03,1.921944169322599210e-03,2.206987726874056702e-03,2.464002326311357134e-03,2.709048822470906410e-03,2.964073361624612428e-03,3.250524989899635214e-03,3.582348760260138220e-03,3.961647559477232336e-03,4.378839308219212127e-03,0.000000000000000000e+00,0.000000000000000000e+00,0.000000000000000000e+00,0.000000000000000000e+00,0.000000000000000000e+00,0.000000000000000000e+00,0.000000000000000000e+00,0.000000000000000000e+00,0.000000000000000000e+00,0.000000000000000000e+00,0.000000000000000000e+00,0.000000000000000000e+00,0.000000000000000000e+00,0.000000000000000000e+00,0.000000000000000000e+00,4.651105301989704181e-04,1.578064045182317422e-03,7.643639562834940795e-03,0.000000000000000000e+00,0.000000000000000000e+00,0.000000000000000000e+00,0.000000000000000000e+00,0.000000000000000000e+00,0.000000000000000000e+00,0.000000000000000000e+00,0.000000000000000000e+00,0.000000000000000000e+00,0.000000000000000000e+00,0.000000000000000000e+00,0.000000000000000000e+00,0.000000000000000000e+00,3.228211390417945080e-04,6.738229256427746968e-04,1.011994474224659109e-03,1.335088697058574390e-03,1.163971451970372559e-03,7.778773131164962249e-04,3.211016068721184906e-04,0.000000000000000000e+00,0.000000000000000000e+00,0.000000000000000000e+00,0.000000000000000000e+00,0.000000000000000000e+00,0.000000000000000000e+00,0.000000000000000000e+00,0.000000000000000000e+00,0.000000000000000000e+00,0.000000000000000000e+00,0.000000000000000000e+00,0.000000000000000000e+00,0.000000000000000000e+00,0.000000000000000000e+00,0.000000000000000000e+00,0.000000000000000000e+00,0.000000000000000000e+00,0.000000000000000000e+00,0.000000000000000000e+00,0.000000000000000000e+00,0.000000000000000000e+00,1.353250252459622450e-04,2.030938043044760392e-03,1.922304592396707973e-03,0.000000000000000000e+00,0.000000000000000000e+00,0.000000000000000000e+00,0.000000000000000000e+00,0.000000000000000000e+00,0.000000000000000000e+00,0.000000000000000000e+00,1.517881048325503597e-04,4.970328060135949591e-04,7.164355640825669728e-04,7.910610970236912941e-04,7.197021417104445011e-04,5.159251823504327995e-04,2.051944833077330688e-04,0.000000000000000000e+00,0.000000000000000000e+00,0.000000000000000000e+00,0.000000000000000000e+00,0.000000000000000000e+00,0.000000000000000000e+00,0.000000000000000000e+00,4.369433311996257971e-04,1.033254835705265133e-03,1.649477357199558014e-03,2.215666037439850515e-03,2.696117835284486588e-03,0.000000000000000000e+00,0.000000000000000000e+00,0.000000000000000000e+00,0.000000000000000000e+00,0.000000000000000000e+00,0.000000000000000000e+00,0.000000000000000000e+00,0.000000000000000000e+00,0.000000000000000000e+00,0.000000000000000000e+00,0.000000000000000000e+00,0.000000000000000000e+00,0.000000000000000000e+00,0.000000000000000000e+00,0.000000000000000000e+00,0.000000000000000000e+00,0.000000000000000000e+00,0.000000000000000000e+00,0.000000000000000000e+00,0.000000000000000000e+00,0.000000000000000000e+00,0.000000000000000000e+00,0.000000000000000000e+00,0.000000000000000000e+00,0.000000000000000000e+00,0.000000000000000000e+00,0.000000000000000000e+00,0.000000000000000000e+00,0.000000000000000000e+00,0.000000000000000000e+00,0.000000000000000000e+00,0.000000000000000000e+00,0.000000000000000000e+00,0.000000000000000000e+00,0.000000000000000000e+00,0.000000000000000000e+00,0.000000000000000000e+00,0.000000000000000000e+00,0.000000000000000000e+00
9.678060408937590337e-08,4.145143260965927041e-04,1.492512354655249650e-04,2.400016816682433310e-04,0.000000000000000000e+00,0.000000000000000000e+00,0.000000000000000000e+00,0.000000000000000000e+00,3.167548114833481114e-04,9.398750828853999961e-04,1.655244868767471100e-03,2.436727445243754269e-03,3.249182815028026604e-03,4.042142989520795468e-03,4.746888992206101457e-03,5.280284026100292606e-03,5.556712672821120975e-03,5.506492763871308205e-03,5.096011876006911225e-03,4.342928354070923862e-03,3.320274554289803087e-03,5.804938539527250072e-03,0.000000000000000000e+00,6.247685127920907374e-04,6.363611631249650345e-04,1.216146072070152994e-03,1.541358838144909213e-03,2.524927234679349031e-03,3.394548646424828432e-03,4.114839270065909216e-03,4.657163602659736973e-03,4.998415174528702230e-03,5.116201446142707755e-03,4.984467622240766095e-03,4.573672510063527853e-03,3.857335690828415670e-03,2.823287099695724611e-03,1.485283639458431955e-03,0.000000000000000000e+00,0.000000000000000000e+00,0.000000000000000000e+00,1.107922795981332802e-04,3.001577315562642487e-04,4.934434527083068076e-04,6.875335179941958683e-04,8.793138261892355714e-04,1.065734656817218491e-03,1.243879147565345612e-03,1.411021711787127002e-03,1.564682485862913018e-03,1.702680251734211420e-03,1.823171586405392727e-03,1.924689221839316492e-03,2.006164911972391218e-03,2.066947893395492536e-03,2.106812954552464423e-03,2.125959931633709596e-03,2.125000225976220528e-03,2.104942198188228687e-03,2.067160271088694205e-03,2.013362370770848796e-03,1.945549060477758845e-03,1.865966708766421574e-03,1.777056919377770260e-03,1.681403988123045777e-03,1.581676983836515470e-03,1.480575868579455789e-03,1.380774252344682236e-03,1.620711954457821962e-03,2.323180546395632942e-03,3.046816921437008226e-03,3.667988068984922873e-03,4.067589150599415677e-03,4.158243970371121832e-03,3.905949544473881051e-03,3.340750876656614025e-03,2.553813764189025691e-03,1.681482404197634332e-03,9.643614215467772536e-04,1.509877988896361680e-03,2.044030718556298296e-03,2.478607449164586893e-03,2.866594480597707117e-03,3.268664971898994562e-03,3.737777620744877228e-03,4.305578154245221639e-03,4.973522631253468086e-03,5.711002841114508517e-03,6.461110304033856194e-03,1.532005824110154379e-03,2.000942776337753110e-03,2.440194735868394561e-03,2.759660464550043983e-03,2.883262570285184678e-03,2.751294503203766031e-03,2.323855893116877000e-03,1.588497963610186565e-03,5.708341449980912146e-04,0.000000000000000000e+00,0.000000000000000000e+00,0.000000000000000000e+00,0.000000000000000000e+00,0.000000000000000000e+00,0.000000000000000000e+00,0.000000000000000000e+00,0.000000000000000000e+00,0.000000000000000000e+00,0.000000000000000000e+00,0.000000000000000000e+00,1.576635280424270886e-03,7.129452696045503397e-05,0.000000000000000000e+00,0.000000000000000000e+00,2.791385289765447057e-04,0.000000000000000000e+00,5.333163997381736368e-03,9.275017616729216291e-04,0.000000000000000000e+00,0.000000000000000000e+00,0.000000000000000000e+00,0.000000000000000000e+00,0.000000000000000000e+00,0.000000000000000000e+00,0.000000000000000000e+00,0.000000000000000000e+00,1.461010565470855414e-06,0.000000000000000000e+00,0.000000000000000000e+00,0.000000000000000000e+00,0.000000000000000000e+00,5.459557204864015807e-03,0.000000000000000000e+00,0.000000000000000000e+00,9.612976304165408645e-05,2.947267531961985363e-04,5.047122495715740615e-04,7.221656848991840063e-04,4.220803549422438503e-03,0.000000000000000000e+00,0.000000000000000000e+00,0.000000000000000000e+00,0.000000000000000000e+00,0.000000000000000000e+00,0.000000000000000000e+00,0.000000000000000000e+00,2.204896080368690732e-04,4.793955843033069920e-04,4.690024128005821215e-04,1.724566504744881872e-04,6.710006092358873717e-04,1.640859679808494807e-03,2.609236125433182958e-03,3.518578133106252653e-03,4.295427986276547511e-03,4.865529523087080976e-03,5.167844518476591084e-03,5.164422410114247360e-03,4.845282950901830601e-03,0.000000000000000000e+00,0.000000000000000000e+00,0.000000000000000000e+00,0.000000000000000000e+00,3.423448207341867142e-03,5.521129457309305278e-04,0.000000000000000000e+00,0.000000000000000000e+00,0.000000000000000000e+00,0.000000000000000000e+00,0.000000000000000000e+00,0.000000000000000000e+00,0.000000000000000000e+00,2.241346758935739846e-04,3.687769073262876915e-04,3.987395768683528420e-04,3.396630740163451129e-04,2.436593748060993168e-04,1.834574641924044739e-04,2.385463672919928160e-04,4.759924327585467229e-04,9.314129019405553971e-04,1.596306553632413378e-03,2.416037112904436453e-03,3.299055942774178993e-03,4.134047323376906918e-03,4.809404162642617019e-03,5.229697581536418144e-03,5.326245002202264697e-03,5.062053109587859138e-03,4.433463087197457922e-03,3.470700341034462563e-03,2.237464157367269162e-03,8.273808039551810295e-04,0.000000000000000000e+00,0.000000000000000000e+00,3.325481454897365793e-03,4.042741040338709672e-03,0.000000000000000000e+00,0.000000000000000000e+00,0.000000000000000000e+00,0.000000000000000000e+00,0.000000000000000000e+00,0.000000000000000000e+00,0.000000000000000000e+00,0.000000000000000000e+00,0.000000000000000000e+00,0.000000000000000000e+00,0.000000000000000000e+00,0.000000000000000000e+00,0.000000000000000000e+00,0.000000000000000000e+00,0.000000000000000000e+00,0.000000000000000000e+00,0.000000000000000000e+00,0.000000000000000000e+00,3.913477104531307930e-04,9.487674622891395775e-04,1.471141436339936000e-03,1.925356836011815360e-03,2.286550841587763495e-03,2.538221201897320704e-03,2.669974036013291179e-03,2.675216885196115852e-03,2.551057162469574924e-03,2.301206616282910206e-03,1.940624942533077362e-03,1.499077415944097009e-03,1.020593166555510247e-03,5.573017971038747229e-04,1.586253114194365911e-04,0.000000000000000000e+00,0.000000000000000000e+00,0.000000000000000000e+00,0.000000000000000000e+00,0.000000000000000000e+00,0.000000000000000000e+00,0.000000000000000000e+00,0.000000000000000000e+00,0.000000000000000000e+00,0.000000000000000000e+00,0.000000000000000000e+00,8.607983874039994176e-05,4.580008144760105266e-04,8.732839479781650226e-04,1.287923237376862153e-03,1.664995152609435999e-03,1.982384167585040258e-03,2.232758251456853655e-03,2.416541183538684166e-03,2.531546786993204949e-03,2.564105336428101640e-03,2.485594440913513857e-03,2.255997599772498630e-03,1.833525465329552146e-03,1.187502029105276134e-03,3.111007623115262673e-04,0.000000000000000000e+00,0.000000000000000000e+00,0.000000000000000000e+00,0.000000000000000000e+00,0.000000000000000000e+00,0.000000000000000000e+00,0.000000000000000000e+00,0.000000000000000000e+00,0.000000000000000000e+00,0.000000000000000000e+00,0.000000000000000000e+00,6.590200248954625195e-03,4.920476092535131483e-03,6.831784072329000678e-04,0.000000000000000000e+00,0.000000000000000000e+00,0.000000000000000000e+00,1.444511344633871510e-04,3.361538194121443165e-04,0.000000000000000000e+00,0.000000000000000000e+00,0.000000000000000000e+00,0.000000000000000000e+00,1.227657168244315452e-03,2.620393053205345019e-03,6.310942724960400679e-03,0.000000000000000000e+00,0.000000000000000000e+00,0.000000000000000000e+00,0.000000000000000000e+00,0.000000000000000000e+00,0.000000000000000000e+00,0.000000000000000000e+00,0.000000000000000000e+00,2.840026350365729645e-04,1.844797259996561623e-03,2.353141136153318221e-03,2.655348799613208629e-03,2.803017363989163558e-03,0.000000000000000000e+00,0.000000000000000000e+00,0.000000000000000000e+00,0.000000000000000000e+00,0.000000000000000000e+00,0.000000000000000000e+00,0.000000000000000000e+00,7.813455950698914958e-04,1.774085042682049199e-03,0.000000000000000000e+00,0.000000000000000000e+00,0.000000000000000000e+00,0.000000000000000000e+00,0.000000000000000000e+00,0.000000000000000000e+00,0.000000000000000000e+00,0.000000000000000000e+00,0.000000000000000000e+00,3.078088618032528458e-03,0.000000000000000000e+00,0.000000000000000000e+00,0.000000000000000000e+00,0.000000000000000000e+00,0.000000000000000000e+00,8.161955252441627532e-04,0.000000000000000000e+00,0.000000000000000000e+00,0.000000000000000000e+00,0.000000000000000000e+00,0.000000000000000000e+00,0.000000000000000000e+00,0.000000000000000000e+00,0.000000000000000000e+00,0.000000000000000000e+00,0.000000000000000000e+00,0.000000000000000000e+00,0.000000000000000000e+00,0.000000000000000000e+00,0.000000000000000000e+00,0.000000000000000000e+00,0.000000000000000000e+00,0.000000000000000000e+00,0.000000000000000000e+00,0.000000000000000000e+00,0.000000000000000000e+00,0.000000000000000000e+00,0.000000000000000000e+00,0.000000000000000000e+00,0.000000000000000000e+00,0.000000000000000000e+00,0.000000000000000000e+00,0.000000000000000000e+00,0.000000000000000000e+00,0.000000000000000000e+00,0.000000000000000000e+00,0.000000000000000000e+00,0.000000000000000000e+00,0.000000000000000000e+00,0.000000000000000000e+00,0.000000000000000000e+00,0.000000000000000000e+00,0.000000000000000000e+00,0.000000000000000000e+00,0.000000000000000000e+00,0.000000000000000000e+00,0.000000000000000000e+00,0.000000000000000000e+00,0.000000000000000000e+00,0.000000000000000000e+00,0.000000000000000000e+00,0.000000000000000000e+00,0.000000000000000000e+00,0.000000000000000000e+00,0.000000000000000000e+00,0.000000000000000000e+00,0.000000000000000000e+00,0.000000000000000000e+00,7.192340605300999402e-04,1.799083353964437120e-03,2.771273256306572633e-03,2.172342286070435852e-03,1.490437687794820502e-03,9.023302328164311886e-04,9.193033015987984568e-04,9.279582011327919483e-04,9.269737554961908791e-04,9.151798257554876566e-04,8.916041999968762075e-04,8.555154066578386394e-04,8.064562946538671607e-04,7.442670932694232799e-04,6.690951587768650044e-04,5.813972831746577578e-04,4.819263183109242024e-04,3.717103093438331863e-04,2.520198988180369533e-04,1.243305610249969911e-04,0.000000000000000000e+00,0.000000000000000000e+00,2.084028176661118219e-04,3.684866281244487301e-04,3.789969448347065006e-04,2.520693591701181281e-04,8.915542634404000714e-06,0.000000000000000000e+00,0.000000000000000000e+00
3.838402318319820375e-08,8.172296059426112369e-04,0.000000000000000000e+00,0.000000000000000000e+00,1.950772449189238896e-04,0.000000000000000000e+00,0.000000000000000000e+00,0.000000000000000000e+00,0.000000000000000000e+00,0.000000000000000000e+00,0.000000000000000000e+00,0.000000000000000000e+00,0.000000000000000000e+00,1.889421850252970801e-04,4.816437820299658188e-04,5.433185463914585447e-04,3.706307242708143778e-04,8.797162021838193742e-06,0.000000000000000000e+00,0.000000000000000000e+00,0.000000000000000000e+00,0.000000000000000000e+00,0.000000000000000000e+00,0.000000000000000000e+00,0.000000000000000000e+00,2.564805047567946948e-04,1.087354282362440082e-03,1.885119451152825806e-03,2.552155610194801767e-03,3.020946133164927484e-03,3.265470709012662301e-03,3.302495993703657030e-03,3.183069300775482821e-03,2.977026517771894608e-03,2.754982372352379836e-03,2.572556234085194952e-03,2.460689651700046204e-03,2.423970630241333631e-03,2.446432492440572381e-03,2.501928422264284788e-03,2.564855364248729702e-03,2.617204512195517915e-03,2.649845702504770566e-03,2.658840248620750711e-03,2.640117002805360095e-03,2.586670581148288028e-03,2.490961100969446215e-03,2.904295836894874895e-03,3.439241305947454870e-03,3.797788360145321410e-03,0.000000000000000000e+00,0.000000000000000000e+00,0.000000000000000000e+00,0.000000000000000000e+00,6.694988293963070923e-04,1.907692800641834193e-03,0.000000000000000000e+00,0.000000000000000000e+00,0.000000000000000000e+00,0.000000000000000000e+00,0.000000000000000000e+00,0.000000000000000000e+00,0.000000000000000000e+00,0.000000000000000000e+00,0.000000000000000000e+00,0.000000000000000000e+00,0.000000000000000000e+00,0.000000000000000000e+00,0.000000000000000000e+00,0.000000000000000000e+00,0.000000000000000000e+00,0.000000000000000000e+00,0.000000000000000000e+00,0.000000000000000000e+00,0.000000000000000000e+00,0.000000000000000000e+00,0.000000000000000000e+00,0.000000000000000000e+00,0.000000000000000000e+00,1.321892281816585938e-05,9.669835616567758110e-04,1.942203257965497039e-03,2.834389845080031219e-03,3.553851149859453204e-03,4.043218452804229340e-03,4.286250862246840897e-03,4.306434351704527090e-03,4.156795085719875230e-03,3.904760488573778832e-03,3.616970848784157276e-03,3.348153725645427407e-03,3.135879997236292079e-03,3.000362007591638597e-03,2.946756128407388049e-03,2.967450549317762233e-03,3.043264136038874561e-03,3.144237634622186212e-03,3.231684753881247651e-03,3.262872373757640717e-03,3.201024806034817247e-03,3.218978690172865850e-03,3.222491580524302745e-03,3.205646823579937684e-03,0.000000000000000000e+00,0.000000000000000000e+00,0.000000000000000000e+00,0.000000000000000000e+00,0.000000000000000000e+00,3.134133623881285818e-04,9.173643856089562726e-04,0.000000000000000000e+00,0.000000000000000000e+00,0.000000000000000000e+00,0.000000000000000000e+00,0.000000000000000000e+00,0.000000000000000000e+00,0.000000000000000000e+00,1.089060227472979023e-03,2.145867696756759146e-03,2.999944424802382555e-03,3.555341698933638887e-03,3.766007956790986318e-03,3.641442831438949750e-03,3.241086902645002373e-03,2.658741400342141438e-03,2.001110656530757665e-03,1.366305892787469120e-03,8.279363555649816827e-04,4.281658165686725876e-04,1.796834914230831422e-04,7.349960883156099467e-05,8.821437477798995254e-05,1.972962123495348367e-04,3.731020177835471974e-04,5.884293924505236981e-04,8.171962313415706428e-04,1.035335366397212775e-03,1.221995547093012629e-03,1.360550358994935208e-03,1.439145335732958109e-03,1.451079391469517260e-03,1.395631262938191227e-03,1.403665124644895221e-03,1.512537068522674943e-03,1.452781761944891507e-03,1.231041434507109322e-03,8.794342679087098751e-04,6.934574974784211672e-04,8.389798824510393297e-04,1.136744874820558955e-03,2.433981988885587991e-03,0.000000000000000000e+00,0.000000000000000000e+00,0.000000000000000000e+00,0.000000000000000000e+00,0.000000000000000000e+00,0.000000000000000000e+00,0.000000000000000000e+00,0.000000000000000000e+00,0.000000000000000000e+00,0.000000000000000000e+00,1.356866276507236570e-03,2.069577414190799675e-03,6.313092091638983151e-05,9.728865393918074734e-06,0.000000000000000000e+00,0.000000000000000000e+00,0.000000000000000000e+00,0.000000000000000000e+00,1.427563393361877325e-03,1.642418964167708219e-03,0.000000000000000000e+00,0.000000000000000000e+00,0.000000000000000000e+00,0.000000000000000000e+00,0.000000000000000000e+00,1.205990485674125176e-04,7.370946647935514668e-04,1.361240705766058115e-03,1.909179038965654268e-03,2.292996991315611899e-03,2.435189753284583078e-03,2.281298858091344254e-03,1.808940393966507838e-03,1.032596838448335492e-03,1.238175619155252455e-03,1.971227348822609995e-03,2.622848865189193399e-03,3.121735091126551665e-03,3.428583570532559369e-03,3.543109563844900473e-03,3.499694842701784464e-03,3.352682289814671451e-03,3.156115210322356455e-03,2.944893577273911042e-03,2.723865640349785577e-03,2.468504659865075179e-03,2.136657465235310485e-03,1.687081504750433504e-03,1.144085387345282999e-03,2.042026357386098750e-03,2.727506675598167455e-03,3.147663037332983690e-03,3.322492283725181177e-03,3.308674542162179464e-03,3.189095618664671006e-03,3.055683387990744578e-03,2.988562090917142467e-03,3.036274372262209604e-03,3.202671020092371593e-03,3.445271861857640994e-03,3.687186383225963399e-03,3.840489386858620541e-03,3.834711924603033655e-03,3.641563321735703188e-03,3.287498795238814279e-03,2.849413424897338093e-03,2.434385173878513432e-03,2.149932474146991866e-03,2.074504943029918495e-03,2.237666858406757268e-03,2.615720119771857560e-03,3.142857631990856118e-03,3.732546004403393663e-03,0.000000000000000000e+00,0.000000000000000000e+00,0.000000000000000000e+00,0.000000000000000000e+00,0.000000000000000000e+00,0.000000000000000000e+00,0.000000000000000000e+00,0.000000000000000000e+00,0.000000000000000000e+00,0.000000000000000000e+00,0.000000000000000000e+00,1.948775106826891276e-04,8.365576410366676839e-04,0.000000000000000000e+00,0.000000000000000000e+00,0.000000000000000000e+00,0.000000000000000000e+00,3.699450490439423923e-05,3.432388423673662318e-04,5.935791361506380761e-04,7.488295392704791926e-04,7.820501021026012847e-04,6.832910038940988437e-04,4.617616195011176538e-04,1.445324046537862595e-04,0.000000000000000000e+00,0.000000000000000000e+00,0.000000000000000000e+00,0.000000000000000000e+00,0.000000000000000000e+00,0.000000000000000000e+00,0.000000000000000000e+00,0.000000000000000000e+00,0.000000000000000000e+00,0.000000000000000000e+00,0.000000000000000000e+00,0.000000000000000000e+00,0.000000000000000000e+00,0.000000000000000000e+00,0.000000000000000000e+00,0.000000000000000000e+00,0.000000000000000000e+00,0.000000000000000000e+00,0.000000000000000000e+00,0.000000000000000000e+00,0.000000000000000000e+00,0.000000000000000000e+00,0.000000000000000000e+00,0.000000000000000000e+00,0.000000000000000000e+00,0.000000000000000000e+00,0.000000000000000000e+00,0.000000000000000000e+00,0.000000000000000000e+00,0.000000000000000000e+00,0.000000000000000000e+00,1.227244023715023599e-03,2.091355167594337750e-03,2.444314673861395885e-03,2.213095671332489592e-03,1.396812782995141477e-03,7.222476458020458717e-05,0.000000000000000000e+00,0.000000000000000000e+00,0.000000000000000000e+00,0.000000000000000000e+00,0.000000000000000000e+00,0.000000000000000000e+00,0.000000000000000000e+00,0.000000000000000000e+00,1.911840581380331292e-05,4.333592883562055269e-04,8.418727169130705949e-04,3.644628477217967850e-03,1.814193809063221552e-03,0.000000000000000000e+00,0.000000000000000000e+00,0.000000000000000000e+00,0.000000000000000000e+00,1.626173611513247798e-05,1.586250065415920497e-04,1.825097039022856857e-04,1.142899559684254897e-04,0.000000000000000000e+00,0.000000000000000000e+00,0.000000000000000000e+00,0.000000000000000000e+00,0.000000000000000000e+00,0.000000000000000000e+00,1.585248975171405796e-04,4.380188922847495932e-04,7.201378236746369937e-04,9.567267198178445184e-04,1.104287695119030716e-03,1.131496939891651335e-03,1.122712994741335195e-03,1.387863170555418343e-03,1.440446134874649167e-03,1.313716591370206205e-03,1.060703478891880224e-03,7.379384436873538330e-04,3.892778465868788266e-04,3.611543448892436749e-05,0.000000000000000000e+00,9.322431942668737721e-04,0.000000000000000000e+00,0.000000000000000000e+00,0.000000000000000000e+00,0.000000000000000000e+00,0.000000000000000000e+00,0.000000000000000000e+00,0.000000000000000000e+00,0.000000000000000000e+00,0.000000000000000000e+00,0.000000000000000000e+00,0.000000000000000000e+00,0.000000000000000000e+00,9.922010364051671663e-05,6.239870199531970816e-04,1.091210529026744947e-03,1.444209327546845667e-03,1.656343185485764126e-03,1.738679032024392605e-03,1.735098655201416581e-03,1.707215337008730158e-03,1.715405198116785488e-03,1.803197802743963189e-03,1.990020539487285037e-03,2.273179961153681556e-03,0.000000000000000000e+00,0.000000000000000000e+00,0.000000000000000000e+00,0.000000000000000000e+00,0.000000000000000000e+00,0.000000000000000000e+00,0.000000000000000000e+00,0.000000000000000000e+00,0.000000000000000000e+00,0.000000000000000000e+00,0.000000000000000000e+00,0.000000000000000000e+00,0.000000000000000000e+00,0.000000000000000000e+00,0.000000000000000000e+00,1.448555424719959748e-04,3.555406992603556203e-04,4.096974317645054329e-04,3.232067430170399119e-04,1.093301486695443794e-04,0.000000000000000000e+00,0.000000000000000000e+00,0.000000000000000000e+00,0.000000000000000000e+00,1.081029582527362346e-03,2.178780445015921201e-03,3.119570726670045212e-03,3.924088442491284988e-03,4.631023412436675694e-03,5.275164356471850891e-03,5.868455846411615995e-03,6.391126924822765690e-03,6.796172308099933217e-03,7.025055183392845716e-03,7.027872329336081088e-03,6.779628590435760396e-03,6.286530307944428880e-03,5.581266024001156623e-03,4.711429260235134274e-03,3.727921619008712703e-03,2.679010263231684612e-03,1.611531989802595819e-03,5.759436318757718510e-04,0.000000000000000000e+00,0.000000000000000000e+00,0.000000000000000000e+00,0.000000000000000000e+00
2.341634455071761808e-08,0.000000000000000000e+00,0.000000000000000000e+00,0.000000000000000000e+00,0.000000000000000000e+00,0.000000000000000000e+00,0.000000000000000000e+00,8.094177664734967246e-05,2.835776487409893401e-04,3.423903638303524353e-04,1.851181391417572374e-04,0.000000000000000000e+00,0.000000000000000000e+00,0.000000000000000000e+00,0.000000000000000000e+00,0.000000000000000000e+00,0.000000000000000000e+00,0.000000000000000000e+00,0.000000000000000000e+00,0.000000000000000000e+00,0.000000000000000000e+00,0.000000000000000000e+00,0.000000000000000000e+00,5.167343183811337268e-03,0.000000000000000000e+00,0.000000000000000000e+00,0.000000000000000000e+00,0.000000000000000000e+00,0.000000000000000000e+00,0.000000000000000000e+00,0.000000000000000000e+00,0.000000000000000000e+00,0.000000000000000000e+00,0.000000000000000000e+00,0.000000000000000000e+00,0.000000000000000000e+00,0.000000000000000000e+00,0.000000000000000000e+00,0.000000000000000000e+00,0.000000000000000000e+00,0.000000000000000000e+00,0.000000000000000000e+00,0.000000000000000000e+00,0.000000000000000000e+00,0.000000000000000000e+00,0.000000000000000000e+00,0.000000000000000000e+00,0.000000000000000000e+00,0.000000000000000000e+00,0.000000000000000000e+00,0.000000000000000000e+00,0.000000000000000000e+00,0.000000000000000000e+00,0.000000000000000000e+00,0.000000000000000000e+00,0.000000000000000000e+00,0.000000000000000000e+00,4.001096045185999033e-03,1.571235725796552019e-03,3.869322877673607637e-04,0.000000000000000000e+00,4.315376528842718450e-05,2.387060557354452723e-04,4.196684486591647188e-04,5.853940890211892234e-04,7.357023672401227224e-04,8.708837477778430406e-04,9.916867356910407261e-04,1.099286113629323715e-03,1.195239763386669700e-03,1.281427509927147513e-03,1.359980481344948925e-03,1.754794415777847973e-03,0.000000000000000000e+00,0.000000000000000000e+00,0.000000000000000000e+00,0.000000000000000000e+00,6.006719975903181824e-05,5.499494526442284034e-04,1.047863883339885619e-03,2.088513588531550492e-03,2.787758608860100781e-03,0.000000000000000000e+00,0.000000000000000000e+00,0.000000000000000000e+00,0.000000000000000000e+00,2.931526936672655291e-04,8.339777124121545114e-04,1.230612449399458037e-03,1.488266923295183605e-03,1.636854289100501654e-03,1.720197978522715245e-03,1.783661324852837526e-03,1.862275822200734838e-03,1.971174079370048311e-03,2.100391178998787644e-03,2.216221958323492600e-03,2.270399999849427412e-03,2.215939386114113008e-03,2.025276553736353111e-03,1.704139280962131513e-03,1.295016372421817523e-03,8.676110482849731451e-04,4.988534481009558120e-04,2.493673550280905982e-04,1.447107904044521096e-04,1.675575696222187869e-04,2.627163372978755262e-04,3.524622434401185962e-04,3.569933776860358230e-04,2.143063176866794983e-04,0.000000000000000000e+00,2.319015517769396377e-05,1.426986891750331714e-04,1.654398560587462422e-04,1.594924289458301192e-04,1.918512877538670566e-04,3.116140024498824075e-04,5.407349817108354165e-04,8.744891518851792339e-04,1.289701912085078556e-03,1.755857873798679237e-03,2.243770058713152795e-03,2.728684830495088816e-03,3.188260689133858537e-03,3.598822569395564337e-03,3.934096586432544659e-03,4.168803898922812494e-03,4.286148093519102226e-03,4.285266859304053509e-03,4.183961127289749851e-03,4.014036860403000055e-03,3.810401643969580504e-03,3.598624286948753741e-03,3.386905075745103716e-03,3.166439752967111464e-03,2.919938243183939960e-03,2.633769396324132147e-03,2.307334173840379019e-03,1.954968174717669222e-03,1.599996117649445972e-03,1.264994439688825034e-03,9.642684633183985169e-04,7.028381475831314883e-04,4.820399385478029222e-04,3.076988287340221831e-04,1.952393533355660114e-04,1.678421036623581265e-04,2.477249825753515423e-04,4.444637419016609584e-04,7.459375041584537106e-04,1.116253768984383108e-03,1.501767702557031420e-03,1.842847085674411897e-03,2.086985125575631459e-03,2.198880728295015286e-03,2.164876500859286377e-03,1.991520437404858523e-03,1.700006311897258454e-03,1.319254612494890483e-03,8.803336955736385796e-04,4.141157405020318735e-04,4.728367179749414059e-05,5.385815927179690189e-03,2.049788894697794888e-03,9.783479022872920445e-04,0.000000000000000000e+00,0.000000000000000000e+00,0.000000000000000000e+00,8.039406919623687557e-04,1.908809843269540377e-03,3.145363385223388757e-03,7.090395936442929481e-03,0.000000000000000000e+00,0.000000000000000000e+00,0.000000000000000000e+00,0.000000000000000000e+00,0.000000000000000000e+00,0.000000000000000000e+00,0.000000000000000000e+00,0.000000000000000000e+00,3.037886654231915229e-04,1.680411861456601944e-03,2.913583366499627927e-03,2.621978553165369482e-03,2.383259851669105450e-03,2.210516090273877826e-03,2.102949961767874767e-03,2.047110926510875822e-03,2.022176474972325021e-03,2.006517294734205120e-03,1.982208354923340778e-03,1.935475858779911853e-03,1.853577786052564100e-03,1.720813869819247518e-03,1.517026883154397147e-03,1.220777007615952937e-03,8.169320925560442405e-04,3.060639806670723689e-04,0.000000000000000000e+00,0.000000000000000000e+00,0.000000000000000000e+00,0.000000000000000000e+00,0.000000000000000000e+00,0.000000000000000000e+00,0.000000000000000000e+00,0.000000000000000000e+00,0.000000000000000000e+00,0.000000000000000000e+00,3.224898101583455429e-04,1.001847253494567505e-03,1.567849651320901141e-03,5.591170924289503782e-03,0.000000000000000000e+00,0.000000000000000000e+00,0.000000000000000000e+00,0.000000000000000000e+00,0.000000000000000000e+00,0.000000000000000000e+00,0.000000000000000000e+00,0.000000000000000000e+00,0.000000000000000000e+00,0.000000000000000000e+00,3.050548293339344500e-04,7.660738545402564093e-04,1.177583920522168315e-03,1.528931618822421991e-03,1.829184455166269234e-03,2.107856656147849127e-03,2.407349314391881052e-03,2.769320578891210170e-03,3.219324522341047556e-03,3.754392831382854113e-03,4.337259618694684453e-03,4.899249647716231830e-03,5.352023473258932067e-03,5.606356390882067872e-03,5.594032673793615171e-03,5.287192768155331464e-03,4.709117399013966476e-03,3.932214820070608491e-03,3.062814834757875311e-03,2.216898110158237699e-03,1.741787961046650313e-03,1.653270392643473811e-03,1.225206608084773675e-03,1.106452143518502594e-03,1.172571860154292701e-03,1.229547607249430316e-03,1.278151873580994592e-03,1.319465211609812706e-03,1.354842580797968295e-03,1.385875125922354095e-03,1.414340570508657502e-03,1.442150988324651618e-03,1.471294865447226631e-03,1.503775209049846174e-03,1.541552337432074756e-03,1.586482350469429255e-03,2.159772349087577762e-03,2.603235987160855847e-03,2.907666510233707872e-03,3.108505832054454972e-03,0.000000000000000000e+00,0.000000000000000000e+00,0.000000000000000000e+00,0.000000000000000000e+00,0.000000000000000000e+00,0.000000000000000000e+00,2.343322483017131396e-04,9.359504868344979082e-04,1.775299014242396039e-03,2.711947387534443480e-03,4.712428812999549903e-03,0.000000000000000000e+00,0.000000000000000000e+00,0.000000000000000000e+00,0.000000000000000000e+00,0.000000000000000000e+00,0.000000000000000000e+00,0.000000000000000000e+00,0.000000000000000000e+00,0.000000000000000000e+00,0.000000000000000000e+00,0.000000000000000000e+00,0.000000000000000000e+00,0.000000000000000000e+00,0.000000000000000000e+00,0.000000000000000000e+00,0.000000000000000000e+00,0.000000000000000000e+00,0.000000000000000000e+00,0.000000000000000000e+00,0.000000000000000000e+00,0.000000000000000000e+00,0.000000000000000000e+00,0.000000000000000000e+00,0.000000000000000000e+00,0.000000000000000000e+00,0.000000000000000000e+00,0.000000000000000000e+00,0.000000000000000000e+00,0.000000000000000000e+00,0.000000000000000000e+00,0.000000000000000000e+00,0.000000000000000000e+00,4.408984961800661156e-04,1.344066294269156232e-03,2.257580751273683371e-03,3.095239834649096428e-03,3.782086732342048157e-03,4.268125535348158382e-03,4.536718063441966438e-03,4.605823840595626301e-03,0.000000000000000000e+00,0.000000000000000000e+00,0.000000000000000000e+00,0.000000000000000000e+00,0.000000000000000000e+00,0.000000000000000000e+00,0.000000000000000000e+00,0.000000000000000000e+00,6.390206719702225117e-05,5.887500063356330537e-04,1.035851726472031796e-03,1.409515259221372522e-03,1.043125499699518698e-02,0.000000000000000000e+00,0.000000000000000000e+00,0.000000000000000000e+00,0.000000000000000000e+00,0.000000000000000000e+00,0.000000000000000000e+00,0.000000000000000000e+00,0.000000000000000000e+00,0.000000000000000000e+00,0.000000000000000000e+00,0.000000000000000000e+00,0.000000000000000000e+00,0.000000000000000000e+00,0.000000000000000000e+00,0.000000000000000000e+00,0.000000000000000000e+00,0.000000000000000000e+00,0.000000000000000000e+00,0.000000000000000000e+00,3.222811363674093891e-04,8.327420055364087104e-04,1.161418562210880497e-03,1.298841425813062559e-03,1.256196996890812309e-03,3.451623209239776131e-03,0.000000000000000000e+00,0.000000000000000000e+00,1.816955505654112421e-04,1.912691789533827640e-03,0.000000000000000000e+00,0.000000000000000000e+00,0.000000000000000000e+00,0.000000000000000000e+00,0.000000000000000000e+00,0.000000000000000000e+00,1.716434466001817835e-03,0.000000000000000000e+00,2.108267277333877149e-04,1.401030457569650296e-03,2.593038048439117067e-03,3.650138340610293262e-03,4.444388419083731764e-03,4.879364132868066126e-03,4.909440219606714048e-03,0.000000000000000000e+00,0.000000000000000000e+00,0.000000000000000000e+00,0.000000000000000000e+00,0.000000000000000000e+00,0.000000000000000000e+00,2.955759373636891659e-05,1.849681481128041208e-03,2.911747376003129685e-04,4.074617336664822969e-04,5.098418520912571719e-04,5.953067305596758873e-04,6.610676338920828043e-04,7.046223244524354220e-04,0.000000000000000000e+00,0.000000000000000000e+00,0.000000000000000000e+00,0.000000000000000000e+00,0.000000000000000000e+00,0.000000000000000000e+00,1.020114598647876576e-04,4.737901123973905235e-04,8.660610495277434526e-04,1.288505259140310458e-03,1.732717431504954319e-03,2.167650099547470226e-03,2.543022683330971919e-03,2.799807052833730523e-03,2.884322723964539720e-03
0.000000000000000000e+00,0.000000000000000000e+00,0.000000000000000000e+00,0.000000000000000000e+00,0.000000000000000000e+00,0.000000000000000000e+00,0.000000000000000000e+00,0.000000000000000000e+00,0.000000000000000000e+00,0.000000000000000000e+00,0.000000000000000000e+00,0.000000000000000000e+00,0.000000000000000000e+00,0.000000000000000000e+00,0.000000000000000000e+00,0.000000000000000000e+00,0.000000000000000000e+00,0.000000000000000000e+00,0.000000000000000000e+00,0.000000000000000000e+00,2.261826214889508353e-04,1.774373680892851312e-03,3.388395686756201161e-03,4.979478444017962878e-03,0.000000000000000000e+00,0.000000000000000000e+00,0.000000000000000000e+00,0.000000000000000000e+00,0.000000000000000000e+00,0.000000000000000000e+00,0.000000000000000000e+00,0.000000000000000000e+00,0.000000000000000000e+00,0.000000000000000000e+00,0.000000000000000000e+00,0.000000000000000000e+00,0.000000000000000000e+00,0.000000000000000000e+00,0.000000000000000000e+00,0.000000000000000000e+00,1.734781069600867297e-03,5.577148704247074157e-04,4.949378887874096231e-03,0.000000000000000000e+00,0.000000000000000000e+00,0.000000000000000000e+00,0.000000000000000000e+00,0.000000000000000000e+00,0.000000000000000000e+00,0.000000000000000000e+00,0.000000000000000000e+00,0.000000000000000000e+00,0.000000000000000000e+00,0.000000000000000000e+00,0.000000000000000000e+00,0.000000000000000000e+00,0.000000000000000000e+00,0.000000000000000000e+00,0.000000000000000000e+00,1.855293436568078230e-04,8.662831739316990401e-04,1.378131436890996575e-03,1.691791787054544149e-03,1.808670779317418827e-03,1.755720504459434188e-03,1.577690494048722370e-03,1.327461356872964605e-03,1.054949300042958482e-03,7.960357024774300169e-04,1.045821343539748679e-03,1.258853993556714864e-03,1.297284641853946405e-03,1.141963698908083063e-03,8.002505162887570437e-04,3.121895627257904328e-04,0.000000000000000000e+00,0.000000000000000000e+00,0.000000000000000000e+00,0.000000000000000000e+00,0.000000000000000000e+00,2.289601812137162637e-04,1.209724186848622858e-03,2.329785188602784447e-03,3.505257187686160788e-03,0.000000000000000000e+00,0.000000000000000000e+00,0.000000000000000000e+00,0.000000000000000000e+00,0.000000000000000000e+00,0.000000000000000000e+00,0.000000000000000000e+00,0.000000000000000000e+00,0.000000000000000000e+00,0.000000000000000000e+00,0.000000000000000000e+00,0.000000000000000000e+00,0.000000000000000000e+00,0.000000000000000000e+00,0.000000000000000000e+00,0.000000000000000000e+00,0.000000000000000000e+00,0.000000000000000000e+00,0.000000000000000000e+00,0.000000000000000000e+00,0.000000000000000000e+00,0.000000000000000000e+00,0.000000000000000000e+00,0.000000000000000000e+00,0.000000000000000000e+00,0.000000000000000000e+00,0.000000000000000000e+00,0.000000000000000000e+00,0.000000000000000000e+00,0.000000000000000000e+00,0.000000000000000000e+00,0.000000000000000000e+00,0.000000000000000000e+00,0.000000000000000000e+00,0.000000000000000000e+00,0.000000000000000000e+00,0.000000000000000000e+00,0.000000000000000000e+00,6.188298940114332364e-04,1.563867435054103888e-03,5.171883277960776307e-04,5.948418833095164924e-04,8.283309948440101831e-04,1.150065168989324298e-03,1.480550259146925455e-03,1.839618944404499377e-03,0.000000000000000000e+00,0.000000000000000000e+00,0.000000000000000000e+00,0.000000000000000000e+00,0.000000000000000000e+00,0.000000000000000000e+00,0.000000000000000000e+00,0.000000000000000000e+00,0.000000000000000000e+00,0.000000000000000000e+00,0.000000000000000000e+00,0.000000000000000000e+00,1.827616180679968009e-04,4.199737581712553497e-04,6.649674384686163732e-04,9.197350394855148764e-04,0.000000000000000000e+00,0.000000000000000000e+00,0.000000000000000000e+00,0.000000000000000000e+00,0.000000000000000000e+00,8.786080372493452247e-04,1.884584523804365246e-03,0.000000000000000000e+00,0.000000000000000000e+00,0.000000000000000000e+00,0.000000000000000000e+00,0.000000000000000000e+00,0.000000000000000000e+00,0.000000000000000000e+00,0.000000000000000000e+00,6.715915254480705262e-05,1.843789672850008649e-04,9.706992234343503377e-04,1.464351048242813194e-03,1.616515009202610905e-03,1.431739272585361633e-03,9.637556727071152230e-04,3.018323432196733103e-04,0.000000000000000000e+00,0.000000000000000000e+00,0.000000000000000000e+00,0.000000000000000000e+00,0.000000000000000000e+00,0.000000000000000000e+00,0.000000000000000000e+00,0.000000000000000000e+00,0.000000000000000000e+00,1.890511621931768339e-04,1.163701789925565121e-03,2.106564602443786703e-03,2.929150664229052126e-03,3.559047037142884767e-03,0.000000000000000000e+00,0.000000000000000000e+00,0.000000000000000000e+00,7.964793718211607768e-04,1.819579368591840631e-03,0.000000000000000000e+00,0.000000000000000000e+00,0.000000000000000000e+00,0.000000000000000000e+00,0.000000000000000000e+00,0.000000000000000000e+00,0.000000000000000000e+00,0.000000000000000000e+00,3.485450060873550846e-04,1.083900544319447209e-03,1.516515674727691651e-03,1.597898657463467072e-03,1.335797609105342015e-03,7.911597743755311926e-04,6.424860502361239912e-05,0.000000000000000000e+00,0.000000000000000000e+00,0.000000000000000000e+00,0.000000000000000000e+00,0.000000000000000000e+00,0.000000000000000000e+00,0.000000000000000000e+00,0.000000000000000000e+00,0.000000000000000000e+00,6.722887712221609470e-04,1.295228719385321326e-03,1.756305379571640067e-03,1.953575719075458395e-03,1.816102764260996713e-03,1.327223907202805487e-03,5.353996570670225240e-04,0.000000000000000000e+00,0.000000000000000000e+00,0.000000000000000000e+00,0.000000000000000000e+00,0.000000000000000000e+00,0.000000000000000000e+00,0.000000000000000000e+00,0.000000000000000000e+00,0.000000000000000000e+00,0.000000000000000000e+00,0.000000000000000000e+00,0.000000000000000000e+00,0.000000000000000000e+00,0.000000000000000000e+00,1.635374420235875760e-04,4.764829061738860057e-04,7.367733122638327669e-04,9.432494910203539961e-04,1.096690846992659160e-03,1.201686217684348182e-03,1.267016710308471045e-03,1.304641859684665299e-03,1.776659978098360645e-03,2.355009972989605908e-03,2.784573149001159757e-03,3.058364400181638309e-03,3.175438608235072596e-03,3.142935609521106677e-03,2.978602945575341450e-03,2.711245321434279081e-03,2.377641997571871679e-03,2.016506581185185422e-03,1.661757545530085983e-03,1.337719768926195953e-03,1.057904797912101761e-03,8.273473643669170419e-04,6.470803708464062821e-04,5.186849411680224736e-04,4.470902726375299333e-04,4.405905419811388776e-04,5.080520807300858586e-04,6.542509903154122407e-04,8.749756206637516803e-04,1.153809153898780870e-03,1.462200512308915431e-03,1.763470288384625263e-03,2.019983901215874865e-03,2.201320811550768961e-03,2.290581821629609702e-03,2.286505536989231601e-03,2.200742835532279104e-03,2.051731876861009798e-03,1.858044603987215812e-03,1.634050693720351952e-03,1.389331389764828211e-03,1.131251261578243876e-03,8.685968831683956370e-04,7.171277142329461358e-04,6.249678645428154112e-04,5.567418970512054812e-04,4.826488909582574388e-04,3.666301419302222457e-04,1.760298838002931408e-04,0.000000000000000000e+00,0.000000000000000000e+00,0.000000000000000000e+00,0.000000000000000000e+00,0.000000000000000000e+00,0.000000000000000000e+00,0.000000000000000000e+00,0.000000000000000000e+00,0.000000000000000000e+00,0.000000000000000000e+00,0.000000000000000000e+00,0.000000000000000000e+00,0.000000000000000000e+00,2.619914699832127675e-04,1.214364975644125497e-03,1.841968513418765219e-03,2.044382930349100680e-03,1.802278279254651561e-03,1.181994170503360359e-03,3.216332053991728104e-04,0.000000000000000000e+00,0.000000000000000000e+00,0.000000000000000000e+00,0.000000000000000000e+00,0.000000000000000000e+00,0.000000000000000000e+00,8.159979271289896700e-06,1.147190914313479717e-03,2.286374647507493241e-03,3.286497565018936355e-03,6.585322242065839819e-03,0.000000000000000000e+00,0.000000000000000000e+00,0.000000000000000000e+00,0.000000000000000000e+00,0.000000000000000000e+00,1.736671790257630346e-04,1.492759961538657042e-03,2.904449200779017030e-03,2.716410738289322738e-03,0.000000000000000000e+00,0.000000000000000000e+00,0.000000000000000000e+00,0.000000000000000000e+00,0.000000000000000000e+00,0.000000000000000000e+00,5.559578146808184015e-04,1.154420133555416993e-04,1.526439733773409641e-04,1.992039223866289466e-04,2.541103054380378090e-04,3.163570631094274809e-04,3.849439117409957480e-04,4.588779962791035994e-04,5.371730888096368922e-04,6.188453764598197265e-04,7.029112840441746482e-04,7.883849325048401021e-04,8.742753137086960516e-04,9.595855475724891911e-04,1.043316161246552647e-03,1.124465820573428056e-03,1.202039204874084076e-03,1.275055046799544040e-03,1.342555757018475083e-03,2.359472617553983256e-03,3.254299034971366075e-03,1.503018771782221310e-03,0.000000000000000000e+00,0.000000000000000000e+00,0.000000000000000000e+00,0.000000000000000000e+00,0.000000000000000000e+00,0.000000000000000000e+00,0.000000000000000000e+00,0.000000000000000000e+00,0.000000000000000000e+00,0.000000000000000000e+00,0.000000000000000000e+00,0.000000000000000000e+00,0.000000000000000000e+00,0.000000000000000000e+00,3.141651083109849485e-04,8.218389442988832021e-04,1.226741387141343231e-03,1.513123079340733101e-03,1.670210760832614022e-03,1.695541829377851181e-03,1.596924621856108490e-03,0.000000000000000000e+00,0.000000000000000000e+00,0.000000000000000000e+00,0.000000000000000000e+00,0.000000000000000000e+00,9.713768921220903175e-04,7.464904771023797830e-05,1.031072073377507694e-03,1.867190987474474928e-03,2.568846555025026870e-03,3.132551993086950693e-03,3.559263119156425188e-03,3.850883282228018123e-03,4.011083353801067793e-03,4.049613566032868664e-03,3.987128919721544089e-03,3.856855404702278813e-03,3.700683067641277312e-03,3.560020706578251749e-03,3.464567658246934384e-03,3.423569307007246453e-03,3.423271932361844280e-03,3.431608333880498823e-03,3.750556383913702420e-03,4.489418964771534591e-03,5.028052181042467345e-03,5.346865139944766837e-03,5.426852532023925153e-03,5.251319649141790620e-03
9.694191584851674201e-08,0.000000000000000000e+00,0.000000000000000000e+00,0.000000000000000000e+00,0.000000000000000000e+00,0.000000000000000000e+00,0.000000000000000000e+00,0.000000000000000000e+00,0.000000000000000000e+00,0.000000000000000000e+00,0.000000000000000000e+00,0.000000000000000000e+00,0.000000000000000000e+00,0.000000000000000000e+00,0.000000000000000000e+00,0.000000000000000000e+00,0.000000000000000000e+00,0.000000000000000000e+00,0.000000000000000000e+00,4.737669475616794880e-04,1.192663537242884784e-03,1.899825268946089742e-03,2.517827163996283393e-03,2.970763856021209175e-03,3.198631151372091468e-03,3.171798855023627399e-03,2.901187211206656281e-03,2.440105960596531277e-03,1.875623866304300088e-03,1.310339368536079033e-03,8.385562193738633260e-04,5.231259009680950959e-04,3.796798096016034308e-04,3.733330378150405936e-04,4.294379929184588400e-04,4.556078198430693182e-04,3.684523939590340848e-04,1.167464075604390073e-04,0.000000000000000000e+00,0.000000000000000000e+00,0.000000000000000000e+00,0.000000000000000000e+00,0.000000000000000000e+00,0.000000000000000000e+00,0.000000000000000000e+00,0.000000000000000000e+00,0.000000000000000000e+00,0.000000000000000000e+00,0.000000000000000000e+00,0.000000000000000000e+00,0.000000000000000000e+00,0.000000000000000000e+00,0.000000000000000000e+00,0.000000000000000000e+00,0.000000000000000000e+00,0.000000000000000000e+00,0.000000000000000000e+00,0.000000000000000000e+00,0.000000000000000000e+00,0.000000000000000000e+00,0.000000000000000000e+00,0.000000000000000000e+00,0.000000000000000000e+00,0.000000000000000000e+00,0.000000000000000000e+00,0.000000000000000000e+00,0.000000000000000000e+00,5.188968061340459506e-05,2.003030939710276381e-04,3.387491511183772031e-04,4.659932424225463336e-04,5.810632283392215981e-04,6.832637433984827804e-04,8.168807474883515692e-04,1.944289362077313531e-03,2.797124732674909683e-03,3.335878112541265390e-03,3.557266480269666818e-03,3.489535644946595034e-03,3.182543285243187928e-03,2.696764743024829963e-03,2.094796247017815822e-03,1.436724071521379431e-03,1.027227764278798149e-03,1.014038895739906602e-03,1.000102615243237542e-03,9.871446301285026741e-04,9.768315028304773960e-04,4.776185924618603536e-03,2.004538884057904726e-03,0.000000000000000000e+00,0.000000000000000000e+00,0.000000000000000000e+00,0.000000000000000000e+00,0.000000000000000000e+00,3.749072885972912407e-05,5.211628846236772980e-04,1.016040241150539813e-03,1.510807674595635941e-03,1.989712102274424858e-03,2.431615108267315070e-03,2.811426535389439495e-03,3.104042950516088580e-03,3.289750380417296761e-03,3.359228262922059251e-03,3.316344715976357778e-03,3.177806041407708892e-03,2.970048066216781496e-03,2.724729970811115044e-03,2.474410629015191734e-03,2.249411833219016124e-03,2.075949316159118527e-03,1.974864744384540339e-03,1.960098575496005413e-03,2.036379324014936029e-03,2.196303362735986791e-03,2.417715101168694918e-03,2.662840110938275578e-03,2.880639013152180242e-03,3.013213473536060887e-03,3.005731728212271501e-03,2.817764653030068768e-03,2.432821810268883615e-03,1.863053722024135073e-03,1.147683398520750291e-03,1.177658963409434741e-03,1.618375454712358500e-03,1.916610868227056888e-03,2.007360899963798496e-03,1.863016772903136782e-03,1.500890897753161691e-03,9.793452274832153796e-04,3.832828750166051061e-04,1.964189015025180781e-04,1.284771279371600813e-03,1.716542618895478857e-03,0.000000000000000000e+00,3.875046809918210344e-04,6.827366250319361236e-04,8.261516413916413079e-04,1.665530663015365835e-03,9.207261103361636745e-04,1.048726844419859382e-03,1.319646043745287831e-03,0.000000000000000000e+00,0.000000000000000000e+00,0.000000000000000000e+00,0.000000000000000000e+00,0.000000000000000000e+00,0.000000000000000000e+00,0.000000000000000000e+00,0.000000000000000000e+00,0.000000000000000000e+00,0.000000000000000000e+00,4.291920207903878641e-04,4.632177658200902111e-03,1.890117192690671548e-03,0.000000000000000000e+00,0.000000000000000000e+00,0.000000000000000000e+00,0.000000000000000000e+00,0.000000000000000000e+00,0.000000000000000000e+00,0.000000000000000000e+00,0.000000000000000000e+00,3.789295842321838885e-05,3.892794710223176913e-04,7.745581387461806210e-04,1.193644942416359793e-03,1.637249497484100048e-03,2.086026610725712997e-03,2.512464440885211429e-03,2.885315812180957312e-03,3.175773763067282762e-03,3.364004960427863841e-03,3.444205577733489617e-03,3.561019694962070433e-03,3.918827333966200775e-03,4.039685134540840598e-03,3.918400563822764353e-03,3.577909608650457068e-03,3.060900277549215894e-03,2.421486652917075478e-03,1.999177665021712163e-03,1.546717067211583058e-03,9.926716376916396023e-04,3.628925581316723567e-04,4.664459380650579881e-04,6.252707193051214698e-04,7.720184743407621647e-04,9.059100672450645566e-04,1.026368884002280824e-03,1.463292774356062063e-03,2.126016669277738368e-03,2.655539364565442668e-03,2.955521319836405206e-03,2.956287475986393680e-03,2.624981585878757157e-03,1.971860099563897684e-03,1.500475594658954703e-03,0.000000000000000000e+00,0.000000000000000000e+00,0.000000000000000000e+00,0.000000000000000000e+00,0.000000000000000000e+00,0.000000000000000000e+00,0.000000000000000000e+00,0.000000000000000000e+00,0.000000000000000000e+00,0.000000000000000000e+00,0.000000000000000000e+00,0.000000000000000000e+00,0.000000000000000000e+00,0.000000000000000000e+00,0.000000000000000000e+00,0.000000000000000000e+00,0.000000000000000000e+00,0.000000000000000000e+00,0.000000000000000000e+00,0.000000000000000000e+00,0.000000000000000000e+00,0.000000000000000000e+00,2.696343730353621966e-05,2.740425585941685363e-04,6.276819722843357758e-04,1.082381039875327747e-03,2.724272290141733360e-03,0.000000000000000000e+00,0.000000000000000000e+00,0.000000000000000000e+00,0.000000000000000000e+00,0.000000000000000000e+00,0.000000000000000000e+00,0.000000000000000000e+00,0.000000000000000000e+00,0.000000000000000000e+00,0.000000000000000000e+00,0.000000000000000000e+00,0.000000000000000000e+00,0.000000000000000000e+00,0.000000000000000000e+00,0.000000000000000000e+00,0.000000000000000000e+00,2.725098986295160577e-04,8.800253498270320255e-04,1.579264875053579004e-03,2.286605470356520373e-03,2.903003311781720587e-03,3.336270552239427919e-03,3.520971505165840926e-03,3.429911098805402993e-03,3.074524450191177660e-03,2.495814112490593942e-03,1.750683574126308401e-03,8.991768991131110153e-04,0.000000000000000000e+00,0.000000000000000000e+00,0.000000000000000000e+00,0.000000000000000000e+00,0.000000000000000000e+00,0.000000000000000000e+00,1.464474579105178964e-04,5.591447847677929843e-04,8.403345700920325902e-04,9.892431393994658220e-04,1.039280334571524196e-03,1.048589661298998579e-03,1.082093802597597224e-03,1.190597404160788006e-03,1.394107925066873912e-03,1.675314653467918028e-03,1.985390992752937653e-03,2.259480498141059994e-03,2.435725109362623254e-03,2.471121542550012897e-03,2.349970719239304236e-03,2.084484409779498691e-03,1.710063982593353201e-03,1.278351201517951034e-03,8.497336344179129289e-04,4.851421578528295332e-04,2.365010353216128402e-04,1.365638978010769720e-04,1.910314619875398928e-04,3.769320497699639363e-04,6.498762236513696373e-04,9.592048351532246392e-04,1.265984139496424341e-03,1.556607854034187336e-03,1.845977344293024376e-03,2.168522636529118461e-03,2.560745848376899236e-03,3.042752525740576638e-03,3.606509665042951195e-03,4.215174923595301285e-03,4.812585571710078017e-03,5.337593702620160689e-03,5.736572247486057367e-03,5.969581624022662382e-03,6.009954610785364637e-03,5.840916038755110916e-03,5.454097869675651571e-03,4.852851283116460870e-03,4.059373991747434844e-03,3.121272498707666765e-03,2.755922626590085432e-03,9.110988682506281295e-04,1.956504868255048990e-03,0.000000000000000000e+00,0.000000000000000000e+00,0.000000000000000000e+00,0.000000000000000000e+00,0.000000000000000000e+00,0.000000000000000000e+00,0.000000000000000000e+00,0.000000000000000000e+00,0.000000000000000000e+00,0.000000000000000000e+00,0.000000000000000000e+00,0.000000000000000000e+00,0.000000000000000000e+00,0.000000000000000000e+00,3.814421594132841255e-04,8.291142329627206378e-05,1.040450448014837280e-04,1.350319199485630216e-04,1.892225568864147340e-04,3.417006092616865233e-04,5.576382236800658462e-04,8.684935396730320868e-04,1.903045889825075079e-03,1.892490607784403246e-03,2.612011258883070817e-03,3.418115343135795167e-03,4.230089671739200100e-03,0.000000000000000000e+00,0.000000000000000000e+00,0.000000000000000000e+00,0.000000000000000000e+00,0.000000000000000000e+00,0.000000000000000000e+00,0.000000000000000000e+00,0.000000000000000000e+00,0.000000000000000000e+00,1.160209766065004771e-03,3.167802047174519877e-03,0.000000000000000000e+00,0.000000000000000000e+00,0.000000000000000000e+00,0.000000000000000000e+00,0.000000000000000000e+00,0.000000000000000000e+00,0.000000000000000000e+00,0.000000000000000000e+00,0.000000000000000000e+00,0.000000000000000000e+00,0.000000000000000000e+00,0.000000000000000000e+00,3.147530018047144454e-04,1.159872709315596436e-03,1.956458530132952622e-03,2.595476224424330455e-03,2.989749407236139654e-03,3.096991256320250942e-03,2.929858358637666034e-03,2.549425304525259305e-03,0.000000000000000000e+00,0.000000000000000000e+00,0.000000000000000000e+00,0.000000000000000000e+00,0.000000000000000000e+00,0.000000000000000000e+00,0.000000000000000000e+00,0.000000000000000000e+00,0.000000000000000000e+00,0.000000000000000000e+00,0.000000000000000000e+00,0.000000000000000000e+00,0.000000000000000000e+00,0.000000000000000000e+00,0.000000000000000000e+00,0.000000000000000000e+00,0.000000000000000000e+00,0.000000000000000000e+00,0.000000000000000000e+00,7.204431515799220899e-04,2.696076917662464404e-04,2.629997302472937007e-06,1.089830570905510332e-04,0.000000000000000000e+00,0.000000000000000000e+00,0.000000000000000000e+00,1.922917927848130475e-03,0.000000000000000000e+00,0.000000000000000000e+00,0.000000000000000000e+00,4.394904967240025420e-04,1.230848863869721732e-03,2.026444906769350220e-03,2.746061857704856952e-03
4.895230015908414324e-09,4.296943097478462376e-04,1.364835126683755669e-04,0.000000000000000000e+00,7.523225703277808089e-04,0.000000000000000000e+00,0.000000000000000000e+00,0.000000000000000000e+00,0.000000000000000000e+00,0.000000000000000000e+00,0.000000000000000000e+00,0.000000000000000000e+00,0.000000000000000000e+00,0.000000000000000000e+00,0.000000000000000000e+00,0.000000000000000000e+00,0.000000000000000000e+00,0.000000000000000000e+00,0.000000000000000000e+00,0.000000000000000000e+00,0.000000000000000000e+00,0.000000000000000000e+00,0.000000000000000000e+00,0.000000000000000000e+00,0.000000000000000000e+00,0.000000000000000000e+00,4.062890807051863887e-05,1.560971025741779720e-04,2.720093677508060213e-04,3.868735113691692661e-04,4.992706926894721967e-04,6.078709563736076332e-04,7.114446521979316072e-04,8.088671920583410252e-04,8.991201494161105579e-04,9.812859603410854434e-04,1.054540449998636739e-03,1.118143942757759491e-03,1.171430245005111248e-03,1.213798025119908848e-03,1.244703136453454220e-03,1.263656932119231347e-03,1.270226535893160527e-03,1.264042350974168508e-03,1.244811278077145042e-03,1.649067344823612093e-03,2.572516359373906887e-03,3.353068860168418111e-03,3.892662169979477400e-03,4.131694760567603680e-03,4.061783402460260664e-03,3.726881126421320058e-03,3.212334966220753863e-03,2.624912823246386504e-03,2.069281731456490935e-03,1.627102989495897390e-03,1.343598303776914315e-03,1.223763389026835159e-03,1.237407325354107634e-03,1.330068116499354657e-03,1.436235671578005345e-03,1.492037905917011640e-03,1.445834129922176541e-03,1.266101880835422558e-03,9.462132137230034896e-04,1.028653291794178479e-03,1.420707261906288760e-03,1.724984221817146184e-03,1.878290443799762906e-03,1.826780644660733286e-03,1.534922554470931171e-03,9.928998629861493334e-04,2.217449044097086197e-04,0.000000000000000000e+00,0.000000000000000000e+00,0.000000000000000000e+00,3.419429743076398299e-05,2.147545576197635393e-04,4.029920019704832587e-04,8.296131598316065954e-04,1.382210888011702402e-03,1.861272591691313536e-03,2.208546082709878042e-03,2.376322052547407988e-03,2.337527660954773819e-03,2.089971977042819843e-03,1.908841294512766268e-03,2.071086359262672757e-03,2.253409893373008871e-03,2.368430457330947779e-03,1.468580767725050562e-04,3.375924384726327709e-04,5.067842361482865045e-04,6.036474212374077098e-04,5.999001697366768615e-04,4.933974523215154404e-04,3.074530559834722106e-04,8.499745286606528560e-05,0.000000000000000000e+00,0.000000000000000000e+00,0.000000000000000000e+00,0.000000000000000000e+00,0.000000000000000000e+00,9.358911444811945338e-05,5.630812011791780239e-04,2.071559166879015541e-03,3.367089955465902337e-03,4.360637063962086168e-03,5.004742972796282288e-03,5.299071372693802719e-03,5.287227853939188704e-03,5.045860787767663704e-03,4.668677971066443819e-03,4.248815514270935269e-03,3.862972490364244543e-03,0.000000000000000000e+00,0.000000000000000000e+00,1.914176205651762727e-04,1.003123830500637090e-03,0.000000000000000000e+00,0.000000000000000000e+00,0.000000000000000000e+00,0.000000000000000000e+00,0.000000000000000000e+00,0.000000000000000000e+00,0.000000000000000000e+00,1.941835932640060278e-03,0.000000000000000000e+00,2.566644021415362517e-04,0.000000000000000000e+00,0.000000000000000000e+00,0.000000000000000000e+00,0.000000000000000000e+00,0.000000000000000000e+00,0.000000000000000000e+00,0.000000000000000000e+00,0.000000000000000000e+00,0.000000000000000000e+00,2.076062004984581316e-04,0.000000000000000000e+00,0.000000000000000000e+00,0.000000000000000000e+00,0.000000000000000000e+00,0.000000000000000000e+00,0.000000000000000000e+00,0.000000000000000000e+00,0.000000000000000000e+00,0.000000000000000000e+00,0.000000000000000000e+00,0.000000000000000000e+00,0.000000000000000000e+00,1.579359002417071603e-04,2.958683636056512510e-04,1.707567087182084581e-05,0.000000000000000000e+00,0.000000000000000000e+00,0.000000000000000000e+00,0.000000000000000000e+00,0.000000000000000000e+00,0.000000000000000000e+00,0.000000000000000000e+00,0.000000000000000000e+00,2.873301052970297508e-04,1.408748336875724613e-03,1.539999899082144955e-04,2.915262831516158832e-04,4.191602373734987512e-04,5.354875863903279685e-04,6.393073340543074193e-04,7.296568910786042092e-04,8.058283006958397252e-04,0.000000000000000000e+00,0.000000000000000000e+00,0.000000000000000000e+00,0.000000000000000000e+00,0.000000000000000000e+00,0.000000000000000000e+00,0.000000000000000000e+00,1.004549008288410303e-03,0.000000000000000000e+00,0.000000000000000000e+00,0.000000000000000000e+00,0.000000000000000000e+00,0.000000000000000000e+00,0.000000000000000000e+00,0.000000000000000000e+00,0.000000000000000000e+00,0.000000000000000000e+00,0.000000000000000000e+00,0.000000000000000000e+00,0.000000000000000000e+00,0.000000000000000000e+00,0.000000000000000000e+00,0.000000000000000000e+00,0.000000000000000000e+00,0.000000000000000000e+00,0.000000000000000000e+00,0.000000000000000000e+00,0.000000000000000000e+00,0.000000000000000000e+00,0.000000000000000000e+00,0.000000000000000000e+00,0.000000000000000000e+00,3.821674182324013365e-04,7.459255707374255664e-04,1.054032682407001018e-03,1.293469846926825545e-03,1.463681364560815226e-03,2.373754027470552797e-03,1.634184388840765039e-03,1.650770569535193934e-03,1.619880292698216116e-03,1.532695228123918127e-03,1.383838411395029453e-03,1.208311904520194963e-03,1.140302582689219297e-03,1.042020662545509180e-03,9.806341115862367546e-04,1.008913534507019762e-03,1.144508146545199830e-03,1.358937224711803801e-03,1.581984479651688414e-03,1.721247251204016757e-03,1.690551025782953236e-03,1.437443567185791877e-03,9.602318905169699272e-04,3.087080368368844401e-04,0.000000000000000000e+00,0.000000000000000000e+00,0.000000000000000000e+00,0.000000000000000000e+00,0.000000000000000000e+00,0.000000000000000000e+00,0.000000000000000000e+00,0.000000000000000000e+00,0.000000000000000000e+00,0.000000000000000000e+00,0.000000000000000000e+00,0.000000000000000000e+00,0.000000000000000000e+00,0.000000000000000000e+00,6.458524244998102310e-04,1.481679104703992507e-03,2.304927058140327639e-03,4.993532908602642088e-03,6.812856831086423585e-04,7.392215033574031516e-04,8.001996786975808023e-04,8.625775119157555590e-04,9.245072826675159979e-04,9.839855083922644224e-04,1.038910748384309912e-03,1.087147304268794952e-03,1.126590198850383872e-03,1.155232144678627329e-03,1.171227114694574963e-03,1.172949867304363914e-03,1.159047354203342943e-03,1.128482319603123143e-03,1.080565222113670900e-03,1.014975597653761325e-03,9.317714968311692708e-04,8.313847195076719829e-04,7.146086586760978625e-04,5.825715096773253446e-04,4.367033253987359339e-04,2.786940501473252692e-04,1.104470788642433776e-04,0.000000000000000000e+00,0.000000000000000000e+00,0.000000000000000000e+00,0.000000000000000000e+00,0.000000000000000000e+00,0.000000000000000000e+00,0.000000000000000000e+00,4.395904051050685880e-04,9.056981515549740024e-04,1.222995706506260771e-03,1.402127235920807386e-03,1.463886353182875704e-03,1.429744317146206803e-03,1.314343494152255291e-03,1.122456535070374484e-03,8.513475694286849966e-04,4.975837772256226296e-04,6.578343284079215614e-05,3.878729309134308569e-04,1.037805326551453130e-03,1.642897819078404861e-03,2.132918825766668292e-03,2.443387718680333550e-03,2.525683832703678067e-03,2.355579434657889982e-03,1.938244028793854011e-03,1.308192873078239385e-03,5.238938617572660170e-04,1.166820402243741841e-03,2.024010184584466767e-03,2.794475243222681402e-03,3.431366284537889708e-03,3.912803357161610471e-03,4.240265135718943902e-03,4.430943707354541815e-03,4.506285365127675989e-03,4.480575413706736065e-03,4.353748242015530179e-03,4.111266581486635457e-03,3.731260314158647579e-03,3.196318658902234933e-03,0.000000000000000000e+00,0.000000000000000000e+00,6.113297331510324792e-04,9.939399487165182130e-04,0.000000000000000000e+00,0.000000000000000000e+00,0.000000000000000000e+00,0.000000000000000000e+00,0.000000000000000000e+00,0.000000000000000000e+00,0.000000000000000000e+00,0.000000000000000000e+00,0.000000000000000000e+00,0.000000000000000000e+00,0.000000000000000000e+00,0.000000000000000000e+00,2.885809172522511620e-05,1.382179116370406240e-03,2.741586418531030429e-03,4.009062215057988647e-03,5.089188372318809161e-03,5.907033956902793016e-03,7.667050954368940553e-03,0.000000000000000000e+00,0.000000000000000000e+00,0.000000000000000000e+00,0.000000000000000000e+00,0.000000000000000000e+00,0.000000000000000000e+00,0.000000000000000000e+00,0.000000000000000000e+00,0.000000000000000000e+00,0.000000000000000000e+00,0.000000000000000000e+00,0.000000000000000000e+00,0.000000000000000000e+00,0.000000000000000000e+00,0.000000000000000000e+00,0.000000000000000000e+00,0.000000000000000000e+00,0.000000000000000000e+00,0.000000000000000000e+00,0.000000000000000000e+00,0.000000000000000000e+00,0.000000000000000000e+00,0.000000000000000000e+00,0.000000000000000000e+00,0.000000000000000000e+00,0.000000000000000000e+00,0.000000000000000000e+00,0.000000000000000000e+00,0.000000000000000000e+00,0.000000000000000000e+00,0.000000000000000000e+00,0.000000000000000000e+00,0.000000000000000000e+00,0.000000000000000000e+00,0.000000000000000000e+00,0.000000000000000000e+00,0.000000000000000000e+00,0.000000000000000000e+00,0.000000000000000000e+00,0.000000000000000000e+00,0.000000000000000000e+00,0.000000000000000000e+00,5.666161686607711512e-04,1.616480918600414702e-03,2.438435053742732568e-03,1.083760396841876653e-03,9.807623960633095762e-04,8.696495437309433073e-04,7.520381563049526085e-04,6.296530277239827068e-04,5.043060569068695629e-04,3.778765343987715709e-04,2.522885429777855441e-04,1.294838300812716837e-04,1.139455018108817925e-05,0.000000000000000000e+00,0.000000000000000000e+00,0.000000000000000000e+00,0.000000000000000000e+00,0.000000000000000000e+00,0.000000000000000000e+00,0.000000000000000000e+00,0.000000000000000000e+00,0.000000000000000000e+00,0.000000000000000000e+00,0.000000000000000000e+00,0.000000000000000000e+00,0.000000000000000000e+00
1.051548654043374781e-08,6.850463218748589333e-04,4.817129625074464917e-04,8.643559356916457204e-04,1.281706303719979366e-03,1.693120233209029560e-03,2.066433324612531198e-03,2.378237445191347822e-03,2.611793280891629241e-03,2.754184974076719257e-03,2.794170894960449399e-03,2.721782876028286651e-03,2.530081394230029260e-03,2.218869887842377358e-03,1.799400798709464063e-03,1.298413041731419099e-03,7.593432980970514891e-04,2.387895620120910744e-04,0.000000000000000000e+00,0.000000000000000000e+00,0.000000000000000000e+00,0.000000000000000000e+00,0.000000000000000000e+00,0.000000000000000000e+00,0.000000000000000000e+00,0.000000000000000000e+00,0.000000000000000000e+00,0.000000000000000000e+00,0.000000000000000000e+00,0.000000000000000000e+00,0.000000000000000000e+00,0.000000000000000000e+00,0.000000000000000000e+00,0.000000000000000000e+00,0.000000000000000000e+00,0.000000000000000000e+00,0.000000000000000000e+00,0.000000000000000000e+00,0.000000000000000000e+00,0.000000000000000000e+00,0.000000000000000000e+00,2.491333122995395967e-04,4.929047004021959400e-04,6.691672918174342835e-04,7.573781143948747152e-04,7.494418490265838430e-04,4.234635414946215430e-05,0.000000000000000000e+00,0.000000000000000000e+00,0.000000000000000000e+00,0.000000000000000000e+00,0.000000000000000000e+00,0.000000000000000000e+00,0.000000000000000000e+00,0.000000000000000000e+00,0.000000000000000000e+00,6.465769894049805226e-04,1.702020059589940022e-03,2.926127741009722054e-03,4.249709070746873589e-03,5.587759818358969434e-03,6.847427841287086550e-03,7.937574188361247798e-03,8.779635812907103654e-03,9.318872510258665795e-03,9.533966247567237165e-03,9.442189225566414643e-03,1.127832168627514696e-02,0.000000000000000000e+00,0.000000000000000000e+00,0.000000000000000000e+00,0.000000000000000000e+00,0.000000000000000000e+00,0.000000000000000000e+00,0.000000000000000000e+00,0.000000000000000000e+00,0.000000000000000000e+00,0.000000000000000000e+00,0.000000000000000000e+00,0.000000000000000000e+00,7.495446498579972673e-04,1.534471995833475285e-03,1.892245387888652703e-03,1.805651198251431028e-03,1.343412621206780235e-03,6.472622497588647510e-04,0.000000000000000000e+00,0.000000000000000000e+00,0.000000000000000000e+00,0.000000000000000000e+00,0.000000000000000000e+00,0.000000000000000000e+00,4.350920335873133108e-04,1.111590763419111104e-03,1.708783664911828030e-03,2.182866648147025954e-03,2.529538725788426333e-03,2.767401713790046663e-03,2.917883530774950489e-03,2.991201710234201068e-03,2.983761664506138622e-03,2.886186204861460047e-03,2.695931803922045622e-03,2.426617923620860186e-03,2.108373537766058438e-03,1.778348778167267294e-03,1.465470273821135004e-03,1.176287147024129669e-03,8.883750726985722643e-04,5.547841882760802795e-04,1.189628580515578697e-04,0.000000000000000000e+00,1.507521877451328449e-04,4.667669564384459356e-04,8.306911603377198187e-04,1.261792656575498909e-03,1.784585809347680229e-03,7.037615701028654067e-03,2.516653191407413562e-03,0.000000000000000000e+00,0.000000000000000000e+00,0.000000000000000000e+00,0.000000000000000000e+00,0.000000000000000000e+00,0.000000000000000000e+00,0.000000000000000000e+00,0.000000000000000000e+00,0.000000000000000000e+00,5.510422202173010194e-05,6.156449651214152300e-04,9.457684891097270464e-04,1.063371703197668952e-03,1.011638101713944375e-03,8.520285186216699233e-04,6.530242301516156348e-04,4.771103731893791295e-04,3.692023222548494396e-04,3.492682500589859053e-04,4.105295898725384819e-04,5.230316188080001488e-04,6.411966754994968517e-04,7.135149913286061713e-04,6.926517703170824393e-04,5.445626057605389061e-04,2.553689683999379426e-04,0.000000000000000000e+00,0.000000000000000000e+00,0.000000000000000000e+00,0.000000000000000000e+00,0.000000000000000000e+00,0.000000000000000000e+00,0.000000000000000000e+00,0.000000000000000000e+00,0.000000000000000000e+00,0.000000000000000000e+00,0.000000000000000000e+00,0.000000000000000000e+00,0.000000000000000000e+00,0.000000000000000000e+00,0.000000000000000000e+00,0.000000000000000000e+00,0.000000000000000000e+00,0.000000000000000000e+00,0.000000000000000000e+00,0.000000000000000000e+00,2.670947416095617935e-04,1.062315097091933325e-03,1.782017650126859138e-03,2.357516446427152228e-03,2.738341356930084052e-03,2.898403557831953289e-03,2.836590737825361516e-03,2.572853634653221849e-03,2.141669004883689498e-03,1.584816643257240835e-03,9.451455173464194930e-04,4.095782720965527690e-04,2.241410467750961602e-04,1.216134095756514461e-04,1.116639292889756908e-04,1.758433245692082240e-04,2.715819260422722300e-04,3.448126842203390286e-04,3.482371043225826837e-04,2.596133107213867267e-04,9.361145467818127684e-05,0.000000000000000000e+00,0.000000000000000000e+00,5.957063845743104311e-04,1.518426341550709394e-03,2.394960844828077084e-03,3.175299732550065229e-03,3.819575281915383366e-03,4.298079593168211386e-03,4.590934463248992625e-03,4.688095036143589620e-03,4.589831395004431019e-03,4.307493668221583881e-03,3.864133946978645737e-03,3.294431260962985605e-03,2.643312189062196112e-03,1.962870542292185355e-03,1.307767375109021146e-03,7.562504464249012555e-04,7.768133123870925435e-04,7.828507017304539919e-04,7.737796932675760969e-04,7.493046804394666062e-04,7.094182790706059965e-04,7.088489828733901934e-04,1.318950710059484024e-03,1.995358805353652717e-03,2.637434833395048851e-03,3.131034090571524226e-03,3.371035970811407049e-03,3.286974211451509312e-03,2.863331458864198150e-03,2.147056528017921104e-03,1.239090750919085793e-03,2.723661555365900779e-04,0.000000000000000000e+00,0.000000000000000000e+00,0.000000000000000000e+00,0.000000000000000000e+00,0.000000000000000000e+00,0.000000000000000000e+00,0.000000000000000000e+00,0.000000000000000000e+00,1.513215196463655666e-04,6.898532268929751486e-04,1.169881690740717231e-03,1.581240231872151503e-03,1.926281372815680628e-03,2.214377135316102519e-03,2.457313964496043827e-03,2.666810185436029306e-03,2.854106115463469866e-03,3.030298648099423800e-03,3.205490372391954154e-03,3.385388723501950217e-03,3.565600779485870314e-03,2.802981434857654622e-03,1.795156666511050570e-03,8.646258186282661370e-04,4.991328989040913033e-05,0.000000000000000000e+00,0.000000000000000000e+00,0.000000000000000000e+00,0.000000000000000000e+00,0.000000000000000000e+00,0.000000000000000000e+00,0.000000000000000000e+00,3.407464743290722830e-04,4.666518936807464643e-03,0.000000000000000000e+00,0.000000000000000000e+00,0.000000000000000000e+00,0.000000000000000000e+00,0.000000000000000000e+00,0.000000000000000000e+00,0.000000000000000000e+00,0.000000000000000000e+00,0.000000000000000000e+00,0.000000000000000000e+00,0.000000000000000000e+00,0.000000000000000000e+00,0.000000000000000000e+00,1.782471083530160697e-04,5.856609279261148528e-04,8.641952140744864385e-04,9.894172548857976118e-04,9.501034635032795878e-04,7.521406713679800815e-04,4.219611209728142795e-04,7.218357181714695693e-06,0.000000000000000000e+00,0.000000000000000000e+00,0.000000000000000000e+00,0.000000000000000000e+00,0.000000000000000000e+00,0.000000000000000000e+00,0.000000000000000000e+00,5.679847858828585743e-04,1.280076218587061429e-03,1.962683695504465874e-03,2.543259320100173335e-03,2.964083357382294066e-03,3.186062202973076636e-03,3.188343008714652864e-03,2.965300861937041413e-03,2.522970376051537379e-03,1.876640495365827950e-03,1.050310434566290550e-03,7.757627337723627125e-05,0.000000000000000000e+00,0.000000000000000000e+00,0.000000000000000000e+00,0.000000000000000000e+00,0.000000000000000000e+00,0.000000000000000000e+00,0.000000000000000000e+00,0.000000000000000000e+00,0.000000000000000000e+00,0.000000000000000000e+00,0.000000000000000000e+00,0.000000000000000000e+00,0.000000000000000000e+00,0.000000000000000000e+00,0.000000000000000000e+00,0.000000000000000000e+00,0.000000000000000000e+00,0.000000000000000000e+00,0.000000000000000000e+00,0.000000000000000000e+00,0.000000000000000000e+00,0.000000000000000000e+00,0.000000000000000000e+00,0.000000000000000000e+00,0.000000000000000000e+00,0.000000000000000000e+00,0.000000000000000000e+00,0.000000000000000000e+00,0.000000000000000000e+00,0.000000000000000000e+00,0.000000000000000000e+00,0.000000000000000000e+00,0.000000000000000000e+00,0.000000000000000000e+00,0.000000000000000000e+00,0.000000000000000000e+00,2.152258184348146712e-04,6.855198583281455317e-04,1.099335270954963223e-03,1.416395813248082572e-03,1.596723339466707978e-03,1.610409987616408505e-03,1.446847300933446368e-03,1.121000994345621501e-03,6.745139114634609787e-04,1.704013587224576464e-04,0.000000000000000000e+00,0.000000000000000000e+00,5.474961136762422111e-04,1.111063278006936940e-03,1.419119414890558910e-03,1.466591831835002517e-03,1.273420660939990606e-03,8.866860719163290397e-04,3.782409704102259276e-04,0.000000000000000000e+00,0.000000000000000000e+00,0.000000000000000000e+00,0.000000000000000000e+00,0.000000000000000000e+00,0.000000000000000000e+00,1.539913035714590640e-04,5.983209921970638256e-04,1.221723902157419162e-03,1.999780397036765058e-03,2.885873143790117570e-03,3.817169416657838037e-03,4.719940660532211986e-03,0.000000000000000000e+00,0.000000000000000000e+00,0.000000000000000000e+00,0.000000000000000000e+00,0.000000000000000000e+00,0.000000000000000000e+00,0.000000000000000000e+00,0.000000000000000000e+00,1.112722908335591005e-03,6.540428100511388749e-04,9.830088425801051383e-04,1.150738387988641106e-03,1.173335781558275306e-03,1.090690045779764373e-03,9.511590791605080419e-04,7.942211758419735887e-04,6.372878436915124312e-04,4.716294155948362078e-04,2.690311635198495499e-04,0.000000000000000000e+00,0.000000000000000000e+00,0.000000000000000000e+00,0.000000000000000000e+00,0.000000000000000000e+00,0.000000000000000000e+00,0.000000000000000000e+00,0.000000000000000000e+00,0.000000000000000000e+00,0.000000000000000000e+00,0.000000000000000000e+00,0.000000000000000000e+00,0.000000000000000000e+00,0.000000000000000000e+00,0.000000000000000000e+00,0.000000000000000000e+00,0.000000000000000000e+00,0.000000000000000000e+00,0.000000000000000000e+00
